  0.961181   0.899619   1.188129   0.930465   1.728894   0.699333   0.876072   1.040978   0.977268   0.902655   0.919106   0.579941   1.101098   1.625490   1.309197   1.359045   0.825928   0.954949   0.944248   0.970121
  1.584360   0.595865   0.670153   1.349896   1.301630   1.388223   0.791473   0.776957   1.432926   1.005553   0.544719   1.060180   1.706625   0.982621   0.882331   1.057578   0.665574   1.056852   1.516966   1.285422
  1.901299   0.535050   0.677481   0.866200   1.181918   1.529310   1.273884   0.655957   0.833117   0.984985   0.769252   0.841738   0.881488   0.815042   0.753343   0.912323   1.292043   1.478443   1.670227   0.787318
  1.143971   0.886861   1.416849   1.745193   0.881507   1.292600   1.588485   0.734109   1.134443   0.722937   1.120119   0.680791   0.843393   1.697706   0.583066   1.055673   1.483675   1.849302   2.371060   1.579907
  0.728197   1.993458   1.377960   1.007230   1.252943   0.817924   0.754436   0.808185   1.012920   0.721968   0.739372   0.848108   0.696901   1.234692   0.755344   2.158737   0.851259   0.660469   0.949976   1.337278
  1.257477   1.119073   1.451771   1.905044   0.795100   1.644077   0.890074   1.550265   0.904018   0.819653   0.674574   0.807273   1.126850   0.954888   0.852073   1.432514   0.741351   1.376930   1.721789   0.765206
  1.964142   0.919369   1.318699   1.861849   1.652758   2.103480   1.457383   0.843938   1.322761   2.120901   2.089365   1.345169   1.090013   1.497494   1.409347   2.331157   1.304945   0.950188   1.484648   0.745612
  1.222049   1.930068   1.959249   0.893966   0.938061   0.902995   1.343176   2.061944   1.344252   0.881103   1.091628   1.400752   1.655868   1.362025   1.099430   0.849727   1.967154   1.172508   1.023213   1.860655
  1.784777   1.008910   0.929022   0.983577   1.638980   0.954680   1.741098   1.117746   2.341404   2.164210   1.516930   1.416916   1.125553   1.495168   1.411993   1.007565   1.392692   1.520239   1.093885   1.495322
  1.540330   0.826582   0.862849   1.785172   1.645838   1.906469   1.756143   1.584579   0.996838   2.474012   1.558704   1.730764   1.952914   1.367833   2.249790   0.920068   2.204909   1.734654   1.589062   0.850643
  1.328313   2.449349   1.032644   1.457548   1.472333   1.514721   0.821825   1.786142   0.870933   1.860361   0.981167   1.529291   1.665078   0.938139   1.596215   1.606621   0.878978   1.077363   1.052209   1.179961
  0.969954   1.964563   1.406535   1.277521   1.036789   1.067764   1.069143   2.067148   1.950001   0.961051   2.022597   2.044623   1.965533   1.498279   2.094841   1.587319   1.279932   0.861248   1.054393   1.818306
  1.462686   1.351222   2.072649   1.028013   1.184742   0.909266   1.064902   1.311351   1.005854   1.713656   2.149597   1.093361   1.361182   2.161623   2.154542   1.357145   1.289472   2.161064   1.328452   1.145777
  1.045730   1.978401   1.316098   2.183764   1.279113   1.791440   0.982982   2.437208   1.363847   1.005662   1.432418   1.782104   1.050471   1.015157   1.108443   0.902016   1.670242   1.061835   1.160273   2.012999
  0.808564   1.072280   0.875714   1.324418   0.709325   0.703926   0.844174   1.009678   1.346040   0.567831   1.199311   1.943455   1.050355   1.072005   1.197285   0.668942   1.479476   1.546646   1.250917   0.807428
  0.492558   0.794760   0.952785   1.099482   0.847133   0.773711   0.991626   0.801108   0.727997   0.939586   0.938761   0.842578   1.245957   0.746556   0.863414   0.834293   0.776667   0.934661   0.870553   0.934811
  1.293501   0.916129   0.545534   0.670108   0.909188   1.151022   1.876531   0.573167   1.539595   0.765961   0.669443   0.945139   0.674163   0.756238   1.710273   0.901607   0.771821   1.063091   0.922613   0.950107
  0.940580   0.778313   0.684028   1.262255   0.806585   0.925298   0.551590   0.711720   0.772355   0.600509   0.628198   0.653806   1.065861   0.632358   0.699617   0.760138   0.695311   0.648742   1.015103   0.868327
  0.813046   1.203594   1.022413   1.675081   0.745817   0.725801   0.786459   1.455672   2.190831   1.453176   1.248680   0.711023   1.299458   1.292858   0.918283   0.864479   2.038032   0.511582   1.252248   0.617751
  0.822462   0.806878   0.908113   0.732067   0.729916   0.999972   1.731701   0.897654   0.883759   0.726350   0.843676   0.594182   1.443669   0.746444   0.737088   0.754110   1.447389   0.808271   0.786455   0.692277
  0.587744   0.493438   0.435527   0.721858   0.698320   1.052351   0.694407   0.606838   0.694632   0.534163   0.633671   0.686979   1.058467   0.585332   0.733915   0.508447   0.669627   0.747395   1.111535   0.678745
  0.514488   0.538805   0.533402   0.666214   0.695995   0.656986   0.631258   0.575195   0.720007   0.537580   0.696114   0.639342   1.089224   0.642393   0.739058   0.676837   0.620463   0.491566   0.686273   0.619909
  1.473828   1.223731   2.205949   1.202812   0.682327   0.508604   0.679948   0.711772   0.826687   1.031868   0.783600   0.952780   0.620150   0.780515   0.762997   0.903430   0.670608   0.602969   0.680244   1.087693
  1.261019   0.579957   0.697135   0.999899   0.696951   0.783226   1.802625   1.091488   0.767099   0.960121   0.743517   0.736590   1.566751   0.876631   0.701441   0.805039   0.642542   0.828886   0.826538   0.742348
  0.531283   0.505769   0.443967   0.602455   0.761922   1.591304   0.570763   0.624333   0.659377   0.451402   0.619973   0.632084   0.647046   0.729714   0.475178   0.600749   0.578645   0.608669   0.741568   0.648852
  0.637967   0.497851   0.439654   0.599315   0.431355   0.545438   0.542845   0.575391   0.617072   0.660620   0.551810   0.566133   0.841993   0.683167   0.501336   0.496210   0.571904   0.636220   0.888925   0.625299
  1.192088   1.081794   1.540423   1.580661   1.460728   0.988199   0.425188   0.929468   1.136679   1.031361   0.635071   0.561464   0.881830   0.914079   0.695827   1.228434   0.688932   0.939546   0.956447   0.635495
  0.958052   0.594316   0.868814   0.983491   1.804282   0.533166   1.149701   0.598966   1.473389   0.878102   0.611651   1.223678   0.712144   0.533258   0.548514   0.422127   0.518253   0.626571   0.874250   0.784591
  0.599232   0.515390   0.411960   0.629045   1.093270   0.684894   0.451191   0.574980   0.688145   0.526684   0.547905   0.832928   0.626731   0.505586   0.430808   0.438480   0.575512   0.851228   0.685195   0.692170
  0.488607   0.513173   0.420397   0.604279   0.461453   0.563784   0.425726   0.548027   0.623604   0.454787   0.533486   0.550950   0.648588   0.491171   0.393050   0.443093   0.514524   0.658023   0.672767   0.590249
  0.585643   0.531427   0.871068   0.614087   1.645272   0.756909   1.124339   0.622115   0.981019   1.214753   0.920865   0.671440   1.185642   1.175572   0.600270   1.138193   0.799591   0.597551   0.617065   1.206531
  0.527057   0.524654   0.923529   0.600421   1.080434   0.452599   0.916268   0.607360   0.669264   0.745959   0.676739   0.585706   0.493947   1.186377   1.023039   0.748052   0.955991   0.882347   0.581692   0.551686
  0.424633   0.487646   0.537816   0.611704   0.435430   0.448827   0.466464   0.543788   0.632626   0.450537   0.540987   0.513727   0.730548   0.487919   0.510068   0.592929   0.589431   0.482476   0.587535   0.660295
  0.409931   0.458247   0.427153   0.650733   0.418696   0.415186   0.430790   0.547123   0.855113   0.453981   0.535706   0.544937   0.594200   0.493739   0.446610   0.473695   0.517878   0.482410   0.560216   0.699591
  0.485711   0.742889   0.754747   0.693431   0.502227   0.544443   0.826145   0.546686   0.779353   0.455532   0.635027   0.767004   1.079577   1.517283   0.929371   0.574437   0.820718   0.815345   0.476756   0.629297
  0.415329   0.481824   0.491698   0.631636   0.808340   0.422661   0.602548   0.538848   1.204657   0.571990   0.753992   0.603653   0.794362   1.174578   0.513395   0.507587   0.999357   0.839537   1.018582   0.589420
  0.433197   0.450350   0.452440   0.611322   0.623157   0.414208   0.394365   0.565635   0.807827   0.450922   0.541768   0.497454   0.544777   0.481302   0.399209   0.505000   0.474162   0.500710   0.472791   0.583060
  0.395791   0.457644   0.452196   0.593618   0.444495   0.413569   0.401406   0.546863   0.615811   0.463662   0.534900   0.495418   0.554339   0.481290   0.393185   0.468328   0.479452   0.483167   0.567177   0.550883
  0.423756   0.482186   0.535183   0.564353   0.947897   0.624179   0.476545   0.625521   0.858343   0.667202   0.660811   0.576341   0.594919   0.624723   0.510308   0.460953   0.758022   0.663833   1.608524   0.577056
  0.421723   0.545485   0.645674   0.723364   0.590970   0.633357   0.508592   0.577523   1.036372   0.531909   0.531422   0.930968   0.681548   0.716902   0.431369   0.442624   0.613798   0.598190   0.608422   1.086604
  0.387458   0.438538   0.431883   0.579947   0.472724   0.474876   0.399657   0.535316   0.918464   0.467510   0.576658   0.445665   0.480937   0.490154   0.398796   0.464773   0.471225   0.487987   0.791282   0.488538
  0.386764   0.446664   0.418762   0.587028   0.448709   0.491080   0.396307   0.533976   0.796230   0.493731   0.540772   0.578716   0.457282   0.480257   0.393516   0.425456   0.476503   0.459196   0.481286   0.509837
  0.453695   0.435458   0.563830   0.591690   0.672450   0.740068   0.383938   0.491688   2.127786   0.619017   0.607588   0.723118   0.397323   0.907221   0.429105   0.457652   0.915415   0.579252   0.891571   0.483532
  0.408056   0.499288   0.402913   0.510704   0.456917   1.342641   0.484692   0.605256   0.762299   0.640216   0.497723   0.571098   0.406279   0.506950   0.409595   0.483783   0.712352   0.470015   0.633478   0.880260
  0.407560   0.443363   0.400318   0.580201   0.433590   0.450804   0.390143   0.568206   0.780436   0.453819   0.534153   0.434086   0.397933   0.473702   0.400815   0.432680   0.492045   0.462281   0.557992   0.520693
  0.424088   0.446727   0.395104   0.505289   0.419183   0.422890   0.397089   0.495000   1.030660   0.446977   0.484949   0.445201   0.399323   0.475205   0.395760   0.418139   0.475803   0.475505   0.475575   0.476567
  0.737561   0.769840   0.396715   0.754310   0.550629   0.687313   0.415740   0.780013   0.650222   0.441726   0.637230   0.978574   0.896324   1.318537   0.397240   0.417228   0.554599   0.482917   1.096415   1.628004
  0.388740   0.466170   0.426552   0.540028   0.515227   0.406195   0.408080   0.832529   0.670768   0.468938   0.594231   0.434191   0.438047   0.512618   0.402395   0.499974   0.480927   0.464668   0.743680   0.515675
  0.382466   0.440356   0.393448   0.522933   0.435466   0.414110   0.385181   0.508626   0.625882   0.445738   0.481699   0.423949   0.414629   0.481041   0.396841   0.437890   0.477272   0.470398   0.513103   0.472700
  0.382762   0.438191   0.394422   0.503349   0.417742   0.421312   0.388647   0.495588   0.736188   0.446230   0.484638   0.423232   0.399243   0.470398   0.389971   0.420324   0.470399   0.451312   0.431396   0.467720
  0.386940   0.546304   0.463607   1.002574   0.446555   0.540588   0.460375   0.501206   0.594960   0.472662   0.552975   1.126381   0.737660   0.498483   0.451167   0.430450   0.660011   0.482438   0.787192   0.798175
  0.447312   0.622566   0.415657   0.456681   0.417541   0.414112   0.511875   0.462348   0.651194   0.488270   0.476780   0.406628   0.445690   0.456986   0.415102   0.405787   0.593151   0.573169   0.542547   1.056050
  0.395866   0.435722   0.401107   0.472511   0.419633   0.423359   0.388831   0.423416   0.670948   0.442584   0.503083   0.476662   0.466054   0.612892   0.390355   0.397678   0.474425   0.497269   0.419173   0.465308
  0.407599   0.421175   0.394683   0.513336   0.421149   0.406511   0.383766   0.404389   0.604538   0.441936   0.474058   0.425161   0.424464   0.465285   0.392683   0.415602   0.472169   0.473232   0.427123   0.463576
  0.548216   0.408914   0.545139   0.467001   0.426671   0.435519   0.425264   1.397084   0.660410   0.445416   0.480235   0.603257   0.596097   1.500974   0.395104   0.415452   0.592110   0.546177   0.467591   0.456903
  0.424024   0.416305   0.478786   0.465857   0.402287   0.399357   0.409751   0.728324   0.590151   0.459048   0.471712   0.489203   0.404398   0.641683   0.395336   0.412406   0.474158   0.463477   0.496532   0.625849
  0.402346   0.432557   0.411334   0.471217   0.409981   0.402910   0.387160   0.410791   0.621816   0.443576   0.473805   0.379912   0.430243   0.475234   0.391825   0.450404   0.470362   0.461602   0.443999   0.640068
  0.388039   0.412577   0.401129   0.463950   0.406419   0.405055   0.383792   0.401260   0.580624   0.443170   0.475574   0.408552   0.400925   0.486605   0.390091   0.404762   0.476123   0.453203   0.432778   0.455528
  0.392226   0.432535   0.421898   0.473666   0.447646   0.475254   0.387117   0.498712   0.610207   0.448878   0.612068   1.060859   0.519410   0.780665   0.390144   0.832882   0.459458   0.453869   0.542445   0.944066
  0.387832   0.413540   0.394511   0.640483   0.427941   0.411370   0.382447   0.730993   0.592367   0.436293   0.530507   0.627108   0.441531   0.540544   0.391248   0.403847   0.462938   0.480854   0.471258   0.509509
  0.382238   0.414056   0.402271   0.562164   0.431079   0.395725   0.382783   0.395150   0.625908   0.435558   0.483840   0.380879   0.399497   0.470187   0.389700   0.405212   0.447929   0.455764   0.409767   0.462131
  0.387947   0.411696   0.391199   0.481964   0.427223   0.395532   0.381596   0.391572   0.615149   0.437480   0.470337   0.380496   0.397101   0.456164   0.391575   0.399600   0.454573   0.462381   0.411383   0.484506
  0.391783   0.406229   0.396178   0.623484   0.477009   0.394645   0.405747   0.936645   0.708978   0.439584   0.491378   0.902822   0.413853   0.549683   0.390797   0.424901   0.483357   0.469757   0.526223   0.593046
  0.388160   0.424050   0.394875   0.473121   0.410005   0.411448   0.381192   0.426622   0.669687   0.436105   0.470454   0.419596   0.398990   0.471547   0.394317   0.398985   0.453851   0.458262   0.403501   0.897369
  0.382497   0.408372   0.392075   0.471707   0.411068   0.410971   0.380254   0.386222   0.577183   0.435650   0.470414   0.380749   0.397779   0.447892   0.390062   0.396944   0.452183   0.459312   0.403539   0.481930
  0.383361   0.405425   0.392466   0.442807   0.406656   0.395290   0.380397   0.386033   0.589595   0.435255   0.472809   0.380110   0.395553   0.442751   0.391334   0.396625   0.453689   0.452028   0.413946   0.471408
  0.384820   0.422711   0.392465   0.500294   0.414775   0.405810   0.380702   1.817332   0.772857   0.438737   0.530817   0.788028   0.405667   0.558307   0.391085   0.451887   0.445778   0.450893   0.447061   0.767935
  0.387804   0.412386   0.390686   0.445158   0.406892   0.437625   0.396421   0.474334   0.707264   0.435708   0.515398   0.720292   0.395504   0.475398   0.388607   0.434906   0.444656   0.462897   0.446025   0.795110
  0.385431   0.407508   0.388533   0.442875   0.405914   0.400631   0.383483   0.393749   0.607754   0.435607   0.505508   0.400507   0.401540   0.441047   0.388931   0.406108   0.441304   0.452184   0.427994   0.459224
  0.381127   0.410114   0.390768   0.448707   0.399826   0.399140   0.385993   0.382903   0.577976   0.434878   0.472858   0.382876   0.392391   0.446060   0.389338   0.393403   0.426472   0.457685   0.402760   0.432171
  0.387266   0.441494   0.407882   0.460422   0.408581   0.389904   0.382126   0.605750   0.573072   0.436015   0.479113   0.381745   0.395900   0.499679   0.390308   0.527854   0.387323   0.455442   0.446850   0.551621
  0.383026   0.403022   0.399336   0.439028   0.411354   0.391210   0.380552   0.413524   0.603841   0.434807   0.471433   0.414165   0.394380   0.640882   0.391125   0.468353   0.401975   0.460159   0.429877   0.531824
  0.388594   0.405305   0.389023   0.443933   0.401473   0.398406   0.379298   0.386171   0.567448   0.434950   0.470734   0.438245   0.394526   0.485713   0.388593   0.399689   0.412860   0.454069   0.403770   0.432164
  0.384242   0.406498   0.389200   0.439392   0.400349   0.395169   0.379569   0.383589   0.569266   0.795515   0.471294   0.412691   0.392501   0.440664   0.389964   0.394873   0.386406   0.448518   0.406712   0.428497
  0.395189   0.403638   0.396422   0.523491   0.400572   0.391687   0.412658   1.422213   0.606176   0.710125   0.530257   0.397181   0.395388   0.476646   1.016763   0.420872   0.399609   0.456613   0.506491   0.545193
  0.390517   0.412638   0.388268   0.519906   0.401043   0.389131   0.384058   0.693141   0.569138   1.461028   0.475294   0.381520   0.392602   0.536108   1.619622   0.424591   0.405568   0.449765   0.428339   0.652583
  0.786434   0.409860   0.391202   0.505365   0.400499   0.394697   0.381781   0.385335   0.583368   0.626485   0.479474   0.384017   0.393139   0.442017   0.723799   0.402912   0.391082   0.450597   0.400502   0.429134
  0.931897   0.404093   0.388576   0.451057   0.400159   0.390890   0.380500   0.383887   0.636519   1.196374   0.472560   0.381138   0.390879   0.441833   1.212593   0.392856   0.389369   0.457552   0.403229   0.428170
  0.462419   0.405986   0.389197   0.442504   0.399729   0.400773   0.382784   1.005197   0.650674   0.628376   0.479322   0.394022   0.401570   0.577295   0.668111   0.407928   0.401489   0.458993   0.422007   1.048402
  0.749419   0.406509   0.393870   0.429587   0.400413   0.400360   0.379825   0.409634   0.577992   1.060203   0.475739   0.384183   0.401696   0.462241   0.936170   0.394514   0.529336   0.458582   0.408342   0.549031
  0.715112   0.404261   0.391910   0.438717   0.400098   0.389560   0.378797   0.383784   0.581492   1.818578   0.472216   0.382997   0.390579   0.449517   0.910348   0.392557   0.411126   0.611007   0.400559   0.426517
  0.916633   0.402211   0.757639   0.428353   0.400156   0.389718   0.378601   0.379989   0.585881   1.520800   0.471443   0.380859   0.391992   0.441609   1.270137   0.392832   0.388990   0.762266   0.400913   0.428024
  0.848894   0.407367   0.991460   0.433451   0.860824   0.388081   0.382813   0.743883   0.587650   1.165128   0.476248   0.386252   0.395739   0.450795   1.701982   0.419775   0.393387   1.520608   0.449211   0.471206
  1.850585   0.407941   0.764676   0.453345   0.639959   0.393282   0.378930   0.409121   0.567188   1.562695   0.470062   0.389909   0.393463   0.435592   1.929585   0.398177   0.394170   0.699784   0.419075   0.420680
  2.012761   0.402361   2.003496   0.430945   1.016646   0.385152   0.379135   0.391659   0.567713   1.209573   0.472429   0.381317   1.101964   0.438254   0.949766   0.393380   0.388813   1.175435   0.403556   0.449236
  1.629826   0.401909   1.028085   0.424058   1.570864   0.385443   0.379179   0.380270   0.574350   2.358719   0.472047   0.380494   1.049969   0.435604   1.264195   0.393432   0.388388   1.977432   0.400653   0.424821
  2.244669   0.401918   1.393155   0.421802   1.100104   0.387666   0.379793   0.587556   0.613704   1.100826   0.969013   0.389600   1.098883   0.423043   1.262826   0.391029   0.388520   1.479084   0.412196   0.633437
  1.739841   0.405172   1.880957   0.416184   1.012003   0.386316   1.206040   0.392349   0.589085   0.811672   1.020954   0.380159   2.251029   0.451758   2.424464   0.392075   0.390985   1.695167   0.402253   0.485474
  2.141133   0.402840   0.967121   0.420440   1.536517   0.386599   0.940895   0.384296   0.584001   1.116039   1.678572   0.380431   0.943804   0.420735   0.717327   0.391901   0.387273   1.177080   0.399465   0.421700
  2.672101   0.403785   0.898294   0.415618   0.955840   0.386166   1.427527   0.384133   0.565135   0.828594   1.726938   0.380556   0.742788   0.422436   0.809764   0.392131   0.386545   1.078054   0.400261   0.415214
  0.881865   0.403919   1.921029   0.421064   1.138630   0.386156   1.165794   0.385546   0.570590   1.527176   1.672272   0.381170   1.244580   0.440994   0.874013   0.390811   0.391018   2.318665   0.404961   0.450108
  0.757102   0.402613   1.024028   0.397207   2.208050   0.747222   1.539052   0.463831   0.630908   1.384418   0.802845   0.381323   0.849019   0.419166   0.661255   0.390810   0.394781   1.047299   0.402867   0.405755
  0.742396   0.401953   1.810032   0.400954   1.480819   1.236169   0.800191   0.380461   0.564377   1.724738   1.154949   0.380847   1.521569   0.421462   0.685498   0.390574   0.821055   1.663119   0.401294   0.460949
  0.532376   0.404911   1.268208   0.400037   1.303695   0.681264   0.849248   0.380017   0.585041   0.500057   0.961925   0.618662   2.218092   0.418316   1.105587   0.389536   0.928116   1.499051   0.399811   0.416746
  0.677034   1.285840   1.501252   0.429494   1.705898   0.877753   1.231002   0.383594   0.624511   0.569621   1.974055   0.863559   1.129829   0.560643   0.522479   0.392249   0.961220   1.125432   0.403992   0.416402
  0.779403   0.528058   0.942144   0.409134   2.055088   1.157986   1.884440   0.384320   0.585165   0.692635   1.159895   1.650089   1.115518   0.436344   1.164157   0.390987   1.830668   0.795164   1.572633   0.438730
  0.432673   1.028550   0.927977   0.399023   0.755025   1.553112   1.318332   0.379420   0.580554   0.606159   1.018580   1.289091   0.905647   0.424035   1.180748   0.389471   0.738625   0.672597   1.674349   0.404558
  0.439875   0.972218   0.979632   0.397847   1.083689   1.633755   0.820742   0.379259   0.571123   0.534582   0.986690   1.008080   1.023194   0.415662   0.732406   0.390726   0.765587   0.551846   0.845910   0.406607
  0.765914   1.205147   1.400947   0.401831   0.945996   0.898524   1.122414   0.397745   0.613757   0.486005   0.881284   1.473397   1.729801   0.429286   0.744363   0.391885   0.803077   0.689742   1.155509   0.604803
  0.747335   1.971673   1.705592   0.396443   0.934219   0.921356   1.988395   0.382385   1.073010   0.777447   2.204615   0.797959   1.125072   0.403061   0.508792   0.389400   1.347590   0.882380   1.224728   0.432014
  0.642856   1.464360   1.061820   0.399212   0.896020   1.093066   1.064060   0.382782   0.676421   0.781812   1.183536   1.524473   0.793006   0.401729   0.957244   0.944146   1.448181   0.536925   1.845463   0.407977
  0.784739   0.828983   0.686732   0.397851   1.725127   1.921720   1.247515   0.379683   1.016392   0.740697   0.862983   0.811065   0.856782   0.402842   0.647598   0.722299   2.115467   0.511655   1.323018   0.400030
  0.688651   0.893569   0.677513   0.399704   0.871328   1.711990   0.869815   0.382606   2.068739   0.499220   0.893299   2.066601   1.093193   0.404133   0.554810   1.571987   1.107449   0.756126   0.940231   0.572101
  0.536253   1.135606   1.088434   0.399511   0.595433   1.023600   0.853132   1.181068   1.440292   1.093222   0.709167   1.983806   1.702759   0.430921   0.500566   1.407968   1.969673   0.536315   1.230942   0.399904
  0.458738   1.528871   0.840450   0.395929   0.645300   2.402719   0.758743   0.810934   0.760276   0.502659   1.422244   1.171163   0.867681   0.442677   1.469107   0.900032   2.013603   0.535585   1.145632   0.401020
  0.463056   1.650364   0.831153   0.394797   0.656043   0.604492   0.928177   0.811791   1.315632   0.474316   0.988660   2.028123   0.882229   0.417156   0.661633   0.693722   1.520362   0.513713   0.881355   0.403800
  0.478512   1.800718   0.764996   0.390920   0.507660   1.726595   0.815030   0.888968   1.593399   0.469852   0.695378   1.686221   0.714202   0.407915   0.529316   0.985820   0.495263   0.801844   2.375218   0.407369
  0.455498   1.139496   0.911556   0.401359   0.728470   0.809717   0.918014   1.006604   1.890057   0.600066   0.735639   2.064758   0.827469   0.405472   0.491385   1.950445   1.105341   0.622992   1.220068   0.409560
  0.453274   1.113042   0.816601   0.390917   0.629353   0.757850   0.928923   0.756608   0.876185   0.745331   1.457516   0.863349   0.877279   0.400164   1.821889   1.635540   0.811772   0.522763   1.098642   0.397843
  0.431771   1.250541   0.778688   0.393691   0.743258   1.555950   0.959520   1.574160   1.015196   0.490349   1.181454   0.911378   0.710913   0.398238   0.951814   1.575149   0.482385   0.507804   1.009634   0.403221
  0.440285   1.246255   0.682877   0.513457   0.561922   0.905631   0.845810   0.874741   1.014809   0.441613   0.710569   0.955181   1.086862   0.406311   0.502479   0.688851   0.852889   0.518391   1.134631   0.434686
  0.440931   1.441424   0.974092   0.421594   0.448146   0.974464   0.824859   2.030459   1.553095   0.467324   0.783075   0.779406   1.493578   0.403053   0.487147   1.334145   0.966749   0.652124   0.856665   0.430424
  0.435233   0.971617   0.617613   0.391457   0.540845   0.560542   0.715018   1.322977   1.765863   0.444256   1.445021   0.725341   0.880483   0.399182   0.527092   1.715660   0.624545   0.685224   0.955344   0.401381
  0.437052   1.056998   0.538047   0.391234   0.849586   0.811899   0.683524   1.363492   1.042076   0.444938   0.525955   0.707662   0.708382   0.397988   0.595791   2.154417   0.775003   0.527089   0.862282   0.398938
  0.468395   0.691774   0.609711   0.436313   0.536489   0.650977   0.677237   2.647873   0.901799   0.427717   0.507005   0.577640   0.731623   0.412438   0.487481   1.354072   0.787865   0.603932   0.884196   0.420710
  0.417080   0.634293   0.617863   0.388023   0.438503   0.578376   0.549322   2.068392   0.669415   0.776595   0.525429   1.141267   1.262952   0.392575   0.487238   0.799285   0.702337   0.628470   0.741641   0.403553
  0.418435   0.757984   0.542309   0.392566   0.508727   0.564641   0.607563   1.172281   0.673255   0.444025   0.534801   0.516546   0.951274   0.391912   1.386003   1.042019   0.474056   0.492296   0.744266   0.395943
  0.417920   0.605348   0.516451   0.391518   0.464368   1.173242   0.906129   0.866506   1.560648   0.449383   0.663739   0.516279   0.669640   0.392156   0.478947   0.691771   0.471144   0.489368   0.906924   0.396474
  0.417127   0.585946   0.493526   0.389566   0.416487   0.648839   0.902331   0.886619   0.852067   0.417955   0.529978   0.550573   0.559166   0.384881   0.478278   0.738101   0.803457   0.414042   0.803781   0.398083
  0.415007   0.669759   0.488101   0.392057   0.420486   0.591575   0.491761   0.951236   1.521279   0.422339   0.547087   0.578192   0.781746   0.386031   0.471200   0.668309   0.551862   1.050722   0.731159   0.395956
  0.418647   0.764475   0.770543   0.389129   1.311488   0.553462   0.485458   0.766799   0.511784   0.489964   0.676338   0.448777   0.542205   0.394882   0.665938   0.830597   0.468337   0.490079   0.731527   0.396559
  0.411373   0.595833   0.498678   0.390364   0.547380   1.117138   1.215319   0.932279   0.796759   0.418458   0.503395   0.634662   0.557253   0.385572   0.804680   0.835600   0.530914   0.511440   0.787750   0.395429
  0.417453   0.574159   0.531840   1.027337   0.433247   0.485260   0.672187   0.903847   0.637602   0.416677   0.500051   0.492789   1.233032   0.388182   0.464702   1.247186   0.700600   1.056475   0.838408   0.405397
  0.414559   0.538516   0.572333   0.547319   0.405335   0.601578   0.481772   0.794358   0.463144   0.591890   0.508436   0.981470   0.680088   0.403352   0.491264   0.855304   0.544143   0.745269   0.833818   0.392687
  0.422803   0.741291   0.484555   2.102421   0.690692   0.484189   0.489248   0.777790   0.473636   0.425765   0.538260   0.493404   0.556922   0.386871   0.761368   0.553557   0.509136   0.545583   0.729877   0.395128
  0.418629   0.584621   0.482196   1.102656   0.862392   0.568276   0.609905   0.586926   0.966804   0.434821   0.606748   0.454494   0.535342   0.384905   0.726213   0.555482   0.473720   0.472496   0.701913   0.392820
  0.502596   0.497979   0.477758   1.209316   0.424620   0.479882   0.550170   0.562082   0.883340   0.416947   0.526633   0.447421   0.701778   0.387559   0.545915   1.055863   0.520005   0.463917   0.933540   0.394495
  0.431404   0.503763   0.500816   0.891100   0.461922   0.523962   0.498112   0.514524   0.654536   0.563894   0.504544   0.547676   0.707753   0.387737   0.462954   0.832303   0.471241   0.427982   0.713085   0.397292
  0.406384   0.518232   0.733660   1.250317   0.787720   0.489686   0.479166   0.483932   0.459980   0.469556   0.632497   0.918798   0.545107   0.385284   0.736159   0.443179   0.504050   0.417264   0.706176   0.393418
  0.406521   0.533853   0.472993   1.715749   0.471791   0.497404   0.705685   0.846052   0.958069   0.421525   0.506699   0.489376   0.532247   0.385273   1.263937   0.439238   0.527619   0.433878   0.700577   0.391653
  0.414432   0.477778   0.541501   1.548551   0.427514   0.519797   0.925182   0.981141   0.512463   0.412908   0.513770   0.450647   0.603092   0.383492   0.491991   2.054819   0.441260   0.447709   0.747447   0.393895
  0.397862   0.485066   1.314369   1.112363   0.417101   0.483078   0.504958   0.485157   0.544522   0.502037   0.508060   0.833258   0.524658   0.383661   0.520638   0.702761   0.521230   0.439166   0.721520   0.409901
  0.431441   0.491502   0.581843   1.129194   0.467265   0.490375   0.485171   0.483606   0.462032   0.410161   0.581289   0.660744   0.543758   0.383477   1.550813   0.425683   0.514315   0.400277   0.698157   0.394741
  0.393151   0.545040   0.480970   1.012501   0.404290   0.479074   0.646893   1.874630   1.253072   0.410355   0.495743   0.460420   0.517298   0.385266   0.556674   0.407586   0.444581   0.401655   0.806460   0.394580
  0.418863   0.463963   0.504066   1.587299   0.399297   0.483003   0.889967   0.758574   0.508742   0.407832   0.507529   0.449241   0.708030   0.389900   0.466213   1.009763   0.443999   0.395323   0.674354   0.392103
  0.398966   0.467230   0.815741   1.052534   0.405076   0.481630   0.489443   0.483724   0.486276   0.418800   0.485970   0.480541   0.653423   0.385528   0.465302   1.263964   0.626837   0.388440   0.686639   0.396538
  0.394969   0.630192   0.492675   0.800807   0.700247   0.480006   0.475820   0.473408   0.455676   0.407147   0.479759   0.484918   0.493874   0.382069   0.545572   0.479203   0.490213   0.403184   0.680876   0.391288
  0.393974   0.464047   0.456312   0.950749   0.613152   0.573166   0.748105   0.621606   0.707779   0.406920   0.483075   0.476458   0.505636   0.382145   0.471945   0.551788   0.446584   0.395404   0.729203   0.391398
  0.398457   0.468286   0.446319   0.544369   0.405556   0.583203   0.637693   0.591790   0.508753   0.407057   0.479387   0.442592   0.800851   0.383165   0.463950   1.041323   0.500519   0.406204   0.768062   0.394179
  0.401255   0.474245   0.774032   0.561342   0.409426   0.479902   0.529663   0.466908   0.456057   0.560567   0.480930   0.446258   0.893435   0.385846   0.462428   0.751637   0.438348   0.551374   0.800076   0.393463
  0.393588   0.569874   0.589599   0.778604   0.476399   0.481030   0.448229   0.477319   0.459692   0.488438   0.481304   0.471951   0.610557   0.381853   1.461735   0.596283   0.518554   0.434656   0.656978   0.391461
  0.393706   0.510074   0.453593   0.495710   0.413235   0.484038   0.759207   0.753966   0.967451   0.416396   0.524472   0.463533   0.473512   0.383749   0.548364   0.396083   0.493506   0.437178   0.659025   0.391755
  0.392251   0.464899   0.450367   0.478120   0.401631   0.483485   0.686706   0.444375   0.667219   0.410190   0.498688   0.438824   0.481269   0.385090   0.462368   0.435430   0.445777   0.419822   0.680678   0.778791
  0.396917   0.469955   0.648009   0.530346   0.401023   0.478799   0.498342   0.449380   0.494354   0.420222   0.489669   0.421804   0.476987   0.803120   0.481376   0.533702   0.440510   0.446313   0.605189   0.650836
  0.394995   0.463404   0.473455   0.841269   0.451613   0.476554   0.446097   0.503537   0.480808   0.427593   0.481671   0.581163   0.466870   0.924776   0.708289   0.400546   0.454274   0.391580   0.643880   0.707469
  0.393156   0.487304   0.438391   1.984382   0.403351   0.473528   0.911942   0.740567   0.624139   0.408268   0.467476   0.425818   0.527924   1.300324   0.654918   0.396180   0.443181   0.392176   0.601127   0.701479
  0.400221   0.477148   0.441326   0.587988   0.399391   0.474723   0.682061   0.612506   0.519667   0.398634   0.487876   0.419104   0.885733   1.156864   0.464197   0.772495   0.456621   0.386333   0.623844   1.249305
  0.392873   0.462836   0.466107   0.541511   0.400933   0.470119   0.449740   0.499248   0.474994   0.401357   0.466443   0.410214   0.922068   0.748369   0.466056   0.418969   0.444596   0.392269   0.602554   2.402167
  0.393623   0.472944   0.417413   0.850177   0.400942   0.474000   0.443737   0.482254   0.465064   0.404901   0.470833   0.719960   0.463142   1.088701   0.489081   0.628384   0.445396   0.389221   0.665521   1.105417
  0.392454   0.484241   0.420789   0.633603   0.394439   0.465896   0.467635   0.595183   0.457429   0.399161   0.467770   0.482833   0.449480   1.325379   0.464961   0.397356   0.439009   0.390014   0.851057   1.507740
  0.390710   0.473674   0.417436   0.452907   0.396129   0.468157   0.472121   0.450703   0.462160   0.399175   0.467568   0.425104   0.785743   0.715357   0.441145   0.397105   0.439858   0.399592   0.667611   1.037576
  0.393149   0.462985   0.546282   0.434055   0.396092   0.478276   0.451894   0.460407   0.448604   0.395132   0.463606   0.568842   0.445427   1.401879   0.433484   0.558955   0.443388   0.440238   0.589752   1.241590
  0.391118   0.501797   0.447642   0.717411   0.413925   0.479160   0.444049   0.462664   0.451826   0.399951   0.456298   0.414159   0.439929   1.785853   0.435123   0.404194   0.440884   0.389502   0.586063   1.671511
  0.390903   0.480916   0.417737   0.737451   0.420951   0.454626   0.477789   0.637311   0.565125   0.396331   0.456155   0.420957   0.513345   1.085366   0.454634   0.415207   0.444575   0.386689   0.735112   2.052534
  0.394664   0.469609   0.413293   0.505109   0.398148   0.449387   0.911455   0.565093   0.442198   0.395539   0.466080   0.417439   0.699798   1.914032   0.426872   0.670324   0.444237   0.390226   0.753515   1.797832
  0.395838   0.462860   0.476286   0.425682   0.396525   0.459516   0.447625   0.437256   0.442886   0.398845   0.458976   0.415146   0.820990   1.915527   0.435480   0.557017   0.442732   0.388072   0.593273   1.948668
  0.391762   0.464076   0.775568   0.784147   0.397486   0.455666   0.444706   0.442730   0.436233   0.398984   0.489059   0.405369   0.531575   1.677642   0.580693   0.418496   0.436848   0.386577   0.588647   1.080304
  1.373911   0.466829   0.536887   0.895825   0.400084   0.457286   0.440128   0.459475   0.454949   0.399436   0.497797   0.399246   0.538220   0.791929   0.581595   0.392130   0.440380   0.389434   0.677085   0.886374
  0.970962   0.463719   0.470714   0.434325   0.396524   0.451460   0.442913   0.426387   0.433641   0.399664   0.457847   0.397743   0.797442   0.673102   0.498659   0.444476   0.450345   0.399801   0.579938   0.575337
  1.226147   0.461843   0.504617   0.427399   0.397303   0.449839   0.450415   0.437095   0.421827   0.399235   0.456593   0.414165   0.674125   0.897095   0.429023   0.685423   0.438782   0.861836   0.642486   0.649460
  1.411216   0.473066   0.436004   0.565205   0.397872   0.452030   0.456145   0.431909   0.417266   0.397730   0.453828   0.406803   0.405061   1.011388   0.545740   0.391008   0.438116   1.666408   0.590898   0.900943
  1.485871   0.464171   0.414930   0.636842   0.395871   0.451501   0.467319   0.419937   0.421446   0.397168   0.454585   0.400403   0.414225   0.996466   0.467963   0.393389   0.439142   0.853702   0.687848   0.833628
  0.809668   0.462027   0.413744   0.424839   0.396506   0.450795   0.535008   0.415857   0.432531   0.395708   0.455708   0.398407   0.410742   0.937932   0.435518   0.394862   0.448946   1.265111   0.558453   0.555285
  1.090748   0.462677   0.428887   0.430475   0.394533   0.448954   0.448050   0.493507   0.424095   0.396144   0.455408   0.565900   0.407574   0.603356   0.426268   0.419346   0.438340   1.246167   1.162420   0.550084
  1.511013   0.486153   0.422336   0.607207   0.397345   0.448858   0.445004   0.446360   0.421778   0.396754   0.459785   0.594447   0.403552   0.842279   0.456770   0.391438   0.440625   0.918735   0.567083   0.533840
  1.683793   0.463368   0.416792   0.659741   0.397553   0.443789   0.467356   0.451515   0.681751   0.396496   0.460594   0.416637   0.402301   0.903857   0.450906   0.395588   0.438243   1.735944   0.687356   0.568830
  1.122140   0.461463   0.419592   0.459932   0.396551   0.441801   0.439224   0.411164   0.695918   0.396984   0.453588   0.397470   0.437077   0.908826   0.419822   0.390420   0.437900   0.850137   1.110468   0.569480
  1.037539   0.462196   0.438743   0.424029   0.396665   0.441250   0.439840   0.410508   0.449658   0.403328   0.454795   0.411634   0.537872   1.191838   0.416241   0.392660   0.438035   2.422678   0.510413   0.636137
  1.393864   0.461766   0.413042   0.479819   0.873411   0.442540   0.439820   0.407907   0.429594   0.395637   0.455580   0.402337   0.420829   0.681776   0.499693   0.388754   0.440760   1.215837   0.559318   1.574312
  1.032876   0.461299   0.413942   0.453852   1.111771   0.442259   0.446301   0.438288   0.486643   0.395989   0.454776   0.400064   0.419928   1.050351   0.406692   0.386324   0.753950   0.887660   0.550557   0.587204
  1.372579   0.461200   0.413609   0.418825   0.774125   0.445094   0.441887   0.445696   0.437261   1.009014   0.453630   0.396855   0.822956   0.576781   0.407999   0.497268   1.733367   2.056317   0.462453   0.515945
  0.879438   0.462265   0.424473   0.422291   0.930736   0.451133   0.436072   0.407595   0.413830   1.011215   0.453386   0.403382   0.690989   0.707718   0.403289   0.434073   1.058651   1.324039   0.434035   0.526639
  1.152902   1.452285   0.412701   0.424844   0.972905   0.444959   0.436331   0.405380   0.422153   1.348743   0.454962   0.397230   0.389230   0.709314   0.417497   0.388411   0.722358   1.421336   0.606943   0.921302
  0.891735   1.112971   0.663189   0.414023   1.096364   0.444184   0.432733   0.423464   0.407291   0.797710   0.762856   0.397457   0.383558   0.640682   0.403595   0.386593   2.236144   0.865935   0.503521   0.739364
  0.850333   1.143740   1.156833   0.416023   1.649606   0.442154   0.439806   0.530253   0.421844   1.226270   0.978535   0.398741   0.431715   0.606981   0.409211   0.396213   0.708173   0.899518   0.452469   0.569796
  1.778796   1.483931   1.382807   0.417282   0.978225   0.441482   0.436492   0.432638   0.407174   0.700249   1.036710   0.433288   0.383391   0.552002   0.405481   0.393089   0.890316   0.808328   0.510566   0.581801
  0.780635   1.156416   0.599696   0.406212   1.293133   0.442192   0.441950   0.407709   0.436005   1.112669   1.320059   0.397066   0.379399   0.804154   0.440388   0.387677   2.099344   0.745398   0.471981   0.783521
  0.850728   1.439144   0.963992   0.445683   1.443434   0.444105   0.433636   0.474695   0.411283   1.223110   1.223346   0.397344   0.378360   0.922368   0.405638   0.387696   2.148907   0.616643   0.749329   0.664953
  0.718236   1.960964   0.672986   0.412470   1.984173   0.441092   0.441248   0.420728   0.455196   1.504733   0.998715   0.398148   0.501978   0.679920   0.404166   0.392649   1.268629   0.806328   0.439088   0.568844
  1.218766   0.970440   1.580339   0.409403   2.103787   0.440630   0.436177   0.401216   0.416772   1.500438   0.798090   0.392076   0.444352   0.542858   0.402888   0.401710   1.548021   0.804782   0.437711   0.515311
  0.812672   1.103046   0.894554   0.660770   2.598677   0.441423   0.434177   0.423278   0.407813   2.012083   2.075089   0.393721   0.394751   0.543229   0.460046   0.389229   1.290700   0.731111   0.436460   0.565601
  0.648044   1.429035   1.456923   0.598799   1.966634   0.439056   0.433886   0.544581   0.418489   0.966594   1.367404   0.393648   0.379074   0.478431   0.432126   0.387000   1.413335   1.925670   0.691315   0.555823
  0.643788   1.083986   1.646669   0.438070   0.821102   0.439625   0.440109   0.399554   0.405463   2.063457   0.990695   0.391743   0.378865   0.480377   0.440094   0.395944   1.961330   0.516102   0.511429   0.528140
  1.135775   1.824530   1.464792   0.409908   1.251821   0.433497   0.431343   0.398740   0.405712   2.425283   0.978271   0.393361   0.380036   0.535496   0.411442   0.387712   1.070277   0.513768   0.465210   0.504604
  0.875266   1.449960   1.015372   0.419092   0.833857   0.436377   0.430173   0.399970   0.405811   0.974555   2.154299   0.390462   0.377566   0.478084   0.404860   0.386028   0.870243   0.503562   0.431505   0.508547
  0.715087   1.300753   1.557668   0.410390   0.773150   0.433152   0.462885   0.396536   0.410293   1.078771   1.875558   0.390274   0.380319   0.588834   0.402164   0.391710   0.747103   1.613825   0.442253   0.630828
  0.615180   1.349862   1.911627   0.427947   1.281731   0.430413   0.473991   0.395755   0.407780   0.746473   1.026067   0.390118   0.379601   0.532214   0.404511   0.390149   0.866172   1.427289   0.428862   0.496213
  0.652006   1.052486   1.737100   0.439794   0.782485   0.434165   0.437672   0.394982   0.414141   0.774738   0.968252   0.394007   0.383850   0.569147   0.402855   0.387013   1.319090   0.534710   0.432645   0.472193
  0.749515   0.922375   0.828235   0.411649   0.777883   0.429824   0.429774   0.394907   0.409317   0.752084   0.935808   0.390352   0.385481   0.502200   0.403651   0.386555   1.019578   0.521560   0.425794   0.493798
  0.618362   0.861783   0.915643   0.410579   0.724112   0.431715   0.459741   0.418926   0.404855   0.769327   0.754081   0.390303   0.395721   0.719771   0.394574   0.385366   0.702849   1.225235   0.461720   0.620751
  0.572835   1.319376   0.555735   0.411286   0.736346   0.429050   0.458251   0.418049   0.420830   0.694139   0.790929   0.390117   0.412524   0.709903   0.396456   0.385010   0.802860   0.697967   0.475510   0.488571
  0.786286   0.760873   1.001610   0.404851   0.786514   0.428784   0.434241   0.397513   0.412547   0.632905   0.656563   0.391282   0.377939   0.431432   0.396268   0.388086   0.776596   0.534616   0.425634   0.469043
  1.318542   1.179574   0.807855   0.405014   0.564678   0.428371   0.430203   0.394693   0.410808   0.710033   0.814978   0.392143   0.377819   0.454268   0.405858   0.385164   0.671888   0.515473   0.422882   0.628190
  0.552115   0.866042   0.558088   0.407413   0.471126   0.428451   0.433345   0.479603   0.405488   0.729402   0.750609   0.389675   0.378598   0.438954   0.394247   0.386577   0.617497   0.536400   0.455426   0.657634
  0.553062   0.803060   0.559428   0.404681   1.248664   0.432544   0.429963   0.421750   0.411309   0.638550   0.668112   0.390977   0.376947   0.478092   0.396389   0.385035   0.711796   0.727098   0.428879   0.475648
  0.596538   1.251120   0.776628   0.407362   0.764532   0.430876   0.429024   0.394977   0.406848   0.620407   0.969240   0.392889   0.376713   0.535944   0.396152   0.386136   0.609191   0.565935   0.425385   0.472627
  0.673011   0.784024   0.728511   0.417974   0.708507   0.430752   0.430286   0.389270   1.674743   0.737230   0.768219   0.391781   0.379951   0.449832   0.395180   0.893909   0.723124   0.508731   0.426137   0.684938
  0.551773   0.684953   0.590129   0.405154   0.581867   0.766016   0.429791   0.497995   0.766768   0.876472   0.818090   0.392245   0.377172   0.496644   0.395056   1.253204   0.583883   0.516271   0.426353   0.479986
  0.543368   1.133150   0.485064   0.403549   0.971292   1.176794   0.430807   0.393093   2.065284   0.639717   0.536022   0.390897   0.419147   0.419851   0.398981   0.808285   0.546609   0.511981   0.437022   0.467890
  1.062387   0.820791   1.397521   0.402107   0.585544   0.977585   0.428613   0.392688   0.774503   0.616454   0.547127   0.389983   0.390488   0.427629   0.394510   0.864990   0.558711   0.503955   0.426610   0.476586
  0.649276   0.784097   0.802552   0.401788   0.626899   0.894757   0.430686   0.389857   0.575314   0.585070   0.501223   0.895378   0.389213   0.424081   0.392785   0.866518   0.783760   0.503353   0.422624   0.466168
  0.524789   0.712281   0.647520   0.406572   0.471326   0.788039   0.429063   0.476820   1.011258   0.590560   0.498141   0.946427   0.377238   0.467145   0.392437   1.412807   0.606206   0.498101   0.439541   0.479931
  0.536890   0.646430   0.478307   0.402140   0.495228   1.730810   0.545964   0.486899   0.977445   0.650382   0.504971   0.708315   0.377599   0.445793   0.391827   1.008689   0.520279   0.529419   0.409864   0.462112
  0.802620   0.686228   0.874955   0.400837   0.469568   1.723525   0.761958   0.863683   1.474911   0.635956   0.492421   0.629416   0.376496   0.420410   0.392164   1.244930   0.599220   0.508650   0.411520   0.493508
  0.962528   0.622015   0.734058   0.402136   0.465561   1.411572   1.049808   0.819839   1.154329   1.025550   0.820216   1.577364   0.376373   0.423201   0.392387   1.409933   0.514308   0.513288   0.411748   0.505672
  0.530849   0.599473   0.480942   0.419509   0.477102   1.136664   0.587330   1.085957   1.572153   0.534600   0.712482   0.776969   0.376987   0.430238   0.392518   1.679958   0.687173   0.514364   0.408771   0.566708
  0.514342   0.728265   0.473311   0.404515   0.550390   2.020171   1.525415   0.916167   2.107744   0.704626   0.599714   1.409938   0.377399   0.427216   0.392895   1.966648   0.492736   0.498809   0.405432   0.486162
  0.533481   0.871639   0.461448   0.403514   0.695113   1.509626   1.005837   1.763555   1.481022   0.529161   0.651626   0.884597   0.762171   0.456543   0.391812   2.306920   0.717371   0.497826   0.399944   0.469505
  1.152938   0.564415   0.954098   0.406960   0.455976   1.995010   1.546240   0.811314   1.822454   1.018086   0.460757   1.985916   1.008913   0.400863   0.391524   1.279322   0.814336   0.498390   0.413714   0.548508
  0.505442   0.627001   0.441253   0.402203   0.501159   1.548196   0.773851   1.152932   1.170285   0.504638   0.609188   1.339429   0.838868   0.397924   0.761207   1.858925   0.449493   0.512776   0.403698   0.490212
  0.499267   0.597929   0.420046   0.401139   0.516129   1.174031   1.567499   1.226026   0.917475   0.539800   0.535752   1.703476   1.210156   0.437223   0.878940   0.815295   0.493257   0.525831   0.402225   0.464207
  0.766142   0.552379   0.697979   0.400567   0.528318   0.840830   0.905323   1.964183   0.894382   0.507090   0.759102   2.157832   0.971725   0.399036   1.693599   1.663677   0.412002   0.497065   0.399865   0.461274
  0.527441   0.630558   0.461548   0.411869   0.453221   0.973878   1.564113   1.482569   1.484434   0.791688   0.580088   1.341632   0.794509   0.394363   0.764388   0.830511   0.443799   0.490641   0.401544   0.476920
  0.488438   0.550097   0.458497   0.402858   0.457835   0.533676   2.377336   1.846715   0.642996   0.622718   0.476550   1.643116   0.852018   0.414408   2.387262   0.743787   0.463841   0.522701   0.424136   0.472736
  0.457932   0.793228   0.406726   0.404583   0.729854   1.457387   2.110680   1.016881   0.763426   0.543274   0.510188   1.292336   2.354260   0.415264   2.050302   1.162299   0.421205   0.543744   0.404761   0.465473
  0.719406   0.753149   0.434626   0.400806   0.452931   2.341190   1.651740   2.431265   0.767486   0.504076   0.558968   0.888073   1.739408   0.395011   0.857350   0.813930   0.463135   0.489262   0.399549   0.465445
  1.780787   0.550115   0.426176   0.808234   0.467376   0.756131   1.388375   2.390135   0.505127   0.570103   0.631709   0.825176   1.283350   0.394165   1.300521   0.773989   0.454170   0.491734   0.400318   0.460282
  0.462262   0.550091   0.449232   1.156229   0.509244   0.547765   0.871586   0.833372   1.112868   0.473950   0.478651   0.679523   1.537899   0.409849   1.229368   0.764141   0.436242   0.489171   0.399757   0.568689
  0.447207   0.679820   0.391714   1.122890   0.546573   0.492065   0.821556   0.992875   0.778496   0.488263   0.466552   1.013369   1.880789   0.405471   1.004480   1.012779   0.418638   0.486689   0.399177   0.475185
  1.462844   0.587267   1.097979   1.415432   0.462848   0.520816   0.784749   0.990525   0.965461   0.508133   0.466920   0.526224   1.279845   0.395011   2.377021   0.695791   0.441060   0.487185   0.399504   0.455767
  0.583362   0.576612   0.430112   1.068378   0.443152   0.539202   1.728192   0.976964   0.565529   0.535146   0.459425   0.719734   1.895388   0.395187   0.856673   0.714487   0.471472   0.493853   0.399972   0.453850
  0.438655   0.561890   0.426376   1.518894   0.534622   0.699287   0.861499   0.935667   0.539184   0.447953   0.451286   0.600074   0.857557   0.408848   2.224773   0.690211   0.413062   0.506633   0.400453   0.451417
  0.419719   0.610791   0.383807   1.511748   0.455449   0.493725   0.593814   0.737462   0.583168   0.422047   0.457311   0.715082   0.979654   0.399004   1.695693   0.950780   0.410718   0.492567   0.402322   0.453848
  0.921259   0.542680   0.416508   0.975073   0.504257   1.563801   0.548433   0.797270   0.679501   0.570442   0.684149   0.760100   1.638599   0.401823   1.057757   0.974322   0.549584   0.486090   0.397168   0.450269
  0.728404   0.558443   0.652855   0.700315   0.566676   0.663414   0.641018   0.757523   0.572488   0.855814   0.504371   0.620294   0.870108   0.406918   0.984498   0.674294   0.420190   0.486118   0.395735   0.471013
  0.470961   0.542698   0.636181   1.796775   0.557972   0.454510   0.664611   0.529070   0.501486   0.449559   0.461778   0.538997   0.815557   0.403796   1.090272   0.678707   0.403651   0.507219   0.395891   0.497915
  0.415562   0.874491   0.413797   1.361841   0.559050   0.440272   0.649971   0.600815   0.532497   0.456204   0.448644   0.700590   1.177041   0.400829   1.022694   0.948693   0.403369   0.483659   0.395784   0.493944
  0.565851   0.546901   1.414755   2.128948   0.440595   1.073813   0.467867   0.696805   0.557151   0.491797   0.669002   0.740005   0.520369   0.397226   0.769035   0.729130   0.508258   0.486387   0.395917   0.448939
  0.472204   0.542406   0.656716   1.001036   0.439702   1.154752   0.942708   0.615506   0.599426   0.562272   0.491143   0.539736   0.638320   0.394527   0.631209   0.652915   0.627221   0.522689   0.396295   0.586044
  0.408007   0.558024   0.453412   1.337195   0.436806   0.563594   0.818063   1.191427   0.545867   0.419470   0.456328   0.541064   0.710555   0.402637   0.837516   0.667434   0.454196   0.532351   0.395576   0.476944
  0.407635   0.550979   0.386484   1.618844   0.447851   0.427025   0.638672   0.570736   0.710272   0.434343   0.450140   1.088580   0.733773   0.407872   0.762272   0.836595   0.403922   0.492214   0.396141   0.452606
  0.843428   0.545645   0.387243   0.840901   0.491463   1.470253   0.467683   0.633020   0.486303   0.405817   0.509364   0.545881   0.654499   1.339889   0.893986   1.263696   0.638434   0.484762   0.916440   0.451620
  0.420771   0.561763   0.437101   0.853198   0.439836   0.524054   0.585092   0.516702   0.505458   0.431241   0.651968   0.512018   0.560218   0.697319   0.932319   0.655384   0.512660   0.484822   0.837365   0.687009
  0.412477   0.556342   0.383930   0.642788   0.440998   0.419762   0.623870   0.649065   0.493715   0.414409   0.458940   0.478648   0.785617   0.988122   0.794799   0.653420   0.446928   0.487068   0.967760   0.452484
  0.406649   0.573253   0.383445   1.020910   0.445229   0.429289   0.458320   0.513012   0.528698   0.416714   0.449506   0.520267   0.520149   0.884403   0.597308   0.869734   0.404787   0.483873   0.810600   0.446547
  0.722926   0.502469   0.463858   0.836445   0.455472   0.588298   0.457310   0.736311   0.557874   0.405513   0.474989   0.457230   0.546605   1.834737   0.882814   0.776910   0.406418   0.482736   0.854336   0.447251
  0.423700   0.502329   0.389253   0.687052   0.448790   0.485359   0.508748   0.680917   0.682180   0.468554   0.461311   0.447362   0.517812   0.593866   0.856510   0.812220   0.405681   0.484070   0.899279   0.457227
  0.402348   0.506584   0.382982   0.656647   0.438987   0.414809   0.457635   0.563002   0.586874   0.440829   0.449143   0.451759   0.519727   1.052343   0.586090   0.648182   0.406553   0.482173   1.372382   0.449735
  0.416339   0.494823   0.383427   0.852585   0.440513   0.424640   0.456991   0.618179   0.491095   0.406131   0.450196   0.659997   0.559125   1.043313   0.586601   0.727253   0.401765   0.482425   1.248255   0.449415
  0.596519   0.513331   0.435162   0.750666   0.443300   0.422312   0.448381   0.482211   0.527932   0.406029   0.461034   0.448451   0.501114   1.728246   1.119623   0.649156   0.404113   0.480291   1.501566   0.447007
  0.530722   0.490476   0.385852   0.897793   0.436643   0.425910   0.713396   0.526215   0.473490   0.403086   0.448801   0.438832   0.493748   0.886562   0.611975   0.669816   0.405246   0.480413   1.887997   0.529435
  0.401041   0.566244   0.385629   1.553947   0.431251   0.424436   0.470189   0.465880   0.481222   0.400257   0.449270   0.446098   0.433434   1.135435   0.600082   0.649982   0.402185   0.482946   2.022959   0.456977
  0.410018   0.534591   0.388726   1.001299   0.431277   0.414339   0.446553   0.476972   0.484974   0.398298   0.448583   0.506072   1.312136   1.724428   0.612836   0.763320   0.401522   0.482431   2.375797   0.453863
  0.495608   0.487109   0.393129   0.711790   0.436711   1.057410   0.449128   0.553587   0.485133   0.402920   0.451325   0.482643   0.447271   1.621944   0.852380   0.686785   0.412181   0.481483   0.963448   0.447603
  0.448626   0.514162   0.387158   0.631807   0.432816   0.416164   0.468266   0.441076   0.479778   0.506776   0.449357   0.439222   0.443035   1.076459   0.899369   0.651915   0.403540   0.480418   1.046878   0.448968
  0.415617   0.498699   0.384950   1.123607   0.436627   0.410068   0.446503   0.684814   0.477220   0.566040   0.448335   0.437488   0.545615   0.746541   0.536425   0.648864   0.401290   0.479941   1.502814   0.451672
  0.402794   0.475823   0.383134   0.654786   0.437510   0.403068   0.447138   0.900672   0.835476   0.399317   0.448320   0.512319   0.451760   0.789216   0.492611   0.680518   0.401571   0.477458   0.588846   0.450463
  0.783100   0.478015   0.383401   0.620767   0.431551   0.924105   0.445448   0.439542   0.472813   0.397936   0.455873   0.447568   0.500033   0.937935   0.829107   0.627979   0.400373   0.480132   1.049382   0.445555
  0.531931   0.471175   0.401234   0.682224   0.432976   0.432177   0.591315   0.436050   0.471618   0.539684   0.459300   0.433727   0.431321   1.611674   0.585996   0.631309   0.402809   0.477606   0.901165   0.446087
  0.403417   0.480124   0.389801   0.703488   0.440737   0.520702   0.629589   0.818267   0.466478   0.404150   0.449446   0.435185   0.461866   1.198103   0.594534   0.644664   0.398988   0.478122   0.741973   0.445709
  0.401503   0.464422   0.382892   0.591743   0.432334   0.507108   0.470250   0.485511   0.563801   0.398254   0.452796   0.662635   0.524900   1.479025   0.492827   0.606773   0.398309   0.479677   0.907120   0.446131
  0.430561   0.486360   0.383155   0.807674   0.431161   0.559141   0.441415   0.547333   0.470002   0.400366   0.458193   0.449971   0.474016   0.585088   0.660918   0.582592   0.399048   0.477525   0.613956   0.445738
  0.400079   0.465604   0.383687   0.775263   0.434250   0.631796   0.458675   0.434774   0.467214   0.415337   0.449970   0.447666   0.432912   0.767275   0.626971   0.583616   0.398492   0.476208   0.581439   0.445400
  0.395249   0.480918   0.383063   0.499224   0.430736   0.408510   0.466038   0.472964   0.468063   0.397770   0.449305   0.434778   0.449108   0.694458   0.487238   0.535615   0.398367   0.476836   0.764263   0.445467
  0.393380   0.462932   0.382904   0.697915   0.431764   0.404714   0.449165   0.448242   0.636443   0.397983   0.448542   0.476745   0.440756   0.733314   0.489989   0.708433   0.398913   0.467506   1.917444   1.135381
  0.738204   0.468451   0.398605   0.722867   0.430845   0.423338   0.444362   0.481725   0.470412   0.398443   0.448141   0.435989   0.439846   0.475534   0.510588   0.566584   0.414106   0.463342   0.804400   0.743728
  0.528900   0.467437   0.383592   0.462053   0.430963   0.400462   0.549126   0.456153   0.467861   0.398079   0.452517   0.432943   0.430694   0.476246   0.502750   0.437742   0.399850   0.462669   1.310746   1.059031
  0.392582   0.462286   0.383544   0.482884   0.433257   0.405069   0.645783   0.650319   0.466207   0.397628   0.906587   0.432777   0.457640   0.547216   0.487279   0.488128   0.398882   0.464112   0.918101   1.919747
  0.394276   0.479887   0.383372   0.455721   0.434258   0.394866   0.455695   0.667570   0.458830   0.398044   0.695598   0.467819   0.428536   0.677935   0.483921   0.418206   0.398389   0.479255   0.609055   1.357927
  1.324772   0.464480   0.384715   0.422030   0.429229   0.461257   0.442419   0.437581   0.461509   0.398293   0.527713   0.460476   0.469984   0.493526   0.542364   0.406672   0.399532   0.464379   0.572292   1.612352
  0.433644   0.469215   0.383624   0.421953   0.434646   0.398970   0.441872   0.434680   0.460022   0.400690   1.628182   0.432233   0.419191   0.460898   0.493661   0.728075   0.399117   0.462915   0.569861   1.719167
  0.407761   0.462704   0.383175   0.413349   0.431398   0.393620   0.446502   0.470549   0.451410   0.398150   1.277140   0.431205   0.461830   0.496193   0.489656   0.626777   0.398330   0.465806   0.469796   1.039709
  0.403378   0.458843   1.249527   0.468834   0.428890   0.393757   0.446459   0.524952   0.457938   0.397919   0.982836   0.433383   0.430710   0.715729   0.483703   0.416256   0.398578   0.462470   0.764326   0.907312
  0.559406   0.463158   0.793027   0.792417   0.434228   0.679050   0.445804   0.438592   0.474272   0.400073   0.835625   0.457274   0.415114   0.426992   0.613682   0.410060   1.206213   0.463435   0.438815   0.838344
  0.402804   0.464029   1.213179   0.639683   0.430416   0.473857   0.445150   0.434856   0.444070   0.400173   1.880137   0.429355   0.415252   0.446063   0.497390   0.406638   1.725985   0.461378   0.437597   0.915244
  0.397073   0.456415   0.691855   0.971383   0.428817   0.395150   0.446391   0.505131   0.449959   0.397589   1.990659   0.427465   0.412892   1.201760   0.485450   0.411289   0.481720   0.459229   0.537616   1.932632
  0.417032   0.461693   0.599719   0.595706   1.247414   0.394884   0.442908   0.436280   0.444329   0.397376   1.020345   0.459622   0.419094   0.435581   0.485142   0.549111   1.956192   0.458167   0.465570   2.015095
  0.453627   0.456800   1.185164   0.534397   1.814714   0.507462   0.444525   0.435972   0.444463   1.061397   0.864776   0.431629   0.412372   0.429077   0.509529   0.562997   1.290749   0.459605   0.435737   0.941178
  0.433762   0.455785   0.940249   0.486495   0.791015   0.468793   0.449091   0.445393   0.439161   0.756883   1.589235   0.426809   0.412872   0.427811   0.462629   0.438569   0.889611   0.454363   0.402831   0.798514
  0.400604   0.455611   1.983640   0.552447   1.651267   0.422055   0.443480   0.448190   0.439680   1.508203   0.843291   0.426318   0.454187   0.813157   0.459225   0.409618   0.850815   0.454108   0.847553   1.060676
  0.391718   0.597552   1.675908   0.456557   2.022858   0.393942   0.442790   0.464221   0.442986   1.121418   1.221254   0.436229   0.404401   0.683260   0.472371   0.436974   1.552270   0.451603   0.535825   1.305208
  0.805156   0.576576   1.460003   0.406170   1.217191   0.408046   0.441948   0.441015   0.430852   2.278998   1.336672   0.428406   0.411391   0.631337   0.469353   0.406912   1.575028   0.454494   0.428599   0.705059
  0.408243   0.460110   1.456022   0.404296   0.831614   0.408098   0.445343   0.436207   0.436848   1.108282   0.670205   0.415314   0.410330   0.441692   0.575096   0.405431   0.862004   0.448379   0.388061   1.361984
  0.435726   0.454977   1.007279   0.421234   1.443128   0.396348   0.446757   0.440579   0.430363   0.925748   0.970034   0.414697   0.455553   0.886117   0.505416   0.407405   1.313942   0.464039   0.904180   1.088079
  0.404301   0.481728   2.086720   0.410418   0.718159   0.393565   0.443189   0.435018   0.430188   1.354998   1.316499   0.412803   0.416330   0.431140   0.467662   0.426452   1.573988   0.447058   0.756443   0.797913
  0.413311   0.485451   1.286604   0.411068   1.231585   0.402687   0.441738   0.434659   0.436983   1.814289   1.038243   0.440480   0.406813   0.426884   0.477517   0.403510   1.140699   0.446280   0.409801   0.610953
  0.402810   0.457053   0.906531   0.406681   0.890946   0.393632   0.443265   0.435630   0.429957   0.965023   0.646187   0.411512   0.405358   0.418440   0.472151   0.400963   0.839318   0.443874   0.386721   1.140134
  0.392012   0.455555   0.648366   0.405827   1.477992   0.393150   0.446870   0.435314   0.429304   0.882947   0.536642   0.448780   0.410294   0.433753   0.462871   0.400363   0.727157   0.550005   0.507673   0.480240
  0.406531   0.497960   1.196625   0.872501   1.193062   0.392921   0.442900   0.437763   0.432328   1.062366   0.526306   0.569261   0.402232   0.418031   0.458586   0.485520   0.749463   0.436714   0.572625   0.756165
  0.397082   0.475169   0.805459   0.447500   1.036217   0.389724   0.443541   0.434231   0.466792   1.395197   1.028362   0.453921   0.404501   0.423809   0.504638   0.400061   1.291688   0.443838   0.393264   0.470173
  0.395995   0.455875   1.212380   0.425223   0.806446   0.397480   0.440615   0.436060   0.432746   1.914434   0.600709   0.403007   0.402429   0.417097   0.468160   0.404580   0.495347   0.446998   0.388726   0.465881
  0.389786   0.461960   1.031115   0.405006   0.732573   0.389990   0.442007   0.440640   0.429983   1.643450   0.563619   0.406317   0.402627   0.425652   0.477231   0.401352   0.674104   0.431177   1.557738   0.568032
  0.389135   0.459675   0.977494   0.419158   1.047952   0.389808   0.439675   0.435425   0.431158   0.729808   0.512904   0.749603   0.401934   0.431174   0.461416   0.395006   0.720897   0.432463   0.491436   0.498216
  0.393065   0.462024   0.694918   0.406054   0.767176   0.417007   0.440106   0.434621   0.423891   0.904445   0.840994   0.420054   0.403084   0.431457   0.471768   0.399483   0.715622   0.436169   0.449559   0.493010
  0.391785   0.453657   0.755532   0.404226   0.728624   0.390653   0.442781   0.434417   0.424244   0.796152   0.612236   0.401526   0.401658   0.436703   0.474416   0.403809   0.479365   0.449055   0.465836   0.423696
  0.390792   0.448043   0.809026   0.405286   1.110986   0.390079   0.439571   0.434973   0.423877   0.684311   0.506510   0.402267   0.406890   0.412317   0.466706   0.395457   0.681422   0.432334   0.619953   1.659095
  0.390030   0.457249   0.595864   0.431949   1.080209   0.387422   0.440093   0.435463   0.420037   1.004840   0.507788   0.413399   0.402502   0.406529   0.467374   0.623798   0.824487   0.508988   0.697427   0.472902
  0.550764   0.446139   0.614371   0.405136   0.929934   0.392243   0.439816   0.434587   0.430187   0.769808   1.013120   0.422576   0.401922   0.401699   0.468032   0.497887   0.659891   0.430763   0.407541   0.506085
  0.391746   0.445224   0.592104   0.404508   0.828451   0.387314   0.439633   0.435271   0.421709   0.738428   0.660860   0.412971   0.401803   0.396504   0.462033   0.396109   0.483508   0.758688   0.386198   1.417952
  0.389200   0.449416   0.826161   0.414166   0.838272   0.391036   0.819635   1.616439   0.421628   0.780473   0.703608   0.403696   0.396000   0.394254   0.463412   0.395167   0.832446   1.257591   0.654759   0.452516
  0.392354   0.446055   0.581076   0.437028   0.851603   0.387323   0.931435   0.903594   0.420859   0.637256   1.072580   0.512910   0.395612   0.513412   0.468334   0.420350   0.475261   1.679754   0.417908   0.427734
  0.463096   0.452807   0.571593   0.404386   0.806191   0.387878   1.897435   1.380353   0.418657   0.755868   0.591315   0.402432   0.395736   0.477602   0.456999   0.396265   0.460322   1.121668   0.384573   0.421958
  0.420505   0.443049   1.217609   0.403883   0.747920   0.389445   1.431233   2.015177   0.419790   0.638359   0.663717   0.400729   0.397053   0.393439   0.462189   0.388257   0.461068   1.633037   0.386809   0.817091
  0.391310   0.446183   1.098051   0.402980   0.748671   0.387568   0.850783   0.977912   0.419711   0.906341   0.478519   0.400832   0.396178   0.618068   0.457710   0.388417   0.648885   0.965354   1.294178   0.973875
  0.387720   0.444484   0.720922   0.402861   0.734394   0.387337   2.145639   1.325188   0.418532   0.725444   0.476735   0.408140   0.394216   0.410534   0.464418   0.389045   0.494287   1.504029   0.382830   0.444173
  0.404689   0.442962   0.570278   0.402988   0.718493   0.387567   1.632887   1.617902   0.422944   0.591361   0.476226   0.488809   0.394201   0.624067   0.464662   0.395291   0.461779   1.284188   0.407181   0.464343
  0.387474   0.445904   0.803866   0.405079   0.685306   0.385186   0.756569   1.065341   0.420741   0.570994   0.404474   0.424164   0.393711   0.386102   0.463167   0.394457   0.461434   1.231214   0.395711   0.470860
  0.389725   0.445475   0.750728   0.403138   1.158152   0.384497   1.256373   0.875523   0.418759   0.585578   1.505004   0.402340   0.393798   0.396456   0.468871   0.388568   0.734093   1.188313   0.933934   0.454680
  0.387417   0.447544   0.580946   0.404013   0.683832   0.384743   1.529286   1.782561   0.419438   0.913583   0.452052   0.399828   0.393629   0.494374   1.070975   0.398399   0.574532   1.708199   0.445678   0.431154
  0.422334   0.443082   0.553390   0.403593   0.693285   0.384378   1.597271   0.855680   0.421535   0.846939   0.461937   0.406184   0.393672   0.387003   1.540768   0.388115   0.459784   1.024448   0.381947   0.417828
