  1.468070   1.309079   0.735301   0.785233   1.671363   0.734142   1.372621   1.885557   1.592644   0.936802   1.760100   1.438916   0.939606   1.549235   1.444482   1.359514   1.214141   0.976259   2.140957   1.808099
  1.592285   1.256577   1.380905   1.031697   0.782307   0.833667   0.880781   1.628408   1.439301   1.164839   1.146225   1.395448   0.755879   0.697732   0.882441   1.175626   0.835406   0.870135   1.316930   0.928086
  1.831893   1.251461   0.774294   1.279370   1.394253   1.657914   2.356391   1.094758   1.270474   1.384790   1.212002   1.230873   0.730817   1.129765   0.720680   1.056998   0.538239   0.617360   0.667829   1.426193
  1.821347   0.756773   1.598870   0.650402   0.903073   0.793378   1.456923   0.781887   0.948287   1.512736   1.085694   0.777707   1.460088   1.072309   2.081080   1.062941   1.256944   1.408663   1.126495   1.636411
  1.512510   1.082648   0.962009   1.937503   2.229154   0.923265   1.323115   0.898436   1.543956   2.064073   1.036319   1.300744   1.059591   1.590048   0.949546   1.040638   1.750184   1.335355   1.617234   1.440863
  1.099286   1.452247   1.209588   2.218551   1.924355   2.012308   1.657051   1.160956   1.306413   1.256376   0.751476   0.958578   1.422368   1.393894   0.831157   1.584805   1.469563   1.289424   1.528943   2.174429
  1.584928   1.107782   1.693247   1.044998   1.352734   1.192843   0.792450   1.528412   1.123392   1.694835   2.013058   2.035924   1.155553   1.558185   1.831104   2.069305   1.818301   1.241847   0.778982   0.906273
  1.675023   1.859709   2.067145   1.802604   1.107727   1.631219   0.970177   2.001816   1.401193   1.400612   1.921304   1.001790   1.902097   1.176713   2.023391   1.663494   1.268333   0.777092   1.996807   1.848312
  1.379036   1.953857   0.749097   1.473740   1.676361   1.772099   1.212507   1.444166   1.594638   1.018274   1.817270   1.616906   1.691189   1.431020   1.454571   1.410067   1.921468   1.689605   1.307022   1.334899
  1.214690   1.017246   1.739139   2.070338   1.909002   2.113223   1.020245   1.800838   2.054926   1.361708   1.075034   1.983398   1.813002   1.139110   1.453428   0.985405   1.627324   1.668274   1.545899   1.344203
  1.091908   1.562431   2.297959   1.788295   1.870531   1.686032   2.016503   1.078695   1.248213   2.167868   1.577178   2.470030   1.569642   1.391620   2.040560   1.241540   1.620571   1.765848   2.314705   0.843989
  1.266524   1.341070   1.746728   1.805999   1.579412   2.246948   2.196211   1.206867   1.936115   1.934051   1.828079   1.447041   1.000505   1.424097   1.981731   1.975609   1.931180   2.497602   1.165795   1.262923
  1.338728   1.234885   1.550462   0.946183   0.755574   0.947243   0.792057   1.819751   2.508059   1.715000   1.357334   2.020305   1.633325   1.024679   1.670531   1.476177   1.320217   2.029292   1.065138   1.058623
  1.903864   1.517976   0.650758   0.588660   1.169998   1.181585   0.664517   1.350029   2.112941   0.954680   1.104493   1.468277   1.421305   1.454856   1.004937   1.490686   1.620404   1.269866   0.728330   2.348747
  1.052479   1.135540   1.186349   0.723056   1.035496   0.885254   0.896545   0.891104   1.715579   0.938779   0.752633   0.738947   1.125198   1.823729   0.638798   0.797049   0.502267   0.955367   0.957209   1.285122
  1.538375   0.769852   0.681663   0.673023   1.493241   0.976048   1.870553   0.731945   1.095280   1.017078   0.729263   0.764810   1.315037   0.691732   0.747744   0.912967   0.503236   0.793811   0.653944   0.929458
  1.902942   0.792265   0.985491   1.493267   1.318770   1.107989   1.078745   1.025305   1.435327   0.964684   1.170352   0.928459   0.954129   1.491236   1.128157   1.603403   2.086093   0.944269   0.544179   1.381822
  1.795487   1.356125   0.912164   0.927217   0.640546   0.905747   1.007049   0.750015   1.359554   0.793394   2.035223   1.482295   0.782263   0.834890   1.344488   1.424066   0.857792   0.619186   0.493764   0.738270
  1.130914   0.710684   0.611663   0.482232   0.770120   0.763553   0.800511   0.792133   0.709286   0.745949   0.760384   0.705642   0.755870   0.624158   0.820355   1.676937   0.599605   0.631495   0.457438   0.934218
  1.094269   0.685628   0.619323   0.460901   0.708503   0.949588   0.613575   0.642989   0.690545   0.742599   0.692910   0.662262   0.729473   0.576354   0.573631   0.783922   0.514754   0.670423   0.451660   0.863820
  1.641500   0.587364   1.423364   1.268365   1.068288   1.055748   1.220774   1.197236   1.667543   0.973783   0.915713   1.134727   1.445897   1.023710   1.505219   0.865351   1.026428   0.846420   0.751250   0.597318
  1.108231   0.770827   1.037679   1.347801   0.942342   0.631021   0.587065   1.192637   0.725816   0.991147   1.725146   0.727107   0.782536   2.050577   0.647724   0.826528   0.972381   0.762338   1.095538   0.484638
  0.997838   0.622559   0.573889   0.985135   0.625065   0.621028   0.625704   0.580725   0.627948   0.718658   0.874849   0.732420   0.827865   0.477455   0.577286   0.788213   0.479173   0.618758   0.518570   1.079637
  1.012530   0.563877   0.567278   0.631360   0.596561   0.660420   0.537500   0.587616   0.669556   0.724334   0.686562   0.670400   0.683774   0.553049   0.526629   0.831114   0.468846   0.622514   0.447897   0.643912
  1.036576   0.851029   1.297423   0.949615   1.309666   0.509645   0.985699   0.824990   0.766604   1.155978   1.192553   1.350436   0.810536   1.013283   0.832165   0.919285   1.642106   0.568778   0.961362   0.670519
  1.269631   0.662530   0.744739   0.530036   0.800250   0.542905   0.613063   1.227229   0.920039   0.564783   1.440794   0.731852   0.576366   1.922008   0.491744   0.681523   0.597261   0.589438   1.646086   0.901547
  0.975338   0.654750   0.865024   0.470897   0.653285   0.503919   0.548450   0.604929   0.647252   0.622516   0.670097   0.669312   0.495381   0.518637   0.575054   0.690966   0.469448   0.552015   0.436141   0.657808
  1.043694   0.571011   0.630611   0.418099   0.571022   0.536297   0.531423   0.561021   0.640129   0.569874   0.671123   0.661625   0.541171   0.456694   0.506253   0.785327   0.464829   0.558738   0.462569   0.449397
  1.154213   1.269786   0.925414   0.607768   0.491291   0.770638   0.483691   1.004993   0.758287   1.444344   0.794231   1.261237   0.669101   0.807393   1.007522   1.147892   1.013951   0.663984   0.662517   0.402894
  0.959276   0.563999   0.849743   1.256697   0.689837   0.626897   0.580769   0.674777   0.658897   0.796010   0.829852   0.637301   0.653624   0.743286   1.036916   0.798469   0.718634   0.527378   0.772137   0.480016
  1.002239   0.504083   0.600280   0.447081   0.517401   0.474150   0.501847   0.536071   0.613986   0.556525   0.711020   0.639320   0.442986   0.476291   0.627733   0.729382   0.520323   0.458085   0.426437   0.410441
  0.870752   0.501917   0.560201   0.423818   0.519729   0.498999   0.478952   0.530548   0.608142   0.558228   0.678068   0.619201   0.416173   0.458943   0.467491   0.683390   0.489611   0.472829   0.424018   0.399828
  1.780090   1.104678   0.528443   0.631454   1.268321   1.231659   0.863551   0.972334   0.589767   0.769744   0.899620   1.025380   0.786665   0.897497   0.780421   0.701224   1.825330   0.414468   1.329005   0.741356
  0.955509   0.708486   0.868496   0.412948   0.982111   0.894760   0.608671   1.083517   1.397301   0.558149   0.682265   0.672504   1.167408   0.704458   0.660431   0.683541   0.505771   0.411764   1.431264   0.385669
  0.900289   0.513010   0.507180   0.459246   0.492891   0.509547   0.497896   0.522214   0.602645   0.521556   0.650682   0.620108   0.434198   0.456217   0.488836   0.670596   0.487249   0.424845   0.457588   0.454689
  0.858802   0.499374   0.513494   0.420272   0.482028   0.478365   0.475711   0.522639   0.607491   0.504466   0.645267   0.619675   0.415033   0.465035   0.461552   0.843664   0.463714   0.419016   0.425044   0.387210
  0.866930   1.049082   0.638172   0.570111   0.435398   0.479708   0.891469   0.747047   0.556665   1.130381   0.852366   0.531605   1.093102   0.508776   0.835341   0.794011   0.520926   0.461828   1.789945   0.707022
  0.802297   0.488681   0.697557   0.412133   0.390098   0.548680   0.832062   0.957920   1.759276   0.912432   0.701419   0.788952   1.249133   0.551762   1.154571   0.704963   0.512140   0.621374   1.024548   0.469398
  0.902594   0.498387   0.487353   0.418866   0.549138   0.455730   0.984218   0.504716   0.487265   0.504986   0.660874   0.543478   0.433335   0.580855   0.463141   0.763816   0.462985   0.528317   0.441519   0.463658
  0.824400   0.485173   0.483394   0.408614   0.407261   0.443349   0.483443   0.523528   0.470010   0.492075   0.925412   0.524078   0.401779   0.448101   0.467177   0.736510   0.463073   0.472154   0.424932   0.400402
  1.078206   0.759862   0.821610   0.500942   0.740493   0.587177   1.118025   1.413696   0.594036   1.359506   1.321862   1.025147   1.543720   1.001625   0.771932   0.790683   0.426912   0.453895   0.612385   0.482600
  0.887377   0.615906   0.601989   0.428013   1.408940   0.435132   0.470812   0.885592   0.944395   0.603338   0.958717   0.713056   0.977104   0.470707   0.776654   0.698666   0.396801   0.428504   0.719814   0.425326
  0.847959   0.444741   0.488311   0.400734   0.428261   0.424839   0.475783   0.467090   0.449768   0.501550   0.734887   0.508366   0.415927   0.448585   0.467754   0.860916   0.409844   0.436714   0.416882   0.380184
  0.816422   0.453301   0.485384   0.424424   0.421486   0.425871   0.474199   0.450156   0.418157   0.490430   0.940539   0.517848   0.399010   0.441016   0.467122   0.883157   0.389543   0.412885   0.416550   0.381185
  0.714060   0.943277   0.891202   0.962605   0.932707   0.540810   0.745178   1.595992   0.997991   0.710333   0.719228   0.772344   0.783053   1.120018   0.528289   0.738376   0.726006   0.391071   0.473441   0.467484
  1.181088   0.472347   0.538576   0.408924   0.819380   0.450725   0.505280   0.582468   0.869841   0.513709   0.736377   0.600409   0.484688   0.668629   0.462811   0.716919   0.452765   0.401871   0.435914   0.440384
  0.697398   0.460964   0.486584   0.492190   0.498122   0.435432   0.497979   0.448367   0.589742   0.485429   0.644070   0.474197   0.391644   0.456468   0.433342   0.678546   0.391252   0.394284   0.426959   0.383183
  0.712054   0.441260   0.489822   0.406398   0.389413   0.423784   0.471186   0.439308   0.422597   0.483426   0.671632   0.467079   0.390559   0.439175   0.431457   0.672446   0.390253   0.391382   0.416321   0.380786
  0.813967   0.912353   0.673906   0.392575   1.120232   0.582375   0.471946   1.680437   0.490411   1.002671   0.613463   0.538213   1.106809   0.654437   0.432606   0.704989   0.713073   0.411859   0.465988   0.380851
  0.899151   0.420706   0.445790   0.408627   0.688321   0.508294   0.463337   0.485727   0.416955   0.817204   0.640879   0.465266   0.663560   0.925495   0.435724   0.670606   0.423924   0.393651   0.407387   0.382906
  0.712461   0.455090   0.443070   0.380104   0.424269   0.460456   0.472866   0.459462   0.408952   0.444271   0.655540   0.461441   0.393821   0.441655   0.438224   0.674786   0.418549   0.391423   0.408964   0.381025
  0.694383   0.436965   0.511355   0.421552   0.388445   0.417126   0.453839   0.438488   0.427572   0.453009   0.611014   0.452333   0.390872   0.438162   0.424961   0.671411   0.379324   0.391254   0.406320   0.380540
  0.697556   0.502918   0.619972   0.392482   1.345757   0.414449   0.544139   1.313080   0.754731   1.245889   0.813608   0.816572   0.640504   1.474645   0.406330   0.677667   0.401835   0.398674   0.445091   0.385924
  1.182842   0.660390   0.562057   0.405223   0.633827   0.651281   0.425057   1.608348   0.436738   1.385301   0.659130   1.097698   0.434781   0.568596   0.417414   0.668709   0.384976   0.392113   0.409344   0.382548
  0.692976   0.429440   0.452795   0.389994   0.399104   0.440266   0.413389   0.437219   0.420659   0.453417   0.767981   0.462670   0.394775   0.427657   0.424913   0.665257   0.406862   0.391646   0.409295   0.380521
  0.697209   0.437261   0.427395   0.376023   0.390239   0.416540   0.402973   0.432881   0.404691   0.437723   0.786944   0.450086   0.392261   0.432857   0.407216   0.761892   0.386936   0.391409   0.405049   0.379139
  0.877985   0.508750   0.467885   0.428290   0.672779   0.389731   0.519742   0.729829   0.646482   1.042468   0.655278   0.716726   0.667559   0.574551   0.420155   0.677463   0.469159   0.390344   0.427125   0.379602
  0.691634   0.509918   0.436345   0.396585   0.484428   0.598257   0.430556   0.425648   0.435099   0.551290   0.671367   0.821098   0.607330   0.481080   0.410507   0.655460   0.424337   0.390782   0.410538   0.386289
  0.785763   0.405911   0.430109   0.378514   0.387399   0.407850   0.397268   0.449125   0.407096   0.449821   0.648436   0.477984   0.391244   0.452631   0.406928   0.684154   0.382329   0.390659   0.410989   0.378802
  0.680065   0.402726   0.439343   0.377269   0.387523   0.395414   0.397613   0.412279   0.399733   0.439284   0.734609   0.443769   0.389979   0.430755   0.408074   0.732107   0.380542   0.390723   0.410786   0.379959
  0.679069   0.796158   0.484542   0.384496   0.494747   0.406087   0.412650   0.486891   0.410132   1.061914   0.615270   1.241243   0.407663   0.750793   0.405850   0.701703   0.385734   0.388101   0.430766   0.395510
  0.684892   0.421377   0.419490   0.376370   0.644599   0.521623   0.531311   0.437856   0.430549   0.470207   0.791207   0.657375   0.429825   0.492706   0.409885   0.648979   0.400438   0.387844   0.406956   0.379015
  0.684425   0.409212   0.411992   0.376284   0.418960   0.406684   0.394150   0.419541   0.398813   0.441129   0.606606   0.448715   0.392427   0.441327   0.400882   0.669094   0.379515   0.386791   0.407122   0.378505
  0.684310   0.402556   0.413090   0.375926   0.387469   0.386499   0.401727   0.413643   0.398985   0.426233   0.697700   0.441752   0.396877   0.428372   0.397010   0.686618   0.379645   0.387780   0.406217   0.378612
  0.689261   0.426149   0.435577   0.386800   0.427698   0.391163   0.439776   1.095457   0.584505   0.991817   0.781898   1.074091   0.388924   0.449589   0.391677   0.667785   0.387224   0.387874   0.432626   0.380389
  0.677429   0.407171   0.437904   0.384637   0.413283   0.392134   0.456233   0.561054   0.726055   0.786194   0.620561   1.149148   0.392098   0.425270   0.391353   0.852837   0.381750   0.386475   0.411493   0.379213
  0.784141   0.408222   0.408785   0.377721   0.388161   0.388460   0.398859   0.461158   0.425413   0.427272   0.683127   0.445117   0.395988   0.421227   0.382193   0.842572   0.378368   0.386244   0.405166   1.300039
  0.736556   0.401249   0.407917   0.375608   0.386677   0.387053   0.395062   0.432702   0.407274   0.421964   0.608562   0.444925   0.379429   0.419378   0.382196   0.636328   0.378046   0.386224   0.405491   2.130459
  0.803799   0.468259   0.409679   0.376757   0.518320   0.415778   0.396863   0.838548   0.429338   0.839544   0.623950   1.206589   0.384902   0.636794   0.406030   0.648120   0.392165   1.127254   0.410392   1.534080
  0.918625   0.416368   0.412562   0.378175   0.416565   0.381728   0.395884   1.789692   0.390420   0.501713   0.780865   0.559341   0.382028   0.467837   0.397399   0.630686   0.382479   1.177889   0.399571   1.483957
  0.637865   0.406255   0.410212   0.376098   0.410610   0.386534   0.389651   0.433962   0.397313   0.439527   0.680758   0.447733   0.379588   0.425425   0.384929   0.633707   0.377781   0.940496   0.399268   1.710611
  0.640158   0.401782   0.407995   0.375590   0.386721   0.381445   0.389178   0.417431   0.389712   0.423461   0.623655   0.430585   0.377038   0.419569   0.382823   0.624758   0.377574   0.746076   0.397425   1.088744
  1.105916   0.447040   0.425919   0.376704   0.386808   0.383729   0.418373   0.405596   0.426225   0.637456   0.619555   0.831222   0.436901   0.532001   0.403700   0.620405   0.379239   1.967317   0.401888   1.009055
  0.667561   0.403626   0.408162   0.375770   0.384127   0.398120   0.391386   0.404387   0.416892   0.457844   1.375076   0.494242   0.399849   0.440848   0.384692   0.615129   0.378947   1.962845   0.397105   1.130725
  0.645609   0.400926   0.409093   0.375819   0.389933   0.382251   0.389507   0.405354   0.391577   0.423040   1.182804   0.433307   0.378118   0.420454   0.380060   0.603134   0.377145   1.182664   0.397552   1.497599
  0.639464   0.400993   0.409961   0.375600   0.383808   0.381084   0.389246   0.402874   0.391137   0.417826   0.952937   0.423799   0.377352   0.418139   0.380134   0.593166   0.377074   1.414190   0.397333   1.019342
  0.754434   0.419799   0.442800   0.865895   0.391741   0.385121   0.540227   0.500121   0.397224   0.561643   1.287947   0.606159   0.490009   0.400749   0.378020   0.601993   0.378691   1.457556   0.399009   1.461314
  0.685586   0.396722   0.429402   0.895217   0.407567   0.381589   0.396781   0.414499   0.390425   0.711694   1.157327   0.735067   0.391601   0.405691   0.407086   0.588485   0.376984   1.956901   0.399284   2.110904
  0.636770   0.398299   0.412408   0.748429   0.379995   0.381281   0.390937   0.433551   0.393456   0.418565   2.300781   0.420811   0.378856   0.404258   0.406354   0.578593   0.376906   1.818057   0.396852   1.205118
  0.636804   0.396746   0.408324   1.365948   0.377932   0.379459   0.388052   0.409387   0.389616   0.417135   1.414259   0.419572   0.377322   0.400841   0.383207   0.575436   0.376673   2.000331   0.397112   2.073882
  0.708664   0.409724   0.409518   1.134985   0.384196   0.384552   0.408908   0.462658   0.419101   0.436144   1.655283   0.532932   0.381132   0.402836   0.383281   0.572010   0.901653   1.482013   0.396920   1.383367
  0.636141   0.402279   0.408463   1.899259   0.380294   0.379579   0.389917   0.429082   0.392724   0.422104   0.833629   0.966001   0.376324   0.395584   0.382243   0.546246   2.100916   1.937078   0.398773   0.943670
  0.639251   0.396697   0.408524   1.419600   0.378443   0.379926   0.387728   0.416772   0.390445   0.422972   1.284884   0.418224   0.376247   0.419475   0.378875   0.524151   0.812855   1.028709   2.436159   1.659146
  0.636220   0.396754   0.407929   1.842724   0.379010   0.379099   0.389183   0.397686   0.388561   0.413644   1.502938   0.414815   0.376270   0.400312   0.380568   0.522748   0.687455   0.567363   0.863095   1.244939
  0.698974   0.405038   0.410529   0.913707   0.391819   0.380405   0.401479   0.555771   0.395024   0.628968   1.168348   0.511281   0.387589   0.473683   0.379911   0.506393   1.932116   0.909598   1.341308   1.009459
  0.678886   0.402238   0.408581   1.385593   0.380053   0.377638   0.388796   0.420816   0.389815   0.449836   1.796759   0.444036   0.382562   0.427866   0.378168   0.463184   2.074918   1.137220   1.936414   0.791810
  0.635682   0.394136   0.408163   1.743172   0.378176   0.377777   0.387789   0.390059   0.387333   0.416009   0.944527   0.439336   0.377569   0.396436   0.378787   0.404455   1.828366   1.129381   1.390380   0.908107
  0.635375   0.390571   0.407823   2.014354   0.378212   0.377445   0.387862   0.387670   0.386511   0.414766   1.258959   0.414184   0.376232   0.396048   0.998989   0.533489   0.974896   0.610125   1.466911   0.861294
  0.677623   0.388714   0.700681   1.630608   0.380156   0.379378   0.386106   0.391080   0.385001   0.441268   0.919233   0.748985   0.380022   0.409233   0.783844   0.850500   1.507484   1.052196   1.654603   0.626161
  0.634781   0.389546   1.639969   1.351748   0.383009   0.377885   0.386155   0.403762   0.395182   0.441542   0.927812   0.441339   0.382729   0.396235   0.567605   0.515677   1.772577   0.628025   1.391656   0.671673
  0.634732   0.389999   0.911913   0.887232   0.823556   0.376665   0.386672   0.389271   0.385737   0.400317   0.778554   0.413200   0.379582   0.397436   1.198099   0.403552   1.302386   0.482308   1.120851   1.874552
  0.634447   0.389508   1.663515   0.645106   1.430256   0.376454   0.386056   0.391786   0.385241   0.394670   0.843128   0.412147   0.376276   0.394640   1.379886   0.398671   1.359687   0.481076   1.104023   0.637332
  0.646950   0.393464   1.155443   0.636382   0.708801   0.377899   0.389006   0.517470   0.386279   0.396647   0.805482   1.053656   0.379783   0.392271   1.589163   0.665255   1.829244   0.640282   1.105271   0.620693
  0.632998   0.392738   0.886337   1.689596   1.252690   0.376273   0.390452   0.388581   0.383604   0.410840   1.130754   0.624759   0.377574   0.393830   1.397665   0.607551   0.916791   0.467876   1.378674   0.630088
  0.628747   1.082491   1.266305   0.559553   0.735434   0.376326   1.050059   0.388520   0.390622   0.398178   0.658356   0.421805   0.376246   0.390670   1.416404   0.412073   0.914538   0.653829   0.864940   1.360684
  0.685052   1.348575   1.550797   0.571207   2.174917   0.376043   0.864867   0.388473   0.383301   0.400335   0.591445   0.409746   0.375850   0.386539   1.388569   0.402985   0.786345   0.527788   0.956454   0.734862
  0.688246   1.283369   2.405806   0.691573   0.886514   1.089940   0.862497   0.389345   0.384397   0.392816   0.578083   0.973660   0.377220   0.388888   1.707767   0.754542   1.928713   0.827552   0.807846   0.601951
  0.628517   1.007553   1.812360   0.995759   1.465949   1.043217   1.162805   0.402283   0.382221   0.403289   2.005295   0.481496   0.376336   0.387481   2.365430   0.601868   0.721210   0.558776   1.091571   0.577598
  0.636804   1.689040   1.085262   0.605400   1.781606   0.976479   0.990059   0.388686   0.388470   0.393317   0.606698   0.432221   0.375998   0.386044   2.031409   1.171031   0.533634   0.464435   1.071534   1.431536
  0.629949   2.508105   1.631013   0.552375   1.304732   1.745398   1.732593   0.388397   0.380792   0.388164   0.517899   0.407712   0.375809   0.384417   1.011555   1.290770   0.477604   0.431070   1.172647   0.600864
  0.629104   1.007333   1.022826   1.409808   2.167307   1.113036   2.200416   0.387363   0.384029   0.430938   0.534946   0.871578   0.377749   0.384794   1.314292   0.848112   1.510098   1.180185   0.730413   0.571078
  0.628596   2.242653   1.271843   1.266171   1.716318   1.407432   1.618335   0.386873   0.403172   0.391096   1.944189   0.466892   0.896063   0.385072   0.912533   1.137190   0.626534   0.408911   0.738359   0.560733
  0.634818   1.875014   1.662957   0.532974   1.343681   0.977498   1.742140   0.385579   0.384121   0.392988   0.712741   0.413884   1.754223   0.382526   0.465742   1.048251   0.561786   0.441519   1.038698   0.840285
  0.629453   1.292681   0.922666   0.530630   0.898217   1.523506   2.226824   0.385997   0.381937   0.386632   0.607167   0.407583   1.510226   0.380935   1.813661   1.043751   0.473408   0.546318   1.292938   0.715233
  0.633463   2.121084   1.318097   1.064247   0.690700   1.348978   1.454634   0.385130   0.408513   0.399779   0.484743   0.565134   1.410631   0.397979   0.917172   1.532530   1.183254   0.621604   0.800290   0.632042
  0.514450   1.761161   0.920115   0.661266   0.694753   1.889920   2.117794   0.385764   0.776196   0.389417   0.640132   0.438091   1.060137   0.390785   0.687012   1.474709   0.684504   0.826612   0.738915   0.542854
  0.956495   0.677571   0.796956   0.549757   1.294768   1.431905   1.386420   0.385421   0.586468   0.390173   1.562219   0.405591   1.417323   0.382789   0.535998   2.052010   0.494343   0.525183   0.772734   0.923881
  0.982304   1.843771   0.626475   0.508166   0.791786   2.200544   0.932650   0.385038   1.207441   0.385446   0.493478   0.402377   1.617260   0.381512   1.579696   1.145182   0.475116   0.447068   0.807392   0.550975
  1.378959   0.859044   0.817858   1.338758   0.779329   0.805280   0.692714   0.398958   1.405461   0.491947   0.499253   0.447531   1.595428   0.402959   0.637909   1.852991   0.925179   0.526531   0.716655   0.547396
  1.958498   0.791304   1.003546   1.098171   0.646917   1.957810   0.651777   0.384553   1.837222   0.435313   1.525491   0.406480   1.449875   0.383621   0.594085   0.722749   0.551533   0.410012   0.708423   0.594507
  1.282261   1.618594   0.606960   0.485322   0.559602   1.153645   0.920284   0.384031   1.624781   0.387520   0.755218   0.404007   1.397115   0.380408   0.465731   1.358122   0.446368   0.403990   0.680423   0.692118
  1.858892   0.733601   0.612193   0.472029   1.270762   0.749666   1.032410   0.384906   1.213125   0.383851   0.526744   0.402997   1.165055   0.380163   0.858186   1.419822   0.418922   0.401844   0.822079   0.562921
  1.780852   0.741263   1.217045   1.368605   0.571360   0.752587   0.593042   0.395936   1.027198   0.402144   0.479669   0.590155   1.801611   0.390876   0.591797   0.604157   0.500028   0.465197   0.721207   0.549791
  0.886230   0.688132   0.792550   1.349871   0.539062   0.914578   0.577829   0.384442   1.093870   0.388640   0.612274   0.423774   0.689564   0.380348   0.532193   1.196808   0.433153   0.540326   0.723192   0.540557
  1.825668   1.094559   0.570709   0.452324   1.481554   0.735044   0.706699   0.384290   1.026036   0.393672   1.079397   0.400557   1.737244   0.380228   0.476094   1.555499   0.394845   0.430911   0.958062   0.977894
  1.503645   0.893150   0.580597   0.467458   0.684561   0.753667   1.624278   0.384023   1.791692   0.386467   0.474615   0.399713   1.683378   0.380199   0.720036   0.723349   0.395001   0.399563   1.016665   0.572383
  1.512916   0.699209   0.681099   0.897549   0.494985   0.497491   0.524620   0.384128   1.434382   0.445192   0.564628   0.456705   0.742437   1.543636   0.518202   0.749544   0.415598   0.500015   0.582898   0.475075
  1.533374   0.762807   0.913915   0.822545   0.654588   1.241924   0.515351   0.383947   1.441967   0.386848   1.094368   0.397858   1.536003   0.823362   0.453528   0.976121   0.416782   0.453132   0.604138   0.535900
  1.476547   0.676766   0.646715   0.417744   1.450520   0.671891   1.490277   0.383977   1.101041   0.383709   0.662491   0.397663   0.411209   1.061938   0.455590   0.908313   0.404869   0.398332   0.950809   0.734065
  0.688260   0.738387   0.561264   0.424194   0.799800   0.490712   1.290185   0.384083   1.061214   0.382892   0.450470   0.398337   0.571268   1.372819   0.624912   1.124411   0.396894   0.397632   0.544922   0.435570
  0.527321   0.631787   1.693688   1.510373   0.565142   0.882466   0.651315   0.384729   0.649324   0.382711   0.446725   0.436630   0.515963   0.920890   0.447781   0.660732   0.390561   0.587882   0.495768   0.495285
  0.771929   0.645076   0.707130   0.936808   0.507664   1.110792   0.510814   2.404598   1.671675   0.385639   0.600757   0.400069   0.495050   1.365593   0.433210   0.755227   0.395365   0.446395   0.534067   0.500909
  0.515378   0.602388   0.545223   0.426678   0.537169   0.617585   1.798232   1.767855   0.638438   0.383323   0.557320   0.397684   0.700683   1.392649   0.431578   1.218899   0.391171   0.390907   1.763307   0.486326
  0.467333   0.811549   0.544295   0.418446   0.498310   0.495371   1.236151   1.425744   0.591478   0.383206   0.452388   0.395622   0.428658   1.580363   1.074743   0.498223   0.390965   0.392632   0.794428   0.430095
  0.474503   0.533934   1.060593   0.478802   0.417988   1.291368   0.641179   0.754471   0.623998   0.407866   0.441932   0.398330   0.423917   0.904089   0.597442   0.592367   0.508072   0.711866   0.460786   0.416893
  1.220975   0.558266   1.664356   0.743564   0.913938   0.592950   0.483119   1.371856   0.610692   0.382214   0.898019   0.399334   0.877681   1.002466   0.423432   0.863898   0.427724   0.396774   0.468300   0.422523
  1.149616   0.630027   0.549662   0.436715   0.520044   0.505381   1.103552   2.044075   0.701427   0.382652   0.582862   0.399166   0.826463   2.066713   0.426891   0.496455   0.386252   0.393753   0.452146   0.783825
  0.685864   0.557782   0.545769   0.459837   0.466556   0.481583   0.891147   1.545857   0.624793   0.382240   0.420624   0.395184   0.467228   2.393310   0.507757   0.525588   0.389789   0.389565   0.581574   1.153736
  0.471880   0.527225   1.440040   0.520377   0.419762   0.859558   0.489785   0.947217   0.587890   0.381404   0.422536   0.421334   0.430980   0.826591   0.407764   0.531777   0.391979   0.387850   0.421335   0.476849
  0.493485   0.548276   0.543588   0.502138   0.431338   0.815981   0.485471   1.542405   0.477230   0.381423   0.758094   0.401085   0.586641   1.198811   0.493739   0.470117   0.389500   0.382015   0.406506   0.415223
  0.554891   0.505066   0.545287   0.422954   0.476893   0.520180   0.750944   1.128025   0.670699   0.381818   0.445424   0.397454   0.782775   0.688445   0.407634   0.711402   0.383372   0.379385   0.461508   1.594719
  0.479210   0.495997   0.544632   0.419503   0.520487   0.495273   0.575636   1.554084   0.479331   0.381386   0.414424   0.395144   0.417479   0.694133   0.658188   0.634241   0.383584   0.395351   0.442356   0.590409
  0.460471   0.713338   0.798335   0.460663   0.415117   0.991858   0.610501   1.462695   0.495966   0.381166   0.459599   0.404438   0.405084   1.019094   0.963657   0.586328   0.388339   0.420341   0.576649   0.411150
  0.537860   0.476585   0.573487   0.471766   0.416110   0.543539   0.490899   1.163134   0.560441   0.385758   1.036499   0.396951   0.793913   1.419618   0.453812   0.568560   0.393953   0.485699   0.396605   0.412910
  0.490338   0.507458   0.530432   0.420994   0.654811   0.470699   0.569208   1.396095   0.740999   0.933246   0.453588   0.395006   0.449362   0.675017   0.399360   0.650169   0.382850   0.415048   0.544217   0.928425
  0.462919   0.474025   0.526982   0.423215   0.569086   0.470429   0.640091   1.469678   0.473582   1.747439   0.418352   0.394931   0.418345   0.647196   0.424433   0.547728   0.382102   0.382234   0.490869   0.458733
  0.450322   0.462998   0.623420   0.449642   0.435383   0.583938   0.487400   0.779043   0.467871   1.416805   0.415548   0.397655   0.413852   1.214769   0.410146   0.457475   0.388512   0.590360   0.470297   0.425702
  0.478694   0.457220   0.796088   0.410237   0.415671   0.470720   0.482516   1.332400   0.636965   0.621407   0.508397   0.393908   0.818007   0.459951   0.405949   0.673422   0.386600   0.419852   0.407356   0.412142
  0.577748   1.457581   0.563583   0.410567   0.429778   0.453109   0.599265   0.848538   0.431482   1.473065   0.437447   0.393989   0.436240   1.153087   0.397130   0.519142   0.384773   0.382371   0.509727   0.659018
  0.417024   0.979930   0.514748   0.410367   0.418697   0.444168   0.554042   0.750909   0.543895   1.605578   0.416659   0.394011   0.407764   0.492727   0.562249   0.457021   0.386831   0.377589   0.498873   0.556783
  0.421903   0.461543   0.904196   0.417724   0.419295   0.398355   0.486208   0.753262   0.436098   1.260973   0.415120   0.396062   0.403417   0.871655   0.612162   0.444966   0.432364   0.610281   0.430869   0.418922
  0.475706   0.422233   0.487694   0.416705   0.406999   0.508675   0.468380   0.758326   0.429745   2.231003   0.605522   0.397451   0.468855   0.667835   0.440440   0.651007   0.389081   0.397752   0.393989   0.411004
  0.406744   0.995920   0.576463   0.414777   0.463161   0.421639   0.743757   1.223135   0.433742   1.467800   0.530919   0.396252   0.435986   0.487721   0.408172   0.441132   0.384551   0.382233   0.471262   0.696472
  0.397843   0.914685   0.498236   0.409215   0.407258   0.410285   0.475834   1.027282   0.432405   1.833835   0.438205   1.114283   0.400167   0.455542   0.449732   0.452870   0.383342   0.377800   0.536362   0.458991
  0.392512   0.444907   0.645067   0.460625   0.403276   1.295587   0.465134   0.806567   0.426658   1.218789   0.414047   2.040972   0.395697   0.818261   0.412292   0.441174   0.388459   0.859197   0.399450   0.412759
  1.375405   0.425594   0.516785   0.411098   0.398194   0.718763   0.467179   0.849737   0.431452   1.178615   0.458401   0.962541   0.440222   0.527813   0.401823   0.431372   0.383604   0.386099   0.395262   0.409418
  0.449385   0.438705   0.479223   0.405567   0.439368   0.395885   0.604587   0.799108   0.423790   1.776363   0.509237   1.195661   0.396326   0.463271   0.394798   0.421299   0.382515   0.385862   0.430535   0.447578
  0.459350   0.419084   0.480275   0.406040   0.407675   0.398677   0.453857   0.748447   0.431831   1.022411   0.409845   1.299748   0.390197   0.473637   0.410931   0.419067   0.383959   0.377666   0.389643   0.426016
  0.402188   0.476511   0.477627   0.400434   0.397334   0.627248   0.480709   0.729954   0.426196   0.995300   0.406494   1.122446   0.389119   0.518027   0.426812   0.420168   0.383502   0.393547   0.391309   0.404020
  0.794570   0.422539   0.561828   0.402823   0.399492   0.720514   0.448473   0.765571   0.422827   0.507975   0.399836   1.157710   0.422291   0.434416   0.399714   0.770935   0.382108   0.411541   0.389830   0.401533
  0.477488   0.412774   0.532990   0.399968   0.503693   0.413398   0.519387   0.784865   0.528809   1.133929   0.402256   2.478399   0.400896   0.438270   0.394843   0.405712   0.383354   0.379904   0.559637   0.399164
  0.396992   0.886199   0.485017   0.400228   0.417636   0.398773   0.455564   0.702630   0.418314   0.633424   0.415353   1.602779   0.384392   0.413496   0.438565   0.462840   1.961247   0.377673   0.440424   0.420042
  0.396905   0.414666   0.855704   0.409910   0.397413   0.418710   0.426758   0.685100   0.415587   0.509328   0.400570   0.922837   0.384820   0.577254   0.416491   0.414659   1.483133   0.374643   0.382582   0.401347
  0.534753   0.461961   0.846966   0.397516   0.397654   0.395653   0.427660   0.669892   0.414212   0.469499   0.556957   1.179444   0.427139   0.605049   0.393164   0.435952   1.160969   0.377761   0.382805   0.399272
  0.449667   0.533432   0.543610   0.398310   0.405765   0.398850   0.426289   0.763532   0.423374   1.235935   0.401645   1.491075   0.413871   0.435713   0.392804   0.413173   1.201396   0.375831   0.390824   0.558787
  0.398725   0.668035   0.465160   0.396164   0.402088   0.400250   0.533294   0.601765   0.413644   0.595954   0.401179   1.918108   0.385010   0.408455   0.391162   0.402308   1.669899   0.376066   0.392650   0.474972
  0.384890   0.547535   0.506857   0.404947   0.396078   0.522622   0.418501   0.579782   0.456126   0.551902   0.402024   1.398863   0.384399   0.504597   0.397886   0.397524   0.887287   0.374554   0.382689   0.398333
  0.382028   0.407538   0.462110   0.396105   0.393454   0.412197   0.456147   1.126218   0.399366   0.491215   0.427451   0.804733   0.398577   0.600203   0.390245   0.445662   2.101588   0.377531   0.384813   0.398354
  0.512203   0.421926   0.468069   0.395777   0.402256   0.398160   0.415573   1.346922   0.476562   1.248233   0.413310   0.737821   0.387794   0.413950   0.390992   0.469429   1.409257   0.374178   0.405110   0.444299
  0.389136   0.575659   0.450224   0.394867   0.399449   0.392358   0.453050   0.587105   0.423017   0.662648   0.400834   0.790428   0.387768   0.406710   0.400990   0.434199   1.255464   0.374557   0.385666   0.392926
  0.397610   0.420915   0.445838   0.394123   0.396989   0.394962   0.416277   0.571969   0.404294   0.614152   0.548403   1.249108   0.384391   0.442368   0.394461   0.395604   1.150033   0.391974   0.382265   0.395486
  0.427383   0.425482   0.460169   0.394759   0.392041   0.395902   0.411887   1.333589   0.446633   0.465850   1.054983   1.071542   0.385485   0.428002   0.389777   0.653384   1.394246   0.378952   0.382478   0.392501
  0.555445   0.430803   0.501424   0.393709   0.402970   0.390226   0.489484   0.941954   0.474157   0.573097   1.372471   0.836180   0.384851   0.415340   0.390607   0.493820   1.488198   0.374460   0.404376   0.503682
  0.384153   0.435880   0.448748   0.387935   0.390609   0.392417   0.397951   0.561381   0.434894   0.652116   1.579756   1.052651   0.383338   0.405590   0.416814   0.398766   0.727483   0.374527   0.388793   0.392192
  0.382826   0.399558   0.483585   0.389454   0.390533   0.397740   0.399384   0.559788   0.393126   0.539391   1.510492   1.427861   0.383770   0.483666   0.390742   0.403966   1.197589   0.972452   0.383112   0.408604
  0.389771   0.401312   0.478172   0.404610   0.390745   0.392905   0.398416   0.612221   0.405740   0.496893   1.266477   0.792841   0.384606   0.469855   0.388838   0.662344   0.595643   0.854478   0.382008   0.390941
  0.385235   0.405843   0.460531   0.391093   0.399079   0.390904   0.429084   0.586768   0.515670   1.182009   1.049831   0.739828   0.386892   0.413349   0.389076   0.389206   0.706522   1.074151   0.386581   0.396962
  0.384131   0.401712   0.447465   0.386154   0.390307   0.390891   0.403954   0.559332   0.394510   0.534695   1.861891   0.872246   0.383371   0.407345   0.412113   0.390927   1.366567   1.240752   0.384030   0.393194
  0.384165   0.401931   0.522322   0.386252   0.391164   0.400278   0.402402   0.553468   0.403227   0.455719   1.084056   0.788733   0.383414   0.536795   0.391045   0.387112   0.760335   0.738658   1.249472   0.389164
  0.381339   0.398641   0.464411   0.392176   0.389534   0.390684   0.393661   0.781693   0.416088   0.451460   1.663039   0.736333   0.385225   0.410415   0.388913   0.404662   0.492617   1.455009   1.346742   0.388470
  0.379018   0.395778   0.439112   0.384054   0.388570   0.390191   0.433964   0.817199   0.403111   0.590493   1.024549   0.728850   0.384338   0.403168   0.388825   0.384831   0.497919   1.187228   1.041704   0.499843
  0.380215   0.396880   0.441610   0.388038   0.388378   0.390087   0.400491   0.555771   0.394541   0.522943   1.543963   0.740147   0.383288   0.404567   0.391662   0.390193   2.081940   1.516143   0.692254   0.437398
  0.378841   0.402004   0.463911   0.390003   0.389537   0.387796   0.387851   0.590494   0.386618   0.459965   1.710116   0.845479   0.383322   0.427237   0.388766   0.384029   0.562268   1.209704   1.705513   0.388431
  0.377329   0.395918   0.446582   0.384194   0.388011   0.386411   0.388111   0.485681   0.410303   0.449162   0.829785   0.733059   0.385559   0.406969   0.389422   0.404544   0.452413   1.775697   1.185348   0.387906
  0.378570   0.413215   0.443772   0.383865   0.387916   0.387169   0.464039   0.571954   0.385258   0.479485   0.846595   0.719725   0.669393   0.404834   0.388049   0.391755   0.451321   1.843618   1.880434   0.458612
  0.378447   0.391462   0.439647   0.383938   0.390318   0.386624   0.458875   0.476291   0.387528   0.459270   0.553815   0.712623   1.059909   0.403547   0.401841   0.384840   1.144318   1.722623   1.615089   0.395598
  0.378128   0.396513   0.469689   0.383170   0.387913   0.384309   0.399327   0.488481   0.383346   0.446705   1.221565   0.781743   1.236029   0.420312   0.388294   0.392017   0.711860   0.774752   1.692732   0.391881
  0.384021   0.395192   0.445802   0.390069   0.387714   0.387964   0.387986   0.501161   0.407076   0.427084   0.780262   0.699564   2.156983   0.401397   0.387134   0.409855   0.559717   2.060447   1.946248   0.387866
  0.381979   0.389145   0.440091   0.383475   0.387804   0.384496   0.390533   0.432442   0.389058   0.616128   0.490420   0.665342   1.106063   0.407158   0.387240   0.385261   0.477198   0.971108   1.420015   0.450722
  0.658643   0.388953   0.440489   0.383588   0.387612   0.384362   0.389822   0.488970   0.385648   0.433277   0.537528   0.776930   2.106075   0.399490   0.393104   0.384534   1.033705   0.718562   1.006756   0.393535
  0.845345   0.416319   0.437506   0.384810   0.387599   0.384758   0.389072   0.439508   0.384425   0.417387   0.921595   0.931205   1.188283   0.421013   0.388232   0.383183   0.713495   0.652821   1.412846   0.390005
  2.573566   0.402779   0.435770   0.390289   0.917457   0.385401   0.387933   0.487911   0.383461   0.434636   0.402086   0.774008   1.048038   0.402621   0.387239   0.413062   0.622675   0.844767   0.939429   0.389650
  1.339109   0.386141   0.437779   0.383435   1.095006   1.140819   0.398905   0.448615   0.380950   0.794853   0.519766   0.861288   1.420408   0.398824   0.387181   0.394032   0.481750   0.682061   1.263072   0.414564
  1.922440   0.446033   0.435418   0.383365   1.408096   1.028448   0.387866   0.444810   0.381808   0.484121   0.482800   0.794727   1.217655   0.399124   1.507093   0.382287   0.726640   0.668355   0.724304   0.399343
  1.432583   0.391644   0.438384   0.385611   0.923862   0.785129   0.388138   0.436184   0.381496   0.430169   0.690770   0.698484   1.510348   0.404263   1.198301   0.380762   0.510908   0.867810   0.662728   0.386802
  1.471342   0.397022   0.438750   0.383410   0.908191   1.805057   0.389397   0.449285   0.383211   0.421255   1.367489   0.662917   1.420750   0.394641   1.520830   0.380441   0.467357   1.149162   1.738139   0.387034
  1.420271   0.430052   0.438421   0.383127   1.746226   1.124302   0.386455   0.424461   0.381141   0.422526   0.434337   0.658807   1.900085   0.394051   0.888454   0.380752   0.453131   0.745002   1.602239   0.405215
  1.326638   0.386074   0.435004   0.983055   1.272890   1.232598   0.389132   0.432198   0.381453   0.410820   0.402874   0.666852   1.841874   0.393808   0.878981   0.384199   0.480767   0.674392   0.687623   0.386373
  1.124252   0.395017   0.434782   1.377929   1.624993   1.479182   0.384753   0.418145   1.265291   0.400819   0.802194   0.683030   0.652271   0.431633   1.623976   0.399368   0.484062   0.696362   1.102984   0.387365
  1.864769   0.387469   0.435268   1.511565   1.744916   1.352609   0.384864   0.795833   1.381719   0.399596   0.490971   0.662498   0.596100   0.392633   1.112323   0.383954   0.450101   0.681484   0.533253   0.385927
  1.405465   0.393680   0.435975   0.635899   1.074228   1.714755   0.384101   0.500179   1.324178   0.490326   0.481416   0.663785   0.786344   0.392702   1.843178   0.385844   0.431348   0.612084   0.509959   0.385371
  1.283759   0.386859   0.435309   1.491023   1.894769   1.604620   0.385435   0.421083   1.887465   0.401627   0.397990   0.648023   0.886523   0.392589   2.297249   0.380259   0.731760   0.618086   0.541059   0.385929
  0.666685   0.385910   1.528516   1.798060   1.302316   1.887216   0.383872   0.417676   1.285676   0.402500   0.543273   0.678781   0.585164   0.393076   1.289158   0.380081   0.553786   0.506535   0.792369   0.385749
  0.753019   1.121572   0.542333   1.035518   1.807353   1.750111   0.383727   0.542342   1.058377   0.399235   0.409612   0.607238   0.584287   0.395268   0.920219   0.382354   0.419570   0.722312   0.650783   0.385615
  0.643465   1.743065   0.832165   1.867694   1.117238   1.493121   0.386819   0.395933   1.843085   0.710988   0.409258   0.580594   0.728004   0.396409   1.804435   0.380021   0.420654   1.016571   0.472051   0.385450
  1.660109   1.411108   0.820178   1.477193   1.519926   1.654796   0.383698   0.481529   0.929105   0.409262   0.397563   0.596877   0.714093   0.392900   1.500160   1.722241   0.449833   0.483234   0.477994   0.387144
  2.121060   0.804817   1.057788   1.194742   0.921650   0.891983   0.382776   0.412795   1.817968   0.396581   0.454172   0.586292   0.636568   0.405362   0.881827   1.461878   0.424742   0.581079   1.462442   1.153099
  0.608274   1.531095   1.194006   2.383661   0.560219   0.801551   0.382126   0.899080   1.375504   0.396122   0.400489   0.561159   0.616689   0.393773   0.835127   2.173366   0.427136   1.043226   0.656508   1.982123
  0.576089   1.308911   1.079310   1.561461   0.994874   1.486416   0.382396   0.516266   1.280176   0.463081   0.393557   0.567061   1.220463   0.392064   1.052355   1.170283   0.417766   0.512851   0.591991   1.752973
  0.676868   1.126494   2.128020   1.349694   0.640958   0.879194   0.386391   0.405447   1.942075   0.427520   0.385133   0.549652   0.838337   0.391964   0.815086   0.808713   0.444029   0.463177   0.446952   2.197859
  0.633564   1.522433   1.747363   1.883887   0.653872   0.776562   0.382891   0.397208   1.435087   0.395716   0.672066   0.529959   0.552296   0.393223   1.071949   0.890159   0.468898   0.645031   0.682391   1.074646
  0.524486   1.462433   2.137986   1.077283   1.066301   0.762758   0.382597   0.391848   0.867973   0.395257   0.394307   0.552191   0.546322   0.394996   0.736824   2.217035   0.416349   0.598836   0.563991   1.646376
  0.536778   1.008284   1.470175   0.731085   0.978906   0.860740   0.380748   0.469954   0.841736   0.443720   0.410282   0.532205   0.870654   0.393255   1.198345   1.307349   0.404712   0.482593   0.445627   1.025842
  0.736556   1.310596   2.232947   1.163187   0.579845   1.042423   0.380493   0.393232   0.680255   0.397765   0.404389   0.586522   0.710513   0.392293   0.632952   1.748701   0.414265   0.467574   0.448817   1.192182
  1.518587   1.458428   1.344076   0.764354   0.532472   0.715352   0.380608   0.394487   2.008845   0.396262   0.756584   0.507568   0.565689   0.391969   0.564982   1.484666   0.521145   0.658503   0.802517   1.413285
  0.510598   1.550852   0.450603   0.798989   0.698003   0.657149   0.380504   0.436137   0.681372   0.394590   0.463403   0.505264   0.532525   0.391821   1.811779   0.943625   0.400782   0.430094   0.591598   1.393859
  0.537566   1.658484   0.477151   0.655094   0.627709   1.191800   0.380399   0.392664   1.084103   0.426390   0.404449   0.490983   0.569119   0.391771   0.592172   1.798148   0.404511   0.479056   0.467190   1.591172
  0.748178   0.803925   1.961234   0.675858   0.536662   0.686179   0.382302   0.394344   0.696540   0.415522   0.386219   0.432226   0.629117   0.391864   1.352976   1.137888   0.489392   0.431783   0.442857   1.136550
  0.693576   0.764001   1.141418   0.569395   0.532856   0.653401   0.696482   0.398093   1.495008   0.399881   0.611715   0.422970   0.563394   0.392333   1.161952   1.006828   0.413247   0.477378   1.069018   1.360211
  0.439402   1.450177   0.840898   0.520179   0.705273   0.640498   1.019743   0.401641   1.135812   0.394127   0.412108   0.408319   0.522955   2.114838   0.538525   1.064832   0.400126   0.443398   0.884774   1.028173
  0.459619   1.791415   0.442166   0.482823   0.598668   0.928677   1.590664   0.389387   0.660419   0.446592   0.388319   0.433012   0.726091   1.143861   0.512832   0.770014   0.403333   0.419185   0.465097   1.560284
  1.679382   1.852344   0.461151   1.319906   0.534073   0.516959   1.305112   0.390460   0.645487   0.403138   0.387015   0.463675   0.543891   1.610560   0.635482   1.349305   0.659573   0.416216   0.477371   0.689560
  0.719960   0.697255   1.368493   0.915145   0.526792   0.620559   1.330022   0.390480   0.864846   0.394011   0.387276   0.454495   0.537009   1.231361   0.634441   1.289116   0.467225   0.453831   1.976816   1.995520
  0.439175   0.707883   0.774073   0.511579   0.448862   0.488716   1.649874   0.403216   0.571375   0.393298   0.384907   0.428300   0.515801   0.941174   0.462001   0.904830   0.394664   0.405803   0.551755   0.517336
  0.436885   0.692552   0.579926   0.502874   0.734346   0.783046   0.832027   0.389781   0.545412   0.413551   0.387835   0.398225   0.599728   1.636168   0.500384   1.000905   0.394596   0.401887   0.447001   0.850326
  1.619599   0.687875   0.518187   1.620156   0.478869   0.457945   1.791789   0.389525   0.536496   0.400887   0.382575   0.895545   0.556352   2.561487   0.999190   0.788091   0.634059   0.398191   0.442668   0.526407
  1.251693   0.614129   0.962547   0.673334   0.454909   0.946203   1.872792   0.389258   0.700506   0.397847   0.382211   1.005975   0.481645   1.218481   1.414696   0.616061   0.433598   0.755388   0.576302   0.718752
  0.441263   0.875875   1.116378   0.501966   0.457867   0.656389   1.639397   0.386870   0.703820   0.393228   0.378648   0.410429   0.483171   1.937371   0.467372   0.703743   0.401488   0.833083   0.533750   0.434294
  0.436611   0.649421   0.714199   0.480804   0.478221   0.569555   1.904274   0.386804   0.658750   0.421279   0.380105   0.407464   0.472656   1.130819   0.466995   0.603909   0.394926   0.399882   0.441054   0.490429
  0.910290   0.609120   0.570949   0.431149   0.432282   0.645682   1.891674   0.386466   0.541062   0.395494   0.378811   0.476509   0.534835   1.973021   0.919597   1.136827   0.401346   0.398625   0.440676   0.431119
  0.560350   0.611609   0.794368   0.454974   0.427008   0.572385   1.132306   0.386171   0.644060   0.392285   0.378433   0.407729   0.403723   1.206386   0.620113   0.476563   0.399606   0.502225   0.464711   0.694721
  0.434567   0.857205   0.432621   0.438763   0.452763   0.507818   0.678150   0.384288   0.455083   0.392818   0.379994   0.393652   0.639687   1.285249   0.446901   0.484210   0.396959   0.420514   0.438262   0.768662
  0.429044   1.038144   0.406835   0.436392   0.424776   0.479612   0.666016   0.389472   0.460586   0.400378   0.378017   0.408929   0.742735   1.862360   0.449937   0.545811   0.392211   0.401421   0.438342   0.917519
  0.939778   0.669270   0.442394   0.986702   0.419386   0.615819   0.686491   0.384223   0.453899   0.391681   0.377887   0.476551   0.829459   0.867336   0.632051   1.154588   0.500474   0.395392   0.434871   0.473043
  1.102283   0.584517   0.560047   0.609249   0.424402   0.451525   1.012003   0.384101   0.985367   0.400662   0.380541   0.402998   0.406282   0.903979   0.920869   0.674713   0.429454   0.428880   0.520731   1.601810
  0.427793   0.441478   0.432370   0.436167   0.518016   0.450880   0.975120   0.387416   0.535527   0.387306   0.383120   0.397614   0.418018   1.017541   0.453217   0.604724   0.398187   0.427282   0.527894   0.724911
  0.429202   1.089068   0.382212   0.432585   0.458742   0.514331   0.818976   0.384147   0.526946   0.387615   0.378091   0.390783   0.547023   1.157443   0.441389   0.500008   0.392613   0.401026   0.407574   0.479399
  0.617612   0.482139   0.388323   0.480900   0.412211   0.480443   1.011594   0.957288   0.462830   0.387356   0.377761   0.755452   0.580375   0.889770   0.740974   0.509836   0.451650   0.397154   0.403187   0.432287
  0.515922   0.422344   0.531110   0.442819   0.411382   0.469654   0.852390   1.142853   1.119052   0.387266   0.379729   0.634486   0.404715   0.858166   0.508555   0.603100   0.401343   0.561777   0.403669   0.966950
  0.435474   1.036416   0.389966   0.441094   0.467959   0.449613   0.727123   1.156519   0.463359   0.387759   0.377763   0.410963   0.403163   1.925362   0.463530   0.493433   0.389554   0.406180   0.650747   0.849704
  0.429705   0.893700   0.383637   0.420497   0.419600   0.509445   0.629059   1.288398   0.446742   0.391620   0.377690   0.397734   0.505169   0.832681   0.435106   0.507792   0.390879   0.401383   0.401427   0.496986
  0.443558   0.413473   0.382108   0.442650   0.411216   0.474298   0.652617   1.300673   0.453963   0.388281   0.378412   0.523645   0.545657   0.870960   1.175708   0.466826   0.396343   0.396589   0.408015   0.401778
  0.492713   0.454011   0.425130   0.524966   0.410825   0.452095   0.512999   1.386177   0.506667   0.387878   0.378283   0.443820   0.474704   0.817391   0.435834   0.521757   0.397586   0.414526   0.411532   0.429185
  0.434693   1.340742   0.394512   0.418222   0.424455   0.453917   1.051365   0.742710   0.477741   0.387776   1.021922   0.392834   0.409255   1.275236   0.397888   0.470344   0.390235   0.418838   0.498941   0.401127
  0.429541   0.646699   0.386673   0.413230   0.415367   0.825736   0.526552   1.242209   0.456206   0.384142   0.678674   0.391967   0.452499   1.515827   0.398660   0.461060   0.390127   0.396128   0.401833   0.462109
  0.846238   0.432762   0.381955   0.482819   0.408992   0.431943   0.505110   1.665111   0.440019   0.383541   2.017628   0.390197   0.407810   0.785425   0.584505   0.483157   0.390680   0.395491   0.399793   0.404674
  0.449939   0.424718   0.394181   0.405762   0.408460   0.434445   1.179143   1.205014   0.561824   0.384077   1.392607   0.400397   0.394080   0.739759   0.560380   0.536516   0.392305   0.439938   0.633436   0.594416
  0.428672   0.798414   0.389488   0.408699   0.411612   0.425330   0.587584   1.050283   0.471090   0.383844   1.245451   0.389296   0.393118   0.625651   0.397612   0.457435   0.389655   0.399109   0.400707   0.391881
  0.428243   0.846703   0.385069   0.406267   0.412010   0.414991   0.554543   1.600737   0.433756   0.384755   2.659642   0.389960   0.510610   0.528786   0.397720   0.468661   0.390023   0.392967   0.400819   0.396110
  0.437587   0.415554   0.381419   0.415069   0.411997   0.464770   0.513878   2.769633   0.433808   0.387871   1.446198   0.403527   0.389027   0.688170   0.495666   0.454258   0.399161   0.393133   0.400071   0.393264
  0.424506   0.423127   0.383117   0.404736   0.409271   0.434173   0.819867   1.272062   0.452460   0.382765   1.244476   0.388858   0.390684   0.790601   0.412080   0.463768   0.388654   0.399151   0.807955   0.410506
  0.425264   0.590652   0.405708   0.406030   0.404533   0.412945   0.482129   1.000965   0.452669   0.382782   1.380054   0.398002   0.396090   1.022881   0.415703   0.441594   0.387891   0.397596   0.401462   0.392146
  0.424477   0.497341   0.384988   0.395658   0.401867   0.422620   0.509958   1.820425   0.425662   0.384838   1.132307   0.393586   0.430575   1.266766   0.401774   0.444499   0.387449   0.393818   0.392563   0.403220
  0.445618   0.424709   0.381696   0.442391   0.401387   0.420214   0.483213   0.864654   0.429735   0.382993   1.775390   0.394930   0.391546   0.537252   0.409717   0.499642   0.387522   0.393339   0.388603   0.391348
  0.426076   0.414526   0.404814   0.407267   0.409300   0.416892   0.543518   1.322778   0.463164   0.382826   1.024665   0.397676   0.388536   0.514094   0.399883   0.428078   0.386595   0.397688   0.410483   0.422739
  0.425361   0.499480   0.384015   0.398856   0.456824   0.413189   0.515655   0.948387   0.433519   0.382014   0.961436   0.389307   0.388639   0.572685   0.388119   0.414790   0.383688   0.395460   0.395643   0.438032
  0.420295   0.570546   0.380991   0.406092   0.419342   0.487933   0.491484   1.059238   0.428611   0.385122   1.357685   0.389178   0.391833   0.898423   0.388194   0.413414   0.383457   0.393652   0.383186   0.390379
  0.420414   0.418075   0.381629   0.433324   0.395812   0.421708   0.480565   1.238478   0.424700   0.382554   0.722548   0.423186   0.389767   0.525059   0.401300   0.441379   0.383060   0.393319   0.385415   0.388665
  0.417557   0.413931   0.382153   0.398872   0.396534   0.429227   0.482212   0.756093   0.416666   0.381805   0.747044   0.386812   0.388805   0.530702   0.411310   0.469612   0.383818   0.393149   0.384920   0.391921
  0.417434   0.453808   0.383352   0.392970   0.437573   0.411450   0.451292   0.728680   0.471475   0.380956   1.207036   0.391977   0.387909   0.491535   0.386859   0.414555   0.381832   1.087081   0.392552   0.409492
  0.417855   0.425720   0.381591   0.393132   0.396501   0.410977   0.441798   0.731436   0.422656   0.380392   0.741088   0.387115   0.391381   0.986037   0.380154   0.409323   0.381700   1.050463   0.382101   0.390699
  0.440512   0.415718   0.380675   0.392300   0.397961   0.408092   0.440818   0.699635   0.420693   0.382744   0.632847   0.387731   0.427789   0.537139   0.384435   0.687019   0.380683   0.984370   0.376080   0.387755
  0.415256   0.413016   0.380916   0.392382   0.393468   0.410238   0.818253   0.725770   0.457019   0.381080   0.618891   0.392481   0.385137   0.486168   0.387056   0.407308   0.380190   0.888993   0.379891   0.492721
  0.412575   0.431901   0.381001   0.410301   0.420732   0.404441   0.442825   0.734540   0.510126   0.380201   0.648259   0.387073   0.384839   1.360375   0.383607   0.609214   0.379293   1.374944   0.377185   0.468185
  0.411573   0.412762   0.379822   0.386846   0.408087   0.386510   0.447318   0.697114   0.415505   0.383082   0.657713   1.057667   0.415960   0.631832   0.377850   0.405900   0.381508   1.809997   0.376419   0.388866
  0.450589   0.414282   0.378896   0.387282   0.405973   0.383355   0.442218   0.679234   0.408855   0.380210   0.591290   0.983909   0.473997   0.492546   0.428718   0.703823   0.418881   2.025101   0.375916   0.387465
  0.425920   0.409226   0.380724   0.387991   0.394444   0.409117   0.791800   0.701036   0.449309   0.976205   0.562127   1.095009   0.385961   0.469917   0.456037   0.538492   0.381688   1.460353   0.549066   0.442787
  0.412760   0.404756   0.378907   0.389227   0.489643   0.387972   0.466283   0.683654   0.453016   0.913772   0.764134   1.037299   0.385115   0.531836   0.388114   0.404919   0.379094   1.785581   0.375778   0.412780
  0.411636   0.406901   0.378916   0.384724   0.393446   0.623234   0.441736   0.801564   0.416210   1.088371   0.466882   1.019751   0.385865   0.759827   0.380159   0.409115   0.379456   1.047693   0.375926   0.384413
  0.534400   0.404589   0.378808   0.409831   0.396931   0.444373   0.441013   0.869950   0.402456   1.357424   0.488193   1.294435   0.402702   0.463582   0.387918   0.823645   0.734391   1.258306   0.376079   0.387958
  0.431959   0.404623   0.378796   0.390636   0.392606   0.383831   0.497201   0.706027   0.561378   1.345695   0.494628   1.036225   0.381957   0.486027   0.377933   0.415324   0.820632   2.304386   0.390373   0.390203
  0.411814   0.448385   1.389525   0.382432   0.423549   0.381435   0.430656   0.688498   0.420199   2.162892   1.190304   1.656757   0.381564   0.746572   0.377724   0.406568   1.158870   1.686604   0.381261   0.385692
  0.410808   0.402335   1.142175   0.384515   0.399975   0.384217   0.427768   0.677340   0.398806   1.658810   0.612988   0.868626   0.398776   0.520344   0.377757   0.395437   1.007398   1.146483   0.377552   0.384860
  0.447823   0.402061   1.918120   0.383533   0.395376   0.404180   0.426617   0.652204   0.399690   0.917334   0.494962   1.620347   0.384557   0.486906   0.377428   0.397395   1.520397   0.743510   0.376859   0.384546
  0.411640   0.400656   1.409030   0.386995   0.392455   0.382902   0.534582   0.663544   0.395721   1.548593   0.459522   1.369970   0.382226   0.471148   0.378212   0.421524   0.915497   0.731918   0.383512   0.384406
  0.410946   0.406821   1.157771   0.382593   0.417747   0.378934   0.439308   0.652072   0.409927   1.810956   0.649058   2.409711   0.382127   0.474142   0.377499   0.391003   1.594768   1.328340   0.374773   0.382898
  0.411083   0.407935   1.685957   0.382506   0.392801   0.378254   0.430963   0.652228   0.396945   1.014337   0.535945   1.529749   0.409554   0.430259   0.377781   0.388058   1.000512   1.775808   0.374569   0.382441
  0.422044   0.399657   2.319152   0.384211   0.392585   0.399394   0.427813   0.699401   0.402299   1.747106   0.456871   1.305092   0.381775   0.428505   0.378408   0.549218   1.577646   0.847761   0.374649   0.382465
  0.416636   0.399394   1.052755   0.385789   0.396280   0.382366   0.565560   0.664713   0.463399   2.093737   0.456978   1.173801   0.381642   0.426300   0.378290   0.391783   1.227380   0.739146   0.374580   0.384925
  0.410956   0.406977   2.198944   0.382146   0.396641   0.378266   0.432956   0.651916   0.400375   0.705983   0.488169   1.105709   0.381583   1.074954   0.386800   0.392430   2.160178   1.244821   0.374538   0.382418
  0.411022   0.399070   1.125272   0.382200   0.391315   0.402023   0.423896   0.651899   0.395248   1.953156   0.482262   1.063743   0.385613   0.553371   0.376902   0.388775   1.779069   0.793407   0.374546   0.382426
  0.414335   0.399169   2.072741   0.381527   0.391588   0.407315   0.423134   0.664624   0.395686   0.679212   0.476190   1.435858   0.384335   0.440801   0.377396   0.408646   1.456831   0.729234   0.374606   0.382461
  0.413325   0.399100   1.291805   0.381508   0.392328   0.399263   0.429237   0.673368   0.391982   0.731921   0.485835   1.004786   0.382016   0.430941   0.377077   0.450831   1.624414   0.709147   0.376445   0.381787
  1.308727   0.400389   1.330116   0.381495   0.391142   0.377782   0.436422   0.659946   0.390362   0.633829   0.456594   1.316052   0.381332   0.522264   0.377211   0.451317   0.761466   1.791925   0.374728   0.380816
  1.720611   0.399092   1.987682   0.381139   0.392764   0.374906   0.422852   0.649032   0.390916   0.690366   0.474033   1.129686   0.385446   0.450406   0.377003   0.387629   0.470134   0.771798   0.374567   0.381022
  1.039589   0.398762   0.907655   0.383504   0.391182   0.375390   0.420246   0.737841   0.390586   0.716190   0.442821   0.947444   0.382365   0.428404   0.376578   0.466633   1.372241   0.637211   0.374395   0.380841
  0.622015   0.398452   1.014427   0.381404   1.354016   0.375074   0.480142   0.654342   0.397961   1.292378   0.450278   0.888909   0.381317   0.426247   1.103544   0.461005   1.635404   0.626791   1.738461   0.381570
  1.012940   0.407583   1.140718   0.620298   0.626221   0.374969   0.421959   0.653494   0.393544   0.712762   0.416300   0.865686   0.604213   0.619563   0.942086   0.388652   1.223835   0.652131   0.829210   0.381167
  1.382113   0.398793   0.843176   1.604499   2.107811   0.378621   0.422105   0.657373   0.389023   0.595642   0.452507   0.873327   0.787400   0.447857   0.714546   0.388718   0.897807   0.578118   1.136751   0.380842
  2.356411   0.396996   0.932071   1.231495   1.015111   0.398704   0.421341   0.643300   0.388866   0.563021   0.426159   0.889815   1.072056   0.432209   1.431706   0.413329   0.723505   0.548877   1.687086   1.076324
  1.737402   0.396021   0.834890   1.489139   1.416215   1.826275   0.468862   0.654939   0.396140   1.378642   0.412126   0.878748   1.051101   0.426170   1.463809   0.385655   0.503769   0.546647   1.792264   0.939955
  1.440082   0.396144   1.519959   1.753407   1.229024   1.647334   0.417389   0.642005   0.388683   1.024745   0.409500   0.841565   1.584737   0.446186   2.149109   0.386621   0.455325   1.486689   1.091257   1.252019
  0.902930   0.395833   1.213052   2.035940   1.519180   0.859448   0.418801   0.644926   0.388700   0.551556   0.402862   0.812992   2.243729   0.422809   0.963084   0.383652   0.406727   0.841428   2.367419   1.728590
  1.795851   0.394961   1.247645   1.416104   0.851036   1.093965   0.417847   0.642120   0.387736   0.534175   0.398641   0.814195   1.732779   0.416793   1.378348   0.392338   0.623278   0.587723   1.383281   1.303243
  1.475433   0.394308   0.856402   1.064410   2.159600   1.994760   0.411894   0.911216   0.423841   0.765253   0.398355   0.787915   0.807547   0.415957   1.456290   0.383352   0.470023   0.537803   2.380295   1.099402
  1.328642   0.394363   0.996684   1.943121   1.386628   1.658398   0.414123   0.648419   0.413673   0.736309   0.417924   0.844718   2.019254   0.693854   1.708005   0.384565   0.433210   1.623974   0.972636   1.055559
  1.368951   0.394124   0.772618   2.494136   1.510342   1.727129   0.411725   0.644390   0.392040   0.494813   0.398602   0.781116   1.223025   0.452087   1.349228   0.383300   0.481115   0.476684   1.603654   1.755140
  0.814739   0.393979   0.646564   1.353263   1.548115   1.153531   0.411209   0.643829   0.388086   0.479961   0.394734   0.781277   1.856725   0.417214   2.037598   0.386352   1.072184   0.485208   1.389791   1.264030
  0.627204   0.393104   0.601769   1.834456   1.033604   1.111316   0.420085   0.642010   0.402877   1.558390   0.391099   0.745824   1.859845   0.413727   1.212015   0.382946   0.429667   0.452429   2.070110   1.760363
  0.956714   0.393273   0.699743   1.280490   1.234114   1.974559   0.406736   0.648227   0.388077   0.615117   0.741212   0.785530   1.110143   0.515831   0.993410   0.379956   0.416016   0.800151   0.649834   1.710773
  0.925046   0.391659   0.726568   1.405413   1.152658   1.504781   0.408285   0.642002   0.387480   0.445893   0.470078   1.098950   1.500094   0.424385   1.079208   0.383512   0.386171   1.292384   0.801236   2.106364
  0.680672   0.392558   0.666129   0.819577   0.691693   1.314078   0.404509   0.641579   0.387921   0.453057   0.391724   0.746094   0.509555   0.420208   0.668154   0.382409   0.392148   0.935827   0.870311   1.968079
  0.594991   0.391274   0.646429   0.746482   0.439083   1.277519   0.406674   1.555227   0.389760   0.635314   0.389353   0.747124   0.529000   0.413217   0.683865   0.379971   0.383591   0.578573   0.804326   0.917789
  0.582491   0.392005   1.260877   1.405299   0.738138   1.783703   0.406545   1.392511   0.387289   0.847533   0.394271   0.743514   1.384732   0.439358   0.593785   0.380226   0.484096   0.663764   1.210931   0.899073
  0.958981   0.391273   0.613521   0.979266   0.519995   0.909111   0.403597   0.983234   1.796022   0.537735   0.389445   0.989938   0.678220   0.481123   0.551038   0.380109   0.379222   0.662684   0.727653   0.890780
  0.771663   0.391124   0.606871   0.598310   0.518213   0.853747   0.404262   0.952344   0.641442   0.449516   0.388379   0.854309   0.574280   0.418011   0.540438   1.015588   0.380165   0.461682   0.645193   1.330446
  0.590453   1.151450   0.581364   0.611272   1.401674   0.548309   0.401969   1.080299   1.315197   0.508625   0.395402   0.746144   0.512278   0.412004   0.698698   1.034607   0.513322   0.456147   0.538044   1.865858
  0.762980   1.071789   0.805671   0.628328   0.478201   0.582222   0.402038   1.115375   0.761874   0.469059   0.664247   0.743558   0.834426   0.572797   0.940424   1.170322   0.377386   1.714595   0.497924   0.833977
  0.796019   1.706909   0.526200   0.599643   0.426409   1.227463   0.399190   2.203012   2.009731   0.454943   0.390125   0.810653   0.597027   0.418454   0.510200   1.175950   0.379383   0.447645   0.509707   0.906410
  0.629944   0.723220   0.544873   0.588419   0.428892   0.534215   0.399449   1.714811   0.908740   0.447384   0.390741   0.783721   0.528901   0.405895   0.518368   1.128019   0.877490   0.456074   0.449091   0.619428
