  0.961181   0.899619   1.188129   0.930465   1.728894   0.699333   0.876072   1.040978   0.977268   0.902655   0.919106   0.579941   1.101098   1.625490   1.309197   1.359045   0.825928   0.954949   0.944248   0.970121
  1.584360   0.595865   0.670153   1.349896   1.301630   1.388223   0.791473   0.776957   1.432926   1.005553   0.544719   1.060180   1.706625   0.982621   0.882331   1.057578   0.665574   1.056852   1.516966   1.285422
  1.901299   0.535050   0.677481   0.866200   1.181918   1.529310   1.273884   0.655957   0.833117   0.984985   0.769252   0.841738   0.881488   0.815042   0.753343   0.912323   1.292043   1.478443   1.670227   0.787318
  1.143971   0.886861   1.416849   1.745193   0.881507   1.292600   1.588485   0.734109   1.134443   0.722937   1.120119   0.680791   0.843393   1.697706   0.583066   1.055673   1.483675   1.849302   2.371060   1.579907
  0.728197   1.993458   1.377960   1.007230   1.252943   0.817924   0.754436   0.808185   1.012920   0.721968   0.739372   0.848108   0.696901   1.234692   0.755344   2.158737   0.851259   0.660469   0.949976   1.337278
  1.257477   1.119073   1.451771   1.905044   0.795100   1.644077   0.890074   1.550265   0.904018   0.819653   0.674574   0.807273   1.126850   0.954888   0.852073   1.432514   0.741351   1.376930   1.721789   0.765206
  1.964142   0.919369   1.318699   1.861849   1.652758   2.103480   1.457383   0.843938   1.322761   2.120901   2.089365   1.345169   1.090013   1.497494   1.409347   2.331157   1.304945   0.950188   1.484648   0.745612
  1.222049   1.930068   1.959249   0.893966   0.938061   0.902995   1.343176   2.061944   1.344252   0.881103   1.091628   1.400752   1.655868   1.362025   1.099430   0.849727   1.967154   1.172508   1.023213   1.860655
  1.784777   1.008910   0.929022   0.983577   1.638980   0.954680   1.741098   1.117746   2.341404   2.164210   1.516930   1.416916   1.125553   1.495168   1.411993   1.007565   1.392692   1.520239   1.093885   1.495322
  1.540330   0.826582   0.862849   1.785172   1.645838   1.906469   1.756143   1.584579   0.996838   2.474012   1.558704   1.730764   1.952914   1.367833   2.249790   0.920068   2.204909   1.734654   1.589062   0.850643
  1.328313   2.449349   1.032644   1.457548   1.472333   1.514721   0.821825   1.786142   0.870933   1.860361   0.981167   1.529291   1.665078   0.938139   1.596215   1.606621   0.878978   1.077363   1.052209   1.179961
  0.969954   1.964563   1.406535   1.277521   1.036789   1.067764   1.069143   2.067148   1.950001   0.961051   2.022597   2.044623   1.965533   1.498279   2.094841   1.587319   1.279932   0.861248   1.054393   1.818306
  1.462686   1.351222   2.072649   1.028013   1.184742   0.909266   1.064902   1.311351   1.005854   1.713656   2.149597   1.093361   1.361182   2.161623   2.154542   1.357145   1.289472   2.161064   1.328452   1.145777
  1.045730   1.978401   1.316098   2.183764   1.279113   1.791440   0.982982   2.437208   1.363847   1.005662   1.432418   1.782104   1.050471   1.015157   1.108443   0.902016   1.670242   1.061835   1.160273   2.012999
  0.445435   1.044738   0.999142   0.684151   1.146038   0.932685   1.060026   1.130096   1.292768   0.983493   1.238853   1.098879   1.626292   1.040531   1.650993   0.937426   0.881022   1.353865   1.408601   0.914990
  1.398232   0.762014   2.212012   1.145710   1.297842   1.005286   0.993505   0.679973   1.145451   0.951235   0.838135   0.696929   1.010396   0.833394   0.604724   0.966043   2.029759   1.170725   0.771613   0.851586
  0.681920   0.506889   0.987896   1.261420   0.872133   0.796996   1.466663   0.802006   0.823195   0.663553   0.918883   0.605943   0.721045   0.689758   0.511359   0.738922   0.593634   0.728953   0.958650   0.835340
  0.774707   0.427380   0.747962   0.825542   0.761327   0.573887   0.501143   0.769018   0.830926   0.773081   0.702683   0.637476   0.513463   0.660563   0.752172   1.005806   0.731472   0.804362   0.752240   0.806052
  0.671652   1.825370   0.584751   0.716217   0.899875   1.271932   0.964502   0.808058   0.817717   0.728900   0.793889   0.628698   0.652834   0.789692   0.765997   0.664469   0.677788   0.752555   0.783222   0.771375
  0.701481   1.846021   0.631328   0.639852   0.884990   0.558117   0.739068   0.638868   0.866287   0.809404   0.855722   0.613705   0.461948   0.868571   0.571639   0.722189   0.572379   0.800285   0.741372   0.827494
  0.594965   0.749461   0.669969   0.731654   0.805405   0.571647   0.647122   0.686126   1.003992   0.718539   0.490267   0.597092   0.643964   1.016411   0.558583   0.706555   0.556595   0.787136   0.577743   1.021420
  0.583882   0.767624   1.052814   0.680969   0.781543   0.572212   0.505451   0.534757   0.748299   0.599317   0.607930   0.565677   0.778366   0.760632   0.517660   0.680044   0.552649   0.602103   1.012797   0.720595
  0.836724   0.683579   0.566795   0.649106   0.804936   0.602265   0.537397   0.542020   0.779009   0.470565   0.768701   0.554930   0.757988   0.691653   0.507004   0.668777   0.600758   0.652257   0.595644   0.889022
  0.605964   0.969619   0.596978   0.668326   0.808150   0.543694   0.576786   0.571813   0.815117   1.400794   0.727387   0.556840   0.482862   0.964289   0.564777   0.680127   0.550173   0.863488   0.572316   0.677787
  0.548754   0.439471   0.612814   0.729974   0.791344   0.627556   0.601090   0.551312   0.705927   0.535316   0.492290   0.545321   0.475022   0.648327   0.617734   0.712276   0.558634   0.847815   0.642135   0.828139
  0.485960   0.452816   0.517528   0.609092   0.771691   0.626276   0.481778   0.662106   0.714411   0.497129   0.510781   0.555730   0.466595   0.635754   1.165853   0.511627   0.532309   0.688689   0.561839   0.605240
  0.437234   0.763766   0.496461   0.570628   0.754546   0.550115   0.457050   0.541574   0.724655   0.491979   0.498789   0.572284   0.475890   0.765331   0.779218   0.556048   0.566928   0.849752   0.570123   0.498068
  0.437181   0.438549   0.593347   0.837388   0.726250   0.510328   0.545549   0.507040   0.637390   0.480894   0.498395   0.522380   0.528597   0.560887   0.528818   0.585400   0.550040   1.129097   0.564667   0.502430
  0.430076   0.471141   0.701009   0.587960   1.743345   0.493417   0.474649   0.545168   0.676483   0.475146   0.495812   0.612934   0.521512   0.515033   1.014237   0.649965   0.549266   0.908581   0.572227   0.475105
  0.425318   0.442545   0.614026   0.594229   0.791811   0.669961   0.478887   0.499341   0.704072   0.477101   0.507424   0.530474   0.434096   0.717069   0.477712   0.700813   0.528836   0.558226   0.556159   0.500144
  0.426883   0.424848   0.516549   0.597236   0.839510   0.523436   0.522293   0.468418   0.678594   0.458633   0.526187   0.519684   0.557336   0.572299   0.496144   0.637246   0.733059   0.597383   0.584723   0.512041
  0.421339   0.419018   0.486097   0.577694   0.827532   0.831435   0.475340   0.782722   0.568483   0.454916   0.527795   0.513370   0.522506   0.481174   0.471110   0.560107   0.621711   0.770330   0.564899   0.531380
  0.414923   0.421940   0.534531   0.577225   0.597386   0.516785   0.478921   0.542965   0.749778   0.463144   0.509012   0.516053   0.447186   0.523396   0.489844   0.575124   0.724187   0.691616   0.560457   0.486412
  0.426987   0.419132   0.453966   0.563635   0.823227   0.450487   0.446544   0.504061   1.046029   0.434250   0.489095   0.512655   0.414530   0.459565   0.484232   0.507972   0.571762   0.701346   0.571205   0.489568
  0.503252   0.427973   0.424757   0.570478   0.764361   0.498766   0.465500   0.446131   0.615431   0.446948   0.486749   0.506128   0.409063   0.607986   0.477029   0.489181   1.465242   0.557046   0.561471   0.473608
  0.435306   0.426277   0.484437   0.530390   0.695448   0.559429   0.428801   0.407858   0.535921   0.417658   0.480179   0.515015   0.443589   0.498829   0.486259   0.485177   0.549357   0.564140   0.560194   0.462611
  0.413841   0.423798   0.431464   0.509181   0.549155   0.637352   0.398276   1.678410   0.612441   0.439025   0.478291   0.523984   0.416286   0.458793   0.472850   0.725681   0.537330   0.530186   0.555565   0.515093
  0.429908   0.420394   0.421375   0.583981   1.172124   0.750792   0.442195   0.448280   0.561732   0.417499   0.480663   0.464543   0.392210   0.565390   0.506000   0.623310   0.544731   0.539580   0.544990   0.488995
  0.409238   0.420169   0.416446   0.577350   0.544924   0.436565   0.402807   0.437725   0.526528   0.436986   0.477035   0.466951   0.407407   0.465197   0.509666   0.494946   0.528927   0.539451   0.587896   0.473802
  0.424109   0.421000   0.419581   0.465625   0.533624   0.480244   0.400787   0.425716   0.520333   0.422196   0.484102   0.429651   0.393914   0.482287   0.511756   0.474967   0.525001   0.543622   0.542645   0.462911
  0.495461   0.423052   0.415999   0.463902   0.589657   0.552474   0.405898   0.436638   0.601023   0.418824   0.482054   0.408306   0.438953   0.483573   0.469419   0.632606   0.531602   0.535526   0.551523   0.495043
  0.452563   0.418743   0.418594   0.465637   0.544180   1.150789   0.386806   0.475727   0.546037   0.415870   0.497141   0.408539   0.414208   0.473884   0.459305   0.498620   0.533630   0.528771   0.559564   0.465696
  0.672251   0.418569   0.416581   0.480050   0.592550   0.499578   0.404171   0.407157   0.524287   0.422115   0.478566   0.420051   0.407824   0.464505   0.449208   0.494710   0.527987   0.498272   0.571430   0.477800
  0.423623   0.419984   0.442939   0.442079   0.527378   0.428846   0.389299   0.417032   0.520102   0.427940   0.486748   1.527296   0.391579   0.468121   0.503364   0.502871   0.508709   0.476701   0.639510   0.477708
  0.425553   0.417727   0.431471   0.428823   0.630458   0.531392   0.398173   0.407464   0.546827   0.422564   0.477795   0.486586   0.394034   0.463709   0.699290   0.481859   0.879983   0.627405   0.665997   0.451329
  0.418711   0.418305   0.440811   0.432058   0.551029   0.504235   0.397571   0.420439   0.556109   0.443756   0.478572   0.416049   1.160449   0.462777   0.607500   0.531544   1.234867   0.461379   0.630687   0.490990
  0.404926   0.414310   0.834121   0.439874   0.570169   0.518242   0.400263   0.405369   0.519907   0.426895   0.477469   0.426293   0.425743   0.460789   0.468754   0.476557   0.510121   0.492712   0.536112   0.456786
  0.415276   0.423442   0.423801   0.439598   0.557786   0.509071   0.476082   0.405828   0.540406   0.419960   0.479138   0.417476   0.390988   0.466372   0.458727   0.476719   0.508606   0.456444   0.555940   0.461842
  0.406992   0.411200   0.421643   0.492049   0.539045   0.428900   0.444085   0.402073   0.530040   0.419770   0.481040   0.431584   0.406058   0.459624   0.461268   0.466254   0.497751   0.455815   0.549030   0.452790
  0.411757   0.411963   0.417313   0.748946   0.531583   1.120491   0.386322   0.406974   0.496508   0.420809   0.478426   0.414131   0.408069   0.463286   0.434770   0.462222   0.579370   0.472063   0.535912   0.455533
  0.409884   0.413942   0.417280   0.440314   0.487567   0.483298   0.387410   0.394764   0.490124   0.418304   0.478038   0.404549   0.392945   0.459982   0.456313   0.457870   0.547653   0.541269   0.537670   0.453961
  0.501020   0.416811   0.414077   0.440716   0.487930   0.453423   0.386029   0.401142   0.458405   0.413440   0.478031   0.403863   0.406771   0.459617   0.420148   0.488412   0.529675   0.431856   0.538530   0.450524
  0.420513   0.432320   0.419362   0.439148   0.498275   0.522945   0.388692   0.395930   0.464713   0.412100   0.478191   0.406329   0.412768   0.458859   0.568767   0.476401   0.460430   0.406881   0.540658   0.447244
  0.429848   0.413063   0.415591   0.441867   0.535773   0.533607   0.383883   0.551223   0.441131   0.420443   0.478059   0.404821   0.408559   0.459906   0.421685   0.502276   1.174886   0.464549   0.534237   0.473906
  0.404563   0.427363   0.415426   0.483204   0.492977   0.420278   0.385600   0.391897   0.519130   0.418494   0.476038   0.404106   0.394502   0.460887   0.414018   0.466420   0.502470   0.421066   0.536520   0.451837
  0.411114   0.412255   0.417755   0.439438   0.490678   0.531662   0.387377   0.400269   0.482711   0.412569   0.482602   0.415211   0.388066   0.461154   0.422617   0.540724   0.672279   0.420632   0.534777   0.452991
  0.412998   0.410049   0.417721   0.433042   0.490959   0.422760   0.390125   0.396736   0.473295   0.424052   0.477046   0.457186   0.389090   0.460037   0.413118   0.479866   0.518076   0.424447   0.539054   0.450044
  0.403249   0.414294   0.414198   0.432146   0.492904   0.416983   0.392724   0.391839   0.504167   0.414277   0.473331   0.403834   0.404651   0.457172   0.415178   0.454835   0.474954   0.427277   0.534971   0.458114
  0.416695   0.412103   0.413885   0.428716   0.491117   0.437386   0.385742   0.391875   0.450418   0.418490   0.478351   0.401982   0.396640   0.458634   0.411353   0.457540   0.546485   0.431614   0.536718   0.457499
  0.407006   0.410559   0.417746   0.429636   0.493173   0.420412   0.388077   0.396902   0.451422   0.412296   0.477458   0.402774   0.388763   0.459211   0.415272   0.464570   0.442515   0.410804   0.533697   0.473413
  0.414477   0.409703   0.413063   0.430602   0.479422   0.423272   0.386043   0.393700   0.453274   0.415889   0.474569   0.403989   0.392495   0.457579   0.405236   0.461073   0.485170   0.420678   0.525760   0.451282
  0.412264   0.414225   0.415269   0.429184   0.477911   0.423099   0.391184   0.390705   0.442438   0.414150   0.481572   0.402792   0.390578   0.457126   0.405782   0.463425   0.441744   0.404443   0.555657   0.444940
  0.403416   0.407752   0.412011   0.429457   0.481487   0.437403   0.386826   0.389640   0.433556   0.413278   0.477089   0.401240   0.386433   0.457278   0.414792   0.462515   0.443607   0.405817   0.563821   0.446247
  0.435560   0.410809   0.412137   0.427529   0.478685   0.414813   0.382335   0.389819   0.430137   0.412686   0.476793   0.402235   0.388615   0.457558   0.410786   0.459963   0.436340   0.414208   0.526731   0.446279
  0.405964   0.409247   0.410792   0.425472   0.487255   0.416368   0.392269   0.395662   0.426180   0.413379   0.823938   0.397324   0.384624   0.457307   0.420647   0.453389   0.434625   0.404678   0.529751   0.446623
  0.404329   0.410130   0.409707   0.423466   0.485488   0.425667   0.383745   0.390355   0.619276   0.412151   0.499868   0.404334   0.385108   0.456773   0.411047   0.460615   0.438647   0.402325   0.526696   0.450308
  0.405464   0.410452   0.409277   0.419980   0.481131   0.432121   0.382514   0.386924   1.085911   0.414328   1.311870   0.389784   0.384449   0.457333   0.414524   0.454125   0.437844   0.410058   0.525246   0.447308
  0.409148   0.410078   0.512580   0.414791   0.483357   0.429642   0.385680   0.389604   0.461287   0.412077   1.335601   0.385323   0.386756   0.457968   0.407000   0.452882   0.444634   0.404529   0.522527   0.447708
  0.405718   0.410045   0.410291   0.415090   0.474611   0.420391   0.390267   0.388500   0.434245   0.412986   0.843329   0.388788   0.385534   0.456996   0.410981   0.451565   0.427831   0.439033   0.522329   0.449827
  0.403792   0.781419   0.412166   0.424390   0.476870   0.440588   0.382299   0.390144   1.947121   0.414126   1.233851   0.384116   0.385754   0.459979   0.408032   0.451712   0.427727   0.417465   0.518347   0.447398
  0.404680   0.726270   0.410897   0.415757   0.477212   0.430070   0.381823   0.386389   0.458396   0.411500   0.933883   0.391333   0.384170   0.799273   0.407649   0.448686   0.435413   0.399792   0.513416   0.445134
  0.404886   0.824476   0.410080   0.421280   0.477638   0.420203   0.386694   0.390380   0.413938   0.411606   1.643036   0.385523   0.383457   1.072111   0.408437   0.458252   0.617465   0.398616   0.507867   0.445486
  0.405341   0.823374   0.413544   0.413183   0.477657   0.421114   0.382071   0.393067   0.422634   0.415537   1.572272   0.384578   0.384301   0.960255   0.405144   0.447037   0.452729   0.425613   0.561610   0.447376
  0.402524   1.040526   0.409300   0.406763   0.478212   0.417120   0.385452   0.389441   0.405813   0.414150   1.485024   0.380176   0.384588   1.261862   0.400851   0.449158   0.453655   0.403749   0.503895   0.446898
  0.404928   0.764496   0.409289   0.470960   0.476219   0.416068   0.383856   0.387892   0.441136   0.411525   1.218268   0.381885   0.383388   0.602333   0.400734   0.449570   0.430918   0.412320   0.509381   1.357974
  0.402375   2.288478   0.409825   0.406109   0.474655   0.413286   0.385134   0.389550   0.529651   0.413549   0.987859   0.381122   0.383985   1.134138   0.398999   0.447968   0.422838   0.412924   0.506907   0.648547
  0.405332   1.058382   0.409597   0.412895   0.476015   0.436052   0.381716   0.383609   0.398952   0.412569   1.566421   0.384020   0.384646   1.150932   0.398323   0.451042   0.415940   0.410627   0.505322   0.894925
  0.401980   2.266882   0.416214   0.410853   0.475312   0.417491   1.384852   0.396016   0.423506   0.412059   2.107461   0.379670   0.383728   2.237014   0.398160   0.446219   0.464943   0.403021   0.505500   1.558127
  0.406798   1.934000   0.426469   0.422776   0.475919   0.422008   1.091357   0.387849   0.418751   0.412600   1.810048   0.380063   0.384392   1.194246   0.400402   0.450005   0.417135   0.398700   0.504470   1.204435
  0.403405   1.810065   0.410813   0.428110   0.474952   0.411784   0.459765   0.384614   0.402110   0.412074   0.573355   0.378943   0.384083   1.691444   0.428482   0.454624   0.418639   0.399172   0.499699   1.326018
  0.484511   1.756402   0.409270   0.403090   0.474649   0.414391   2.063711   0.384547   0.421172   0.411411   0.594928   0.379619   0.383158   1.017735   0.393366   0.454408   0.415046   0.400515   0.499125   1.476009
  1.649382   1.859932   0.408957   0.401937   0.830805   0.420674   0.884458   0.390874   0.443792   0.412861   0.702832   0.380887   0.383919   1.635274   0.401323   0.446232   0.415592   0.398188   0.497183   0.765936
  1.028828   2.096504   0.409799   0.403652   0.490356   0.416189   1.711819   0.384355   0.404961   0.411573   0.934357   0.380771   0.383584   1.666948   0.396094   0.445272   0.421542   0.397559   0.498368   1.086781
  1.683966   2.066679   0.409418   0.412104   1.527526   0.415531   1.355388   0.383869   0.405507   0.526356   0.662165   0.383143   0.383843   2.611886   0.396696   0.445313   0.417445   0.398500   0.503361   1.542146
  0.771817   1.694198   0.407319   0.400958   2.054749   0.423536   0.797190   0.384868   0.400605   0.729031   0.451362   0.379421   1.857068   0.870312   0.400169   0.447802   0.412819   0.399936   0.550923   0.926519
  0.725704   0.739774   0.429280   0.399017   0.835979   0.416393   0.845173   0.385359   0.399224   1.849088   0.429267   0.383307   1.886564   0.866782   0.399154   0.445242   0.412591   0.397885   0.499660   1.817663
  2.303150   0.724871   0.404341   0.400392   1.206779   0.413224   1.787099   0.384333   0.404760   1.733201   0.438217   0.379806   0.899511   0.695830   0.396563   0.449640   0.414252   0.397991   0.490701   1.592972
  1.130359   0.829912   0.403751   0.402426   1.482822   0.420446   1.226473   0.384221   0.406317   1.475496   0.439340   0.380408   1.147233   0.481664   1.636863   0.447546   0.412988   0.398170   0.497262   1.301067
  2.147002   0.913465   0.401090   0.408985   1.252789   0.412088   1.582261   0.384869   0.396173   0.883620   0.481208   0.379278   1.608181   2.087092   1.613792   0.449115   0.413163   0.398328   0.494642   1.152339
  2.101051   0.704047   0.407121   0.401569   1.402665   0.410894   2.115779   0.383700   0.400216   0.984434   0.528701   0.379790   1.405827   0.519288   0.596760   0.958925   0.413468   0.398322   0.490799   1.059687
  0.925498   0.936981   0.399884   0.403389   1.917451   0.411848   1.294328   0.383558   0.397260   1.510335   0.411732   0.380159   1.190499   0.578598   0.820340   1.003654   0.426700   0.397685   0.489299   0.857448
  1.122893   0.763232   0.400699   0.403264   0.861482   0.416148   1.174800   0.383243   0.404055   1.592144   0.433569   0.379491   0.983405   1.005140   1.532325   1.819442   0.412578   0.398951   0.494145   0.817037
  0.963779   0.544335   0.397064   0.398229   0.916128   0.412800   0.826676   0.382365   0.411063   0.927544   0.418841   0.380307   1.453348   0.534347   1.334340   1.584776   0.412133   0.397844   0.485130   0.680934
  1.694116   0.445552   0.393180   0.399203   1.812745   0.414267   0.535376   0.381173   0.399012   1.028059   0.421566   0.379234   1.546741   0.548390   1.253640   1.585163   0.410653   0.397842   0.476522   0.646089
  0.857162   0.802834   0.538877   0.397722   1.567496   0.411923   0.600011   0.383617   0.405108   1.323140   0.444675   0.379383   0.954482   0.640841   1.259288   0.671597   0.411080   0.398317   0.539749   0.706000
  0.592649   1.136805   0.401791   0.397599   0.941118   0.411325   0.925375   0.383338   0.398760   1.779757   0.426680   0.379117   2.120989   0.521568   1.111084   1.329529   0.411707   0.631699   0.490071   0.695919
  0.610315   0.512518   0.396402   0.397379   0.723979   0.409698   0.584356   0.382096   0.404147   1.873196   0.471993   0.379348   1.059684   0.483519   1.046441   0.931962   0.409371   1.157828   0.477779   0.686623
  1.030281   0.473380   0.393780   0.399764   0.586562   0.410739   0.519132   0.383360   0.400556   0.897172   0.417166   0.380145   0.960368   0.489745   1.515410   1.577290   0.407718   2.034112   0.481969   0.621362
  1.368698   0.601089   0.393220   0.396918   0.574146   0.410870   0.638527   0.379850   0.407368   0.893933   0.422134   1.285069   1.043871   0.434944   2.205856   1.057425   0.411511   1.443870   0.479776   0.658955
  0.573724   0.425798   0.398361   0.396743   0.616502   0.410437   0.466392   0.385003   0.402966   0.575001   0.409233   2.154649   1.251693   0.484813   0.773759   1.097789   0.406031   1.724963   0.483265   0.846200
  0.536388   0.409338   0.393118   0.395761   0.495454   0.409819   0.463027   0.384494   0.402717   0.561600   0.404315   0.661220   0.901248   0.486840   1.159271   1.117671   0.408302   1.384417   0.472837   1.329323
  0.633557   0.454602   0.394251   0.397081   0.573747   0.409658   0.602781   0.380814   1.005243   0.518512   0.427630   1.724137   1.102671   0.428381   1.292406   1.994597   0.411732   1.597912   0.480404   0.753105
  0.490655   0.437757   0.392232   0.394500   0.588191   0.408849   0.624350   0.380959   0.822935   0.539170   0.414742   0.873686   0.744344   0.659566   0.900465   1.935183   0.405760   1.007246   0.477961   0.816008
  0.497533   0.437756   0.392222   0.396616   0.550283   0.408504   0.429274   0.381248   1.032267   0.538760   0.411920   0.988823   0.782477   0.432687   1.148865   1.371067   0.408064   1.310622   0.476018   0.605478
  0.453381   0.444924   0.396630   0.392177   0.507123   0.406616   0.438976   0.380708   1.632791   0.567081   0.401888   1.040343   0.790527   0.426072   0.867581   0.723517   0.408157   1.099207   0.478450   0.596306
  0.409348   0.411479   0.392708   0.393349   0.503701   0.408678   0.446866   0.380803   2.253499   0.600283   0.396557   1.247519   0.765578   0.441027   0.771467   0.801216   0.406757   1.113768   0.478100   1.507446
  0.612441   0.413434   0.398559   0.391088   0.508379   0.404962   0.407341   0.380560   1.252831   0.531472   0.418804   1.292581   0.640454   0.555490   0.691176   0.846216   0.408902   0.999090   0.475564   0.593323
  0.487592   0.401588   0.392711   0.392107   0.490356   0.404104   0.499035   0.380985   0.777273   0.587250   0.396714   1.755999   0.583003   0.425080   0.724875   0.840016   0.407389   0.929769   0.788092   0.603377
  0.402851   0.406111   0.395130   0.390287   0.495168   0.404196   0.417141   0.380844   1.626871   0.522593   0.400170   0.970261   0.902812   0.437999   0.560695   0.713344   0.407461   1.728628   1.805423   0.584606
  0.438951   0.414131   0.894521   0.392649   0.488957   0.403352   0.411833   0.380587   1.501134   0.525467   0.394154   1.608605   1.060316   0.421158   0.593447   0.699687   0.406845   0.941943   1.192672   1.004789
  0.456727   0.434606   1.131595   0.388849   0.487462   0.398825   0.403985   0.380929   1.188279   0.527171   0.394897   0.932417   0.890975   0.429494   0.759645   0.741272   0.406710   1.007182   1.237884   0.707209
  0.436668   0.412765   0.943853   0.389560   0.496815   0.419432   0.404531   1.465907   0.875522   0.517828   0.408410   2.211641   1.053491   0.450012   0.589732   0.626430   0.408103   0.593672   0.730626   0.975146
  0.412378   0.417714   0.991377   0.391702   0.488505   0.402159   0.402303   0.863397   2.039959   0.523300   0.402986   0.822407   0.617159   0.425566   0.745959   0.599510   0.742213   0.655653   1.609280   0.628571
  0.423937   0.429408   1.438048   0.390967   0.484112   0.398045   0.413785   0.817353   1.692924   0.495063   0.395289   1.763112   0.739925   0.430639   0.767126   0.572667   0.950238   0.620050   2.067137   0.568535
  0.445523   0.399562   1.383593   0.390340   0.486092   0.398196   0.530330   1.500706   1.221312   1.285197   0.400447   0.906107   0.741350   0.443234   0.601117   0.666704   0.689310   0.535012   0.886432   0.632908
  0.599847   0.398501   1.473177   0.390375   0.493487   0.397891   0.596722   1.225290   1.736131   0.635156   0.396145   1.011200   0.703344   0.430412   0.637400   0.593014   1.009505   0.551986   1.042317   0.548767
  0.392907   0.394072   1.494465   0.390787   0.486079   0.399784   0.480272   1.461774   0.726545   0.509919   0.392707   0.576000   0.915652   0.420460   0.632813   0.620711   0.780521   0.695235   1.612087   0.612065
  0.397168   0.398012   1.081340   0.786960   0.488856   0.400280   0.430045   1.157516   0.841619   0.422838   0.394072   0.680338   0.624579   0.422565   0.622957   0.549904   0.821914   0.646677   1.005538   0.693195
  0.395021   0.411170   0.913573   0.830411   0.490523   0.398051   0.409623   1.440429   0.919312   0.728780   0.395341   0.678280   0.677158   0.435745   0.720723   0.568217   1.149567   0.531076   0.985159   0.570329
  0.393176   0.419173   1.051957   1.370774   0.481925   0.397361   0.399060   0.951695   0.576717   0.549618   0.394653   0.978508   0.603836   0.424731   0.609114   0.539323   1.068884   0.529013   1.306783   1.725421
  0.394747   0.401977   1.157796   1.053687   0.501454   0.403375   0.399253   0.907883   0.551540   0.422939   0.395592   0.712186   0.596310   0.421845   0.558900   0.557863   2.231160   0.553588   1.898484   0.588758
  0.393460   0.425450   1.345421   1.364185   0.478028   0.407849   0.399968   0.999738   0.525176   0.478107   0.390322   0.627417   0.579455   0.415599   0.564740   0.794626   1.861910   0.581579   0.870075   0.865404
  0.393052   0.404377   2.070971   1.946426   0.496685   0.405977   0.404505   2.031343   0.597058   0.518411   0.387870   0.517551   0.580193   0.421909   0.554541   0.842707   2.192171   0.537278   0.796775   0.562469
  0.398067   0.401678   0.821076   2.054708   0.484592   0.401559   0.398198   1.191559   0.458488   1.002813   0.385136   1.179623   0.615690   0.415405   0.552808   0.929118   2.130897   0.534858   0.761717   0.576658
  0.394936   0.397999   0.996497   0.814461   0.543242   0.398462   0.394692   1.334995   0.731298   0.470347   0.388150   0.758026   0.596966   0.418864   0.549575   0.510939   1.850183   0.515882   0.800102   0.571022
  0.392799   0.399034   0.945842   1.235455   0.482071   0.398759   0.397145   0.950776   0.679600   0.530160   0.402224   1.675531   0.586480   0.414918   0.564927   0.487418   1.390952   0.451717   0.649981   0.590366
  0.394332   0.396261   1.038250   0.891997   0.470941   0.399931   0.396716   1.225214   0.634035   0.427752   0.383640   0.479663   0.587693   0.412125   0.550970   0.520610   1.019403   0.785395   1.062573   0.562922
  0.389650   0.390260   0.978762   1.337958   0.474249   0.397499   0.397313   0.723492   0.520672   0.427157   0.394567   0.468673   0.601425   0.421151   0.556903   0.547368   0.711524   0.758276   0.705614   0.568089
  0.390552   0.500437   0.837537   0.978888   0.475418   0.398567   0.395396   0.719041   0.633687   0.430607   0.406122   0.679331   0.583836   0.414729   0.705268   0.473676   0.583789   0.494901   0.610170   0.540830
  0.390808   0.386182   0.796954   1.985425   0.471526   0.397855   0.395998   0.764492   0.442342   0.423238   0.388671   0.496171   0.577615   0.416402   0.547522   0.456447   0.543212   0.434279   0.636100   0.576890
  0.392506   0.419307   0.774345   2.418171   0.469663   0.398120   0.398621   0.775893   0.695756   0.427978   0.385983   0.460573   0.579639   0.420124   0.561750   0.664025   0.590910   0.549681   0.716638   0.543873
  0.388711   0.384878   0.747061   1.314892   0.482426   0.397693   0.393237   0.889479   0.620223   0.413835   0.390142   0.559896   0.590842   0.412918   0.548373   0.800041   0.593197   0.501011   0.915706   0.551075
  0.393676   0.385261   0.736037   1.047483   0.468754   0.827771   0.394933   0.712937   0.567600   0.418610   0.409152   0.568896   0.576213   0.416488   0.523969   0.479032   0.605278   0.426878   0.562923   0.544655
  0.390282   0.381361   0.726133   0.823113   0.483386   1.740681   0.394927   0.679336   1.268554   0.416996   0.385115   0.480445   0.576997   0.412366   0.571590   0.460998   0.684046   1.660292   0.729880   0.536674
  0.389245   0.389871   0.721286   0.594614   0.471577   0.974752   0.393883   0.698445   0.448226   0.413474   0.390757   0.529095   0.575247   0.410272   0.573554   0.522897   0.542032   0.583061   0.510190   0.548937
  0.389979   0.391847   0.872523   0.629558   0.481394   0.790451   0.393014   0.681550   0.509226   0.410688   0.386375   0.498819   0.575155   0.408752   0.611822   0.492458   0.529838   0.914406   0.527456   0.548040
  0.390566   0.395189   0.811196   0.528155   0.471301   0.700125   0.393368   0.700068   0.511881   0.415808   0.383069   0.576660   0.579262   0.408731   0.535580   0.437743   0.525135   0.470262   0.652522   0.530173
  0.391689   0.390865   0.728608   0.714830   0.470806   0.683462   0.393125   0.714065   0.518233   0.409514   0.386437   0.861329   0.570011   0.405113   0.513074   0.450491   0.541424   0.494836   0.667373   0.526779
  0.389203   0.387640   1.184423   0.686302   0.555519   1.899101   0.392562   0.667901   0.472002   0.416597   0.384065   0.452513   0.592372   0.403135   0.657254   0.459015   0.550019   0.668726   0.808441   0.563794
  0.389479   0.386499   0.789468   0.545454   0.469431   1.184126   0.394465   0.693901   0.427559   0.411186   0.383694   0.482187   0.570007   0.456295   0.654406   0.437860   0.581806   0.457314   0.820152   0.520351
  0.389115   0.383997   0.724230   0.614292   0.466468   1.386309   0.392686   0.678211   0.523129   0.408758   0.385182   0.447704   0.576154   0.403183   0.540352   0.449920   0.639751   0.450246   0.643083   0.547044
  0.389379   0.388106   0.753544   0.575995   0.464460   1.867906   0.392251   0.682832   0.450527   0.406514   0.385273   0.488927   0.568361   0.401939   0.551350   0.446896   0.506365   0.437470   0.524901   0.517652
  0.388742   0.381322   0.748789   0.569654   0.466131   1.556330   0.393719   0.685729   0.445583   0.408783   0.383242   0.442223   0.577051   0.404515   0.522612   0.438444   0.535211   0.447518   0.517467   0.527476
  0.388566   0.386410   0.738519   0.680743   0.462637   1.272162   0.392199   0.682487   0.503575   0.405072   0.383238   0.466793   0.568171   0.404451   0.679671   0.438027   0.493695   0.438907   0.533257   0.515606
  0.388743   0.381795   0.733467   0.517991   0.470309   2.430104   0.392333   0.671521   0.536489   0.404047   0.382147   0.438991   0.564010   0.406732   0.520063   0.464888   0.569310   0.461315   0.528893   0.527879
  0.388273   0.388514   0.719383   0.505012   0.461476   2.734697   1.007956   0.670074   0.574260   0.417540   0.384007   0.756063   0.555116   0.405008   0.526735   0.438145   0.447730   0.440311   0.521345   0.526334
  0.388342   0.383286   0.730713   0.495773   0.459838   1.150584   0.916870   0.678820   0.410673   0.405700   0.381617   0.511804   0.567917   0.402427   0.506366   0.435860   0.688468   0.456430   0.501255   0.516682
  0.387932   0.381614   0.713471   0.450665   0.474889   0.966794   0.507694   0.696862   0.418370   0.399806   0.381310   0.473539   0.571150   0.400476   0.531355   0.436573   0.462178   0.434134   0.571466   0.531775
  0.387648   0.381916   0.720425   0.579157   0.456543   0.865013   1.209613   0.659825   0.417957   0.395350   0.381047   0.543153   0.602510   0.398595   0.550986   0.447435   0.447115   0.428688   0.504718   0.552899
  0.386814   0.381997   0.720865   0.464269   0.461990   0.748702   0.846565   0.869139   0.414830   0.406746   0.381860   0.464837   0.587584   0.403582   0.502314   0.433505   0.451057   0.420926   0.549789   0.520783
  0.391950   0.382997   0.700599   0.453517   0.463479   0.650736   1.678850   0.661553   0.444227   0.398150   0.381677   0.517625   0.636267   0.399791   0.500257   0.433851   0.474740   0.431599   0.541611   0.521288
  0.387180   0.380786   0.701170   0.504624   0.487670   0.792463   1.495473   0.657516   0.418910   0.397712   0.380760   0.476025   0.549712   0.407424   0.537818   0.430013   0.516014   0.415591   0.506629   0.511837
  0.389147   0.381430   0.694256   0.434766   0.456630   1.834928   0.984661   0.820879   0.411325   0.394977   0.380424   0.436028   0.566300   0.409245   0.522637   0.430780   0.461890   0.896992   0.524362   0.511235
  0.387286   0.381304   0.702627   0.527252   0.461856   0.780514   1.457554   0.649720   0.401126   0.394888   0.914203   0.438163   0.660742   0.400492   0.512291   0.436599   0.499464   0.424631   0.502502   0.508516
  0.387387   0.381131   0.702552   0.422106   0.456445   1.062947   1.910543   0.634930   0.392265   0.395809   1.317715   0.500290   0.544462   0.401066   0.502940   0.461067   0.467261   0.422692   0.512090   0.507887
  0.386851   0.380422   0.678089   0.442187   0.459260   0.866328   1.426325   0.638571   0.401597   0.395452   0.960705   0.432874   0.549308   0.402424   0.503189   0.433620   0.466982   0.417049   0.488977   0.525203
  0.825135   0.380516   0.706997   0.468449   0.456145   0.769286   1.827505   0.625886   0.392895   0.394973   0.882770   0.436762   0.547085   0.398216   0.499025   0.441244   0.484026   0.420446   0.492283   0.512128
  0.924805   0.384860   0.681937   0.434298   0.457324   0.787940   1.099363   0.697460   0.392501   0.397270   0.909929   0.435111   0.543023   0.398744   0.626641   0.431975   0.454281   0.424258   0.489291   0.514837
  0.767010   0.853370   0.688227   0.482208   0.457863   0.648749   1.030184   0.652124   0.392053   0.395867   1.791075   0.435198   0.540477   0.398314   0.504745   0.440529   0.453059   0.419343   0.504069   0.518196
  0.632673   0.787109   0.672590   0.460303   0.459567   0.818419   1.030409   0.670456   0.388510   0.396051   0.991640   0.444329   0.543387   0.398988   0.530022   0.434770   0.452198   0.414953   0.497475   0.512854
  0.715981   0.678410   0.728575   0.511523   0.456091   1.010687   0.705181   0.522981   0.390147   0.394886   1.252101   0.427288   0.540071   0.397497   0.495380   0.429964   0.455135   0.415975   0.490357   0.501973
  1.699339   0.741786   0.653454   0.436605   0.457140   0.597997   0.703769   0.644346   0.389904   0.394981   1.077741   0.429577   0.540144   0.397255   0.565252   0.432148   0.444996   0.414458   0.484632   0.497862
  1.251732   1.814128   0.659508   0.437496   0.455759   0.581151   0.641292   0.536056   0.390753   0.395117   1.743078   0.439899   0.538063   0.397342   0.541388   0.426364   0.453275   0.422377   0.489734   0.505125
  1.098096   1.848777   0.639898   0.452911   0.455482   1.767737   0.589353   0.517138   0.391278   0.394659   1.860169   0.435701   0.538177   0.396639   0.486937   0.418292   0.443177   0.418471   0.482579   0.491010
  1.973547   1.866960   0.658682   0.431638   0.454761   0.674159   0.493357   0.518075   0.384968   0.394838   1.078484   0.443841   0.541881   0.398849   0.523195   0.409174   0.446810   0.412412   0.483958   0.622542
  2.047022   1.256803   0.540606   0.434624   0.454747   0.757826   0.472397   0.570349   0.402513   0.394682   1.559935   0.621481   0.537145   0.396877   0.488127   0.435298   0.439971   0.406773   0.477625   0.482626
  1.610281   0.919174   0.683306   0.425278   0.456313   0.815282   0.520751   0.770717   0.386340   0.396047   1.979358   0.429297   0.537152   0.397957   0.482906   0.408493   0.442195   0.410278   0.479780   0.483689
  1.422655   0.957364   0.651949   0.424571   0.456069   0.852693   0.523080   0.821987   0.391004   1.356148   1.253200   0.433232   0.541640   0.397085   0.474508   0.404013   0.441801   0.405879   0.471974   0.485314
  2.484437   1.859191   0.491929   0.412442   0.456126   0.555412   0.617449   0.602536   0.388191   0.818180   0.766524   0.423237   0.542137   0.396616   0.473090   0.400687   0.451862   0.401822   0.560027   0.478605
  1.093633   1.738241   0.480390   0.401880   0.455644   0.574304   0.637888   0.524962   0.386660   0.832941   0.925225   0.426497   0.547121   0.396889   0.468246   0.643698   0.455300   0.401961   0.488756   0.483911
  1.014068   1.564325   0.499236   0.479934   0.457698   0.573329   0.489652   0.480010   0.390287   1.799912   0.731394   0.419659   0.534517   0.396841   0.523634   0.396188   0.450455   0.400526   0.482679   0.474869
  0.632865   1.201716   0.531026   0.406596   1.307082   0.662827   0.632229   0.485170   0.385411   1.367538   0.759763   0.418600   0.536697   0.396787   0.496719   0.394846   0.454939   0.397797   0.476807   0.489896
  0.811291   1.082824   0.521379   0.403429   0.815419   0.591331   0.480116   0.481099   0.385086   0.703755   0.654426   0.447406   0.537297   0.397146   0.545756   0.410098   0.440987   0.397580   0.472834   0.468250
  1.030028   0.851904   0.593690   0.405099   0.588280   0.565250   0.462760   0.475988   0.384687   1.281316   0.947354   0.412427   0.540671   0.398263   0.717948   0.405669   0.442419   0.396569   0.474856   0.500288
  1.508067   0.768325   0.589222   0.404101   0.645916   0.547720   0.460140   0.474964   0.383817   1.071630   0.710632   0.411361   0.550629   0.397024   0.516962   0.402850   0.441139   0.407436   0.471022   0.492827
  1.095125   0.573760   0.566450   0.407719   0.814369   0.591243   0.796391   0.476457   0.384510   2.227778   0.659699   0.414246   0.540854   0.397083   0.480099   0.392809   0.441444   0.401548   0.467836   0.510723
  0.534982   0.863580   0.462990   0.400319   1.669982   0.663018   0.461511   0.475620   0.383775   0.931588   0.627587   0.414083   0.529689   1.032918   0.502256   0.397764   0.442263   0.401061   0.465225   0.472258
  0.548998   1.091238   0.460805   0.409868   1.608804   0.651626   0.467132   0.478407   0.386446   1.346603   0.793329   0.407753   0.529004   0.692765   0.517075   0.458896   0.441428   0.403305   0.485521   0.512441
  0.517862   0.666682   0.463049   0.404898   0.934218   0.609778   0.461582   0.472129   0.383200   2.040549   0.704665   0.404862   0.525814   0.790322   0.484698   0.597364   0.440750   0.397875   0.474004   0.462358
  0.562465   0.711080   0.465753   0.401343   0.893390   0.706459   0.468766   0.473215   0.381423   1.684603   0.603736   0.404355   0.533917   1.724582   0.478811   0.467444   0.440257   0.400226   0.478315   0.455806
  0.522691   0.812536   0.453967   0.399247   1.691870   0.598276   0.461693   0.482761   0.385350   1.068754   0.580011   0.406386   0.539702   0.970659   0.469615   0.417070   0.440706   0.398341   0.472531   0.460744
  0.580252   0.678484   0.455049   0.403868   1.520085   0.567260   0.460154   0.481277   0.385087   0.824877   0.707392   0.399457   0.607909   1.297977   0.474271   0.549992   0.440525   0.396464   0.463020   0.446421
  1.251263   0.591571   0.469500   0.399490   1.580267   0.574115   0.462579   0.479619   0.386603   1.352539   0.612881   0.458051   0.540039   0.934649   0.467417   0.431298   0.441048   0.397406   0.508491   0.530769
  0.549183   0.617734   0.452699   0.401833   1.372025   0.537369   0.444519   0.471915   0.383574   0.767524   0.594150   0.446442   0.525445   1.655837   0.474842   0.398049   0.439767   0.396358   0.466144   0.462179
  0.526869   0.907562   0.454623   0.399890   1.205168   0.528400   0.436073   0.478071   0.382965   0.709112   0.608297   0.418266   0.528554   0.945322   0.465912   0.393522   0.441276   0.396524   0.474240   0.463438
  0.526559   0.583538   0.441157   0.399858   1.122617   0.545476   0.549080   0.472537   0.386037   0.683355   0.548013   0.418356   0.518759   1.537171   0.470572   0.391906   0.439659   0.400702   0.476519   0.450974
  0.526458   0.559931   0.441140   0.403146   0.843366   0.516648   0.407465   0.475155   0.382337   0.648155   0.663800   0.497779   0.523305   2.423336   0.463799   0.518336   0.441602   0.397255   0.464309   0.450384
  0.534014   0.539985   0.449549   0.396877   0.581077   0.504287   0.581278   0.471807   0.381535   0.886441   0.599292   0.461702   0.523104   1.899972   0.466179   0.391343   0.441240   0.396888   0.457050   0.458000
  0.523969   0.739221   0.450549   0.397874   0.645683   0.518019   0.403562   0.475162   0.379903   0.728802   0.543951   0.437405   0.523386   1.914439   0.468429   0.393853   0.440863   0.396534   0.447531   0.450071
  0.516203   0.559864   0.441052   0.398198   0.576139   0.645884   0.415183   0.474523   0.379606   0.560399   0.545372   0.403484   0.526768   1.014077   0.465277   0.392112   0.440508   0.396878   0.453321   0.454630
  0.555190   0.517270   0.441576   0.397754   0.548150   0.498097   0.412952   0.473634   0.379854   0.760378   0.589905   0.408882   0.519135   0.691079   0.462209   0.392281   0.918032   0.395527   0.479470   0.447164
  0.520547   0.572735   0.444958   0.396294   0.582828   0.504983   0.396591   0.471778   0.378255   0.747700   0.544210   0.404800   0.522808   0.930061   0.465314   0.390597   0.833240   0.395502   0.487386   0.446367
  0.510165   0.564836   0.438713   0.394951   0.596370   0.493287   0.395622   0.470249   0.377631   0.524779   0.542848   0.418561   0.521366   0.580586   0.470609   0.392087   1.302765   0.395774   0.450162   0.446852
  0.522314   0.503656   0.442305   0.393892   0.530637   0.512915   0.393169   0.471280   0.386574   0.516500   0.546240   0.401125   0.518037   0.642641   0.469696   0.389309   1.164078   0.395371   0.464470   0.437680
  0.511529   0.566554   0.442895   0.394594   0.673150   0.522275   0.407186   0.474246   0.381860   0.505868   0.537025   0.398347   0.517901   0.636213   0.462090   0.397357   1.810331   0.395100   0.461992   0.444137
  0.543852   0.607573   0.439935   0.392979   0.592570   0.498866   0.430815   0.474670   0.379993   0.632611   0.534390   0.398788   0.519927   0.550265   0.462816   0.392319   1.509544   0.395566   0.450171   0.439135
  0.503997   0.521622   0.437771   0.395015   0.592562   0.504567   0.468888   0.473200   0.379893   0.694942   0.517683   0.398798   0.520855   0.672237   0.466129   0.388048   1.023568   0.395167   0.459664   0.438462
  0.498340   0.576049   0.439909   0.391094   0.775960   0.490450   0.467161   0.472158   0.378845   1.353654   0.764637   0.400026   0.517845   0.586358   1.666708   0.387935   1.460223   0.860515   0.456420   0.441857
  0.539569   0.614994   0.438832   0.388834   0.499048   0.504822   0.388898   0.477205   0.378187   0.648287   0.526519   0.401116   0.516964   0.587589   0.963923   0.395019   1.357996   0.942920   0.446341   0.435677
  0.497848   0.527264   0.436335   0.386610   0.524396   0.461993   0.437311   0.472865   1.082045   0.863646   0.518889   0.400693   0.516454   0.609651   1.447855   0.389628   0.990487   1.548043   0.451577   0.438763
  0.499504   0.623829   0.445573   0.395674   1.241877   0.489464   0.397364   0.477061   0.598156   0.561661   0.545525   0.398855   0.516349   0.583832   0.807446   0.402874   1.705418   0.627968   0.444599   0.434437
  0.495676   0.570237   0.440252   0.391836   0.519540   0.451640   0.405534   0.470264   2.278213   0.493208   0.586589   0.501400   0.518383   0.669427   0.683508   0.387405   0.884335   0.869677   0.444584   0.434549
  0.496856   0.620225   0.440630   0.397034   0.484068   0.461044   0.393124   0.472134   0.664372   0.498749   0.601410   1.030329   0.516563   0.534980   0.851770   0.388723   2.272137   1.715665   0.446731   0.436225
  0.515210   0.502929   0.435602   0.392747   0.495873   0.447526   0.405592   0.472828   0.800835   0.489364   0.521565   0.588167   0.515965   0.518404   1.516413   0.392645   1.336082   1.216177   0.441303   0.434509
  0.638344   0.499965   0.438570   0.392678   0.471294   0.450541   0.392924   0.471831   0.760261   0.484439   0.503280   1.128114   0.516389   0.501644   0.981340   0.391069   1.207062   1.690496   0.451068   0.435946
  0.542258   0.484720   0.435920   0.395729   0.506954   0.450523   0.405916   0.971428   1.057900   0.531270   0.513946   1.106659   1.046762   0.648934   1.429174   0.392487   1.010733   0.934630   0.442117   0.435820
  0.537730   0.421833   0.435442   0.737026   0.761573   0.446990   0.403800   1.644818   1.404512   0.515712   0.501876   0.928609   1.817887   0.497444   1.739539   0.392946   1.043367   1.229427   0.442832   0.439955
  0.511237   0.750362   0.436135   1.116262   0.462198   0.468633   0.393533   1.628084   1.516101   0.511415   0.499849   1.014243   0.913373   0.499466   1.464905   0.386537   0.915018   1.528695   0.444269   0.433506
  0.535744   0.581112   0.439108   0.669175   0.503553   0.449976   0.410588   0.780670   2.073324   0.487593   0.512369   1.615227   0.721283   0.550295   1.822196   0.385579   0.828922   1.236838   0.443229   0.431005
  0.495982   0.479037   0.438858   1.065637   0.450723   0.440401   0.527573   1.669545   1.605101   0.505861   0.511587   1.659988   0.677781   0.560621   2.326501   0.389979   0.795512   2.133357   0.443355   0.431178
  0.492314   0.424372   0.435588   2.057674   0.428704   0.448650   0.392055   0.821322   0.908514   0.498260   0.504576   1.821723   0.689744   0.485350   1.242997   0.401686   0.610293   1.287565   0.443504   0.427474
  0.556091   0.462361   0.435404   1.815585   0.465861   0.460554   0.386110   0.876427   1.745950   0.491324   0.509494   2.293296   1.565484   0.737897   0.883344   0.389444   0.590424   2.046997   0.442331   0.435122
  0.496610   0.562528   0.437621   2.105408   0.498577   0.448623   0.387948   1.629806   1.032773   0.480146   0.517120   1.687093   0.909935   0.521189   0.962994   0.388396   0.709198   1.061072   0.443709   0.426829
  0.492234   0.524580   0.436653   1.104421   0.414380   0.445579   0.392280   1.882886   1.591982   0.484252   0.583424   1.612477   1.719805   0.606577   0.663509   0.390378   0.734181   0.728376   0.440875   0.427274
  0.491299   0.514015   0.436389   1.280392   0.691556   0.442533   0.388871   1.392441   0.840859   0.484053   0.516189   1.841548   1.516997   0.731303   0.800447   0.395573   0.578963   0.717171   0.441823   0.428383
  0.486925   0.412661   0.435550   1.228771   0.597043   0.447906   0.389060   1.894628   0.900921   0.480248   0.516531   0.652215   2.165925   0.516451   0.731231   0.830283   0.613417   0.728309   0.444690   0.428363
  0.482541   0.414757   0.435833   2.221813   0.424116   0.433393   0.388450   1.171815   1.263521   0.480772   0.499077   0.776025   1.964556   1.434395   0.600786   0.803293   0.624825   0.675563   1.029571   0.428045
  0.489661   0.406219   0.433784   1.966554   0.471402   0.437766   0.386131   1.010985   1.622422   0.479198   0.500821   0.844591   1.368706   0.481838   0.773623   1.743703   0.644184   0.624322   0.813734   0.427399
  0.469801   0.404452   0.435840   0.887121   0.440516   0.434142   0.386059   1.307107   0.619417   0.462123   0.508381   0.531773   1.651339   0.483452   0.742468   0.768995   0.610905   0.618897   1.838476   0.425374
  0.457825   0.433245   0.437049   1.146110   0.415703   0.430198   0.386325   0.962201   0.546064   0.491497   0.497039   0.561101   1.191238   0.486921   0.545290   1.571660   0.521430   0.764546   1.971815   0.422859
  0.474267   0.399321   0.436291   0.895187   0.495199   0.450530   0.386651   1.108106   0.532169   0.546747   0.510927   0.495798   1.037075   0.616588   0.502331   2.334821   0.522143   0.715707   1.461269   0.416415
  0.430007   0.406132   0.434201   0.861260   0.567003   0.649386   0.385693   0.763240   0.556055   0.508918   0.510917   0.503425   0.686618   0.483472   0.579929   0.864725   0.480722   0.623731   1.062810   0.401238
  0.467522   0.403186   0.434652   0.761789   0.433380   0.426609   0.385971   0.749521   0.554721   0.536491   0.509475   0.554410   0.693256   0.500802   0.546159   1.748761   1.010562   0.667996   1.388722   0.403805
  0.503385   0.402269   0.434270   0.799454   0.516806   0.457785   0.384969   0.720120   0.461814   0.510554   0.503116   0.575496   1.214581   0.478297   0.645366   1.111151   0.604862   0.596948   0.719698   0.402053
  0.453014   0.424406   0.946813   0.660116   0.467710   0.439191   0.386127   0.712480   0.637272   0.475879   0.510404   0.554313   0.831868   0.488162   0.580535   1.345380   0.544455   1.144759   1.761157   0.401887
  0.453525   0.510014   0.768288   0.600701   0.448776   0.430907   0.385770   0.709627   0.447102   0.515265   0.497483   0.545417   0.605550   0.485787   0.457433   1.673973   0.490119   0.586797   0.876750   0.403243
  0.462172   0.396816   0.905987   0.620518   0.416947   0.429243   0.385707   0.716485   0.574797   0.581603   0.513313   0.485558   0.684384   0.476195   0.484674   0.885433   0.550542   0.594477   1.190291   0.399734
  0.435488   0.416927   0.909345   0.469556   0.404656   0.425812   0.385403   0.733481   0.430625   0.512859   0.511780   0.506970   0.833043   0.543439   0.454959   1.911411   0.483054   0.617920   0.948749   0.408851
  0.448927   0.398727   0.932011   0.571980   0.400274   0.432795   0.387006   0.720117   0.433714   0.463384   0.506088   0.508595   0.799538   0.477220   0.584066   1.524691   0.545413   0.570332   1.617977   0.407013
  0.427075   0.394124   1.124130   0.662485   0.395842   0.427229   0.386575   0.698754   0.428354   0.463352   0.498289   0.490990   0.569469   0.487692   1.048516   2.219796   0.493097   0.648130   1.353167   0.396568
  0.428420   0.390835   1.946214   0.539982   0.413866   0.427676   1.326691   0.719813   0.467056   0.463540   0.497694   0.511680   0.659935   0.539580   0.542439   0.821597   0.478313   0.572622   0.713411   0.395118
  0.437153   0.396577   0.901732   0.474914   0.426523   0.428919   0.793468   0.685052   0.709717   0.471678   0.500274   0.630971   0.837865   0.487500   0.884873   0.823129   0.486356   0.553991   1.082093   0.395311
  0.459139   0.395814   1.526769   0.481380   0.393886   0.423878   0.631145   0.682525   0.408217   0.465079   0.507552   0.511147   0.600343   0.502175   0.517971   1.259495   0.491570   1.112426   0.880912   0.395428
  0.425194   0.397102   1.303946   0.556882   0.413000   0.423249   1.643971   0.707038   0.437809   0.462321   0.512539   0.473758   0.645515   0.486913   0.486700   1.145957   0.489482   0.607678   0.793095   0.398707
  0.423937   0.395196   1.306914   0.463602   0.402633   0.419268   1.609026   0.651296   0.453318   0.461827   0.515317   0.481867   0.503988   0.482831   0.481297   0.735899   0.648884   0.560268   0.642507   0.427140
  0.427047   0.394187   1.772501   0.469496   0.407157   0.535689   1.051289   0.758231   0.452199   0.463272   0.494014   0.467660   0.581130   0.474480   0.496689   0.864706   0.483471   0.547931   0.563494   0.453622
  0.416871   0.393287   1.831876   0.477483   0.399540   0.434219   1.459201   0.743648   0.430135   0.463383   0.496539   0.582185   0.511666   0.487053   0.468398   0.708321   0.480033   0.681031   0.621196   0.413636
  0.431169   0.396847   1.830070   0.493602   0.402806   0.429586   0.925094   0.568294   0.407456   0.462757   0.490506   0.479126   0.511308   0.473713   0.466147   0.746094   0.479154   1.049284   1.069752   1.245765
  0.418155   0.390497   1.977164   0.516880   0.395836   0.424599   2.052867   1.023152   0.402528   0.463362   0.500549   0.468498   0.521218   0.472567   0.453682   0.708212   0.471364   0.666476   0.707112   0.896638
  0.423157   0.392009   0.811858   0.467091   0.409859   0.425984   0.835961   0.865459   0.763022   0.462088   0.502431   0.463815   0.499860   0.463699   0.471972   0.648096   0.469171   0.655458   0.651265   0.647517
  0.421347   0.393201   0.840255   0.453339   0.407075   0.424611   1.042546   0.558757   0.408635   0.461633   0.497802   0.463339   0.527517   0.473041   0.458825   0.574904   0.477408   0.906987   0.688214   0.655558
  0.421736   0.390948   0.565737   0.453105   0.396589   0.420635   1.914385   0.539266   0.410813   0.461968   0.505826   0.467910   0.663722   0.478339   0.452016   0.486499   0.477641   0.569542   0.587522   0.986959
  0.421889   0.390037   1.054502   0.486230   0.417048   0.415109   2.331864   0.650007   0.420267   0.463056   0.502541   0.476447   0.663783   0.470162   0.463226   0.547189   0.544693   0.653762   0.471726   2.096514
  0.417440   0.393095   0.548094   0.540734   0.392486   0.418924   0.964647   0.803656   0.407731   0.848347   0.507695   0.449216   0.524366   0.469926   0.457738   0.631893   0.475562   0.540503   1.241473   1.448228
  0.417887   0.395309   0.628166   0.460184   0.390335   0.412390   0.656495   0.667130   0.416665   0.574363   0.504287   0.452670   0.562757   0.463492   0.453029   0.469046   0.469240   0.521924   0.441190   1.100107
  0.417798   0.391945   0.675194   0.463806   0.396923   0.413699   0.928097   0.676738   0.403516   0.755055   0.490871   0.450926   0.529133   0.453678   0.452925   0.536383   0.472938   0.524948   0.496793   0.870681
  0.415847   0.393377   0.877027   0.507430   0.390839   0.410833   0.669024   0.778808   0.418234   0.969952   0.492206   0.470169   0.493624   0.536627   0.578485   0.628131   0.475380   0.510170   0.422531   1.955658
  0.416687   0.394418   1.102150   0.566128   0.401437   0.409368   0.701571   0.615300   0.423371   1.274850   0.502797   0.555284   0.503053   0.493537   0.455070   0.514037   0.469322   0.523649   0.463017   1.972208
  0.414358   0.392136   1.610616   0.448836   0.389607   0.407904   0.630324   0.614166   0.410099   0.800374   0.504997   0.476669   0.491353   0.455378   0.453757   0.511708   0.466858   0.520881   0.398496   1.584507
  0.416731   0.393583   0.533429   0.461703   0.390331   0.432554   0.826435   0.537890   0.401194   2.251929   0.502778   0.448778   0.502113   0.533478   0.454529   0.578855   0.466392   0.532244   0.401958   1.147993
  0.415507   0.391343   0.486560   0.451435   0.393245   0.411471   0.557471   0.612905   0.407398   0.962132   1.049023   0.449275   0.494936   0.460665   0.452610   0.516963   0.468755   0.493854   0.433905   1.227855
  0.413489   0.390488   0.655499   0.465416   0.404773   0.415912   0.542403   0.621033   0.434154   1.757839   1.103907   0.479324   0.495510   0.523109   0.456325   0.460789   0.469149   1.045711   0.548956   1.031685
  0.413693   0.391893   0.568434   0.448000   0.390166   0.435573   0.576959   0.450786   0.403092   1.740280   1.581970   0.453615   0.489535   0.462748   0.456749   0.518962   0.469734   0.583283   0.552732   0.668793
  0.412931   0.392133   0.442119   0.463243   0.408362   0.421901   0.604129   0.490759   0.399907   1.395137   1.164518   0.452302   0.485987   0.461622   0.451130   0.464394   0.468477   0.526961   0.642563   0.587302
  0.410612   0.390835   0.487139   0.466316   0.391347   0.426231   0.677106   0.448904   0.400704   1.697554   0.741333   0.451342   0.489853   0.465059   0.452051   0.472145   0.468931   0.488401   0.894510   0.774399
  0.410003   1.431725   0.431808   0.449260   0.387816   0.408101   0.569930   0.490432   0.401400   1.607096   0.646272   0.448060   0.509717   0.458007   0.452682   0.480143   0.468672   0.505847   0.460413   0.815732
  0.409177   1.870441   0.453279   0.446620   0.390228   0.412260   0.544620   0.456911   0.426711   1.302822   1.489716   0.457058   0.479943   0.457883   0.454617   0.477239   0.468334   0.498104   0.520744   0.691535
  0.407721   0.710401   0.481865   0.448131   0.387497   0.407677   0.553618   0.455913   0.453814   1.252701   1.250065   0.443206   0.477643   0.451830   0.454077   0.460922   0.468533   0.495549   0.440428   0.639480
  0.408022   0.828061   0.426914   0.449534   0.390123   0.410816   0.535687   0.437837   0.404473   0.882926   1.555392   0.464234   0.477006   0.461340   0.454129   0.473753   0.470208   0.494045   0.401641   0.551785
  0.410261   1.098893   0.413934   0.455491   0.387492   0.406498   0.535750   0.445828   0.412438   0.803455   2.009949   0.449199   0.480450   0.456589   0.454278   0.463668   0.465646   0.514973   0.395904   0.674897
  0.415909   0.851691   0.450775   0.446825   0.389491   0.406655   0.541960   0.456013   0.397285   0.577461   1.662644   0.454616   0.472520   0.446461   0.451140   0.474367   0.468898   0.579570   0.399548   0.571678
  0.410077   1.557739   0.426505   0.447160   0.390473   0.404109   0.528978   0.517566   0.413616   0.864842   0.980692   0.444272   0.540913   0.446425   0.450216   0.470612   0.467380   0.505587   0.401358   0.555737
  0.412082   0.949397   0.451878   0.451488   0.388286   0.404062   0.524929   0.498472   0.406470   0.789085   1.479945   0.443905   0.491744   0.453973   0.452643   0.470450   0.463654   0.491162   0.399582   0.534829
  0.411900   2.175936   0.445995   0.447944   0.387283   0.400499   0.599491   0.516517   0.400111   0.589717   2.018723   0.444083   0.486793   0.443080   0.454857   0.450440   0.464949   0.490723   0.398498   0.649828
  1.239717   1.368140   0.456930   0.455586   0.388732   0.397270   0.617563   0.589422   0.399463   0.588364   1.953702   0.442031   0.479565   0.486520   0.449840   0.457063   0.464798   0.485593   0.386422   0.521102
  0.785641   2.102335   0.437690   0.462970   0.387532   0.393579   0.529988   0.465190   0.399562   0.588906   1.621887   0.442235   0.470390   0.450242   0.449720   0.489544   0.464240   0.486262   0.391276   0.638638
  0.820175   1.987573   0.402254   0.450262   0.386604   0.441253   0.522633   0.440871   0.399217   0.558034   0.746537   0.440647   0.473003   0.444979   0.454981   0.461415   0.466977   0.489282   0.390220   0.580880
  1.782703   0.856091   0.451304   0.450070   0.386318   0.391245   0.524221   0.446993   0.397543   0.563073   0.646546   0.445325   0.792090   0.443104   0.444391   0.465064   0.466051   0.491174   0.391855   0.525899
  0.798946   1.393161   0.445734   0.449303   0.386792   0.415150   0.550598   0.486206   0.399282   0.577315   0.782821   0.443238   0.467697   0.446863   0.457420   0.453334   0.468346   0.490029   0.395030   0.568131
  1.496527   1.502401   0.603762   0.447409   0.386613   0.395574   0.547827   0.434152   0.397725   0.605637   0.985877   0.444722   0.489552   0.439975   0.451224   0.506766   0.468977   0.486145   0.390695   0.797355
  2.000677   0.771748   0.409552   0.445930   0.385802   0.435983   0.533732   0.433109   0.399760   1.080407   0.654642   0.443396   0.467312   0.448559   0.440648   0.460095   0.464407   0.487955   0.431424   0.506936
  0.971090   0.742253   0.390953   0.445462   0.386467   0.392199   0.525702   0.434002   0.397839   0.587168   1.001887   0.449753   0.795122   0.452099   0.441034   0.449013   0.464756   0.486142   0.387056   0.512121
  0.874597   0.835186   0.405512   0.446990   0.386059   0.410999   0.529688   0.433996   0.398502   0.561583   0.780133   0.443704   0.473187   0.440446   0.440895   0.450864   0.465103   0.486891   0.386996   0.610350
  1.759743   0.808124   0.432314   0.445495   0.386777   0.498120   0.529934   0.433559   0.398751   0.552324   0.692757   0.442348   0.472339   0.438907   0.441371   0.450064   0.464250   0.485890   0.382869   0.487778
  1.437496   0.937590   0.386088   0.446298   0.386046   0.665231   0.509416   0.444032   0.397549   0.559759   0.749617   0.440737   0.476038   0.443171   0.441290   0.448073   0.464693   0.484336   0.394978   0.472732
  1.426515   1.042275   0.393038   0.447147   0.387511   0.442269   0.511577   0.434184   0.397429   0.547074   0.635620   0.442083   0.468416   0.464200   0.438223   0.446550   0.647404   0.483716   0.390240   0.524602
  1.230012   0.723067   0.401921   0.449736   0.386166   0.783666   0.527761   0.438506   0.397650   0.543785   0.822891   0.441812   0.461284   0.480587   0.433746   0.444209   1.111197   0.485006   0.391985   0.792340
  1.038388   0.706965   0.404181   0.444633   0.613006   0.609977   0.512745   0.430540   0.398259   0.575310   0.763214   0.439820   0.463013   0.444575   0.424016   0.441467   1.380342   0.484713   0.388712   0.488189
  0.809473   0.798682   0.387405   0.446611   1.419192   1.334177   0.496381   0.433305   0.397982   0.524088   0.764282   0.440958   0.459859   0.438309   0.423755   0.472111   0.790464   0.486752   0.388895   0.483239
  0.928463   1.142478   1.385901   0.445654   1.206713   0.932569   0.516219   0.437112   0.886724   0.511430   0.858351   0.440307   0.477715   0.440056   0.414618   0.442906   0.860549   0.483846   0.386201   0.496517
  0.700038   0.898612   0.392920   0.446912   0.730475   1.415387   0.467762   0.438409   1.056180   0.497042   0.819563   0.441305   0.461863   0.440998   0.445701   0.449181   1.386361   0.484993   0.384167   0.454533
  0.931740   0.734887   0.383267   0.446765   1.896775   1.157193   0.572363   0.440194   0.713551   0.584926   0.760720   0.440349   0.475561   0.437403   0.443396   0.453031   1.002351   0.483134   0.386515   0.540283
  1.004947   0.885215   0.393635   0.446389   2.339682   2.123614   0.479053   0.430650   0.828820   0.455443   0.846737   0.442367   0.456513   0.491651   0.422498   0.453127   1.731745   0.485803   0.389638   0.553141
  0.714596   0.742402   0.392018   0.446772   1.033436   1.888016   0.474474   0.436793   1.785665   0.843100   0.635394   0.437636   0.456659   0.437631   0.428487   0.444722   0.930590   0.483008   0.383474   0.496112
  0.601504   0.672889   0.384544   0.444699   1.058973   2.002036   0.477853   0.430747   1.349117   0.490580   0.662840   0.440524   0.460153   0.445575   0.402186   0.442413   1.470552   0.482521   0.382995   0.442304
  0.586346   0.776035   0.384468   0.447347   1.050284   1.766798   0.460388   0.432594   0.832685   0.475883   0.648469   0.438897   0.467270   0.438824   0.406366   0.440229   1.227923   0.482837   0.387842   0.594487
  0.513572   0.750757   0.383363   0.447385   0.896598   1.593170   0.446738   0.430966   1.850270   0.508761   0.635990   0.439923   0.458893   0.438988   0.397332   0.444756   1.051215   0.484262   0.382739   0.867733
  1.651702   0.595825   0.385499   0.448511   1.842534   1.636538   0.465978   0.429588   1.710409   0.939234   0.641007   0.442386   0.453249   0.439193   0.403059   0.441264   1.679786   0.482793   0.383573   0.519760
  0.646770   0.641993   0.383978   0.446445   1.222941   0.991295   0.449953   0.432517   0.991173   0.516372   0.645328   0.439752   0.448808   0.441485   0.400236   0.440645   1.869797   0.483891   0.382805   1.064507
  0.737760   0.648646   0.383155   0.446266   1.239372   0.783310   0.451842   0.430402   1.349340   0.495507   0.631311   0.437842   0.462490   0.439811   0.412908   0.445326   1.776275   0.483857   0.382811   0.698057
  0.506803   0.595528   0.382204   0.863328   1.646248   0.519206   0.442890   0.431036   2.566239   0.495734   0.618334   0.439926   0.452198   0.439211   0.403707   0.441608   0.986836   0.484469   0.383586   0.633698
  0.558343   0.611563   0.385124   0.808086   0.958585   0.424854   0.451049   0.429992   1.286418   0.465024   0.561334   0.440207   0.448780   0.437971   0.401656   0.442216   0.701673   0.481608   0.382915   0.447985
  1.692046   0.590182   0.380434   0.984172   0.806312   0.488097   0.447072   0.429912   1.942925   0.476672   0.638134   0.437770   0.450827   0.435556   0.405893   0.443900   1.144476   0.481620   1.212529   0.459948
  0.665478   0.611155   0.380366   0.812371   0.620950   0.429020   0.455013   0.432368   0.894851   0.559563   0.535269   0.437106   0.457326   0.436366   0.398228   0.439890   0.445588   0.482754   1.432669   0.474366
  0.532125   0.670946   0.382975   1.011940   0.638403   0.401967   0.440218   0.432620   0.981656   0.448192   0.475752   0.439541   0.449932   0.435949   0.397585   0.444214   0.449542   0.480931   1.824566   0.460774
  0.594533   0.584728   0.381183   0.990424   0.565500   0.586879   0.445175   0.430310   0.734585   0.459807   0.454576   0.438861   0.446284   0.435226   0.399183   0.439438   0.450129   0.480440   1.414461   0.431724
  0.491031   0.580716   0.386093   1.555185   0.647150   0.830115   0.443723   0.429218   0.760005   0.452818   0.403104   0.437381   0.448591   0.436167   0.400968   0.442184   0.426227   0.484118   1.977461   0.435961
  0.506113   0.637112   0.381801   0.803946   0.471413   0.653309   0.446272   0.428637   0.732749   0.444575   0.439176   0.438790   0.446871   0.435086   0.399110   0.443188   0.470245   0.480079   0.808758   0.446518
  0.715130   0.857535   0.379844   1.980982   0.450406   0.725989   0.442115   0.428946   0.675397   0.451923   0.601092   0.438971   0.446549   0.435251   0.397564   0.439649   0.564684   0.481616   1.052915   0.441189
  0.591712   0.623092   0.379516   1.596105   0.461694   0.476028   0.444857   0.429399   0.662329   0.545724   0.742372   0.438471   0.447541   1.284257   0.398777   0.439913   0.714478   0.479797   1.650710   0.443943
