  1.468070   1.309079   0.735301   0.785233   1.671363   0.734142   1.372621   1.885557   1.592644   0.936802   1.760100   1.438916   0.939606   1.549235   1.444482   1.359514   1.214141   0.976259   2.140957   1.808099
  1.592285   1.256577   1.380905   1.031697   0.782307   0.833667   0.880781   1.628408   1.439301   1.164839   1.146225   1.395448   0.755879   0.697732   0.882441   1.175626   0.835406   0.870135   1.316930   0.928086
  1.831893   1.251461   0.774294   1.279370   1.394253   1.657914   2.356391   1.094758   1.270474   1.384790   1.212002   1.230873   0.730817   1.129765   0.720680   1.056998   0.538239   0.617360   0.667829   1.426193
  1.821347   0.756773   1.598870   0.650402   0.903073   0.793378   1.456923   0.781887   0.948287   1.512736   1.085694   0.777707   1.460088   1.072309   2.081080   1.062941   1.256944   1.408663   1.126495   1.636411
  1.512510   1.082648   0.962009   1.937503   2.229154   0.923265   1.323115   0.898436   1.543956   2.064073   1.036319   1.300744   1.059591   1.590048   0.949546   1.040638   1.750184   1.335355   1.617234   1.440863
  1.099286   1.452247   1.209588   2.218551   1.924355   2.012308   1.657051   1.160956   1.306413   1.256376   0.751476   0.958578   1.422368   1.393894   0.831157   1.584805   1.469563   1.289424   1.528943   2.174429
  1.584928   1.107782   1.693247   1.044998   1.352734   1.192843   0.792450   1.528412   1.123392   1.694835   2.013058   2.035924   1.155553   1.558185   1.831104   2.069305   1.818301   1.241847   0.778982   0.906273
  1.675023   1.859709   2.067145   1.802604   1.107727   1.631219   0.970177   2.001816   1.401193   1.400612   1.921304   1.001790   1.902097   1.176713   2.023391   1.663494   1.268333   0.777092   1.996807   1.848312
  1.379036   1.953857   0.749097   1.473740   1.676361   1.772099   1.212507   1.444166   1.594638   1.018274   1.817270   1.616906   1.691189   1.431020   1.454571   1.410067   1.921468   1.689605   1.307022   1.334899
  1.214690   1.017246   1.739139   2.070338   1.909002   2.113223   1.020245   1.800838   2.054926   1.361708   1.075034   1.983398   1.813002   1.139110   1.453428   0.985405   1.627324   1.668274   1.545899   1.344203
  1.091908   1.562431   2.297959   1.788295   1.870531   1.686032   2.016503   1.078695   1.248213   2.167868   1.577178   2.470030   1.569642   1.391620   2.040560   1.241540   1.620571   1.765848   2.314705   0.843989
  1.266524   1.341070   1.746728   1.805999   1.579412   2.246948   2.196211   1.206867   1.936115   1.934051   1.828079   1.447041   1.000505   1.424097   1.981731   1.975609   1.931180   2.497602   1.165795   1.262923
  1.179163   2.046581   1.022194   0.446630   1.086774   0.885564   1.050427   0.966202   2.110162   1.529963   1.945857   0.875330   2.104419   1.776896   0.666638   2.060552   0.829487   0.854769   1.951520   1.521363
  1.306698   0.853318   0.740962   1.713618   1.354835   0.484300   1.164803   0.885232   1.292275   1.038775   0.693328   0.865716   0.868360   1.652142   0.745730   1.578687   0.688174   1.963581   0.769327   0.890075
  1.302030   0.705142   0.714811   0.900556   1.852485   1.327976   1.158866   0.737978   1.147056   0.810472   0.648715   0.690162   0.782377   0.743327   1.571821   0.990740   0.855629   0.661825   0.624342   1.252813
  1.230753   0.625767   0.723582   0.647605   0.791763   0.587919   0.923316   0.712809   1.052322   0.903295   1.499468   0.820675   0.828653   0.650907   0.684914   0.829814   0.586015   0.673169   0.484756   1.534989
  1.081947   0.676699   0.591047   0.757119   0.726415   0.584217   0.772653   0.710743   1.019458   0.727016   0.857105   0.760119   1.156494   0.667106   0.680473   0.987399   0.470643   0.561643   0.844889   1.944369
  1.054458   0.720840   0.846165   0.491894   0.748773   0.576706   0.855943   0.734124   0.873779   0.946117   1.240147   0.747622   1.192630   0.628248   0.644153   1.174686   0.543815   0.594338   0.684789   0.980999
  1.083769   0.692337   0.511254   0.810896   1.026510   0.605834   1.627630   0.930433   1.237529   0.782061   1.874252   0.838105   0.850668   0.645112   0.647717   2.397169   0.498278   0.547658   0.475937   0.843819
  1.087718   0.577287   0.734812   0.542025   0.825308   0.760005   1.238863   0.774060   1.732884   0.700215   0.644284   0.723768   0.673211   0.561226   0.748928   1.231801   0.604528   0.768865   0.476773   0.843629
  1.900472   0.625623   0.760586   0.843530   0.803138   0.574059   1.435765   0.710339   0.859759   0.728348   0.693043   0.706805   0.736384   0.509428   0.631848   1.436750   0.528893   0.501609   0.466844   0.850054
  1.039310   0.787831   0.969179   0.399507   0.734299   0.479745   1.045147   0.765808   0.862112   0.699102   0.632681   0.674813   0.672411   0.506315   0.610060   0.955487   0.527451   0.535034   0.486391   0.846365
  1.093606   1.168783   0.541392   0.415458   0.648659   0.520269   0.759746   0.658152   0.846003   0.682468   0.717645   0.678366   0.640277   0.470121   0.793500   0.803363   0.501570   0.548627   0.591682   0.851488
  1.039239   1.200790   0.530346   0.487021   0.673316   0.473741   0.656577   0.602047   0.783931   0.670493   0.871325   0.674837   0.658731   0.499531   0.591910   0.818809   0.470506   0.554326   0.473536   0.867155
  1.069619   0.807257   0.499730   0.569553   0.667500   0.468071   0.737381   0.611065   0.731881   0.702339   0.683817   0.666637   0.643445   0.521268   0.482244   0.767076   0.481202   0.569370   0.516180   0.820621
  1.008785   1.113540   0.494582   0.449084   0.647304   0.468449   0.699013   0.573517   0.690678   0.679237   1.279273   0.670083   0.623306   0.464466   0.455862   0.711344   0.445511   0.482570   0.488366   0.796598
  1.092723   0.904983   0.493749   0.630172   0.624013   0.463677   0.668760   0.527207   0.696214   0.725205   0.921801   0.634843   0.603686   0.479152   0.428401   0.595015   0.441221   0.452945   0.451131   0.772569
  1.001443   0.642559   0.502365   0.391671   0.567093   0.466910   0.690284   0.556359   0.724714   0.677155   0.834687   0.526137   0.609403   0.457338   0.480532   0.439418   0.449669   0.723926   0.426784   0.790737
  0.897107   0.571382   0.518853   0.389863   0.653154   0.457723   0.714344   0.576363   0.777066   0.648873   0.693455   1.350093   0.612308   0.423020   0.442904   0.438367   0.441846   0.438436   0.416378   0.760965
  0.892681   0.770326   0.499438   0.381039   0.590225   0.452937   0.667875   0.497207   0.687892   0.601847   0.702826   0.632518   0.589360   1.182378   0.438849   1.064990   0.442175   0.500399   0.492636   0.735470
  0.842256   0.540025   0.522248   0.407137   0.663820   0.453743   0.668819   0.514848   0.570389   1.753589   0.658331   0.527368   0.574407   0.488765   0.446528   1.073313   0.446431   0.476580   1.110178   0.762910
  0.918671   0.539232   0.477433   0.428711   0.622588   0.456112   0.657273   0.459289   0.929299   0.615897   0.701051   0.505498   0.568160   0.444920   0.426100   0.475753   0.428349   0.474162   0.411341   0.739381
  1.005167   0.563696   0.475873   0.406084   0.576360   0.450782   0.671024   0.429060   0.588023   0.599379   0.703671   0.510893   1.820271   0.438459   0.417979   0.420007   0.416801   0.440370   0.478797   0.770765
  0.824239   0.524132   0.441320   0.406672   0.563666   0.454160   0.658136   0.424164   0.584606   0.609198   0.648925   0.512259   0.532671   0.440658   0.496913   0.511848   0.474074   0.426836   0.437800   1.460675
  0.813658   0.530282   1.854531   0.387019   0.541175   0.453961   0.647632   1.866399   0.579042   0.599561   0.666800   0.521544   0.486620   0.422429   0.443586   0.441458   0.414725   0.449570   0.405225   0.935032
  0.835410   0.538757   0.456783   0.387569   0.609854   0.458530   0.651298   0.408467   0.580197   0.599347   0.639136   0.498972   0.508463   0.477734   0.442326   0.427603   0.412752   0.478220   0.400929   0.797336
  0.827834   0.515022   0.573793   0.386750   0.535934   0.443212   0.653367   0.432256   0.585038   0.610211   0.642957   0.549306   0.675968   0.424181   0.415855   0.415444   0.410412   0.482985   0.412530   0.966883
  0.870342   0.512445   0.566040   0.383537   0.524577   0.451680   0.646650   0.421057   0.532976   0.601463   0.633935   0.608823   1.639467   0.436154   0.432399   0.434878   1.852256   0.439665   0.466238   0.855422
  0.883580   0.523949   0.521777   0.385023   0.534238   0.426532   0.646952   0.408992   0.565881   0.595094   0.635535   0.438101   0.670357   0.414068   0.419251   0.415749   0.865305   0.433240   0.405163   0.696843
  0.742883   0.503274   0.461296   0.390027   0.534237   1.199307   0.650865   0.472385   0.538660   0.615537   0.638959   0.737421   0.452759   0.422830   0.419209   0.399603   0.859768   0.431032   0.736664   0.752858
  0.980460   0.504169   0.453090   0.382815   0.526788   0.423813   0.646195   0.576440   0.509258   0.596490   0.638264   0.424277   0.502046   0.419572   0.445830   0.416569   0.431528   0.426151   0.399431   0.847774
  0.679926   0.472859   0.455847   0.388183   0.512322   0.451510   0.644237   0.423798   0.542494   0.590823   0.632001   0.420515   0.518300   0.427301   0.412065   0.421634   0.444619   0.428495   0.745286   0.794787
  0.633640   0.642243   0.463881   0.381909   0.525801   0.433029   0.642588   0.411616   0.514396   0.586463   0.631257   0.422133   0.442729   0.681163   0.414276   0.400706   0.472405   0.427396   0.443202   0.768220
  0.630928   0.494433   0.441004   0.383186   0.543418   0.450200   0.638901   0.411676   0.520334   0.591284   0.644511   0.416192   0.475922   0.423913   0.416741   0.442216   0.397467   0.414501   0.459229   0.737372
  0.636854   0.469039   0.431469   0.383931   0.502324   0.426804   0.741334   0.413801   0.501375   0.587035   0.630643   0.423752   0.452569   0.413812   0.426632   0.407785   0.405331   0.447708   1.759711   0.714184
  0.619979   0.465604   0.430771   0.381367   0.515945   0.423702   0.643239   0.408977   0.494126   0.584961   0.636291   0.425297   0.938674   0.417881   0.439184   0.410123   0.390795   0.424823   0.648725   0.711530
  0.632171   0.438185   0.425295   0.382057   0.503953   0.433138   0.641100   0.409908   0.485028   0.583409   0.630456   0.410414   0.519301   0.414744   0.427669   0.409485   0.388475   0.450565   0.417223   0.716878
  0.792048   0.463029   0.420941   0.382417   0.493717   0.440730   0.642153   0.409748   0.493707   0.594127   0.671915   0.432115   0.445611   0.416082   0.415406   0.400796   0.868603   0.421555   0.405044   0.724960
  0.604245   0.422150   0.414372   0.381169   0.613803   0.447359   0.640065   0.408047   0.505218   0.585403   0.647862   0.611954   0.433888   0.414506   0.410761   0.402448   0.393130   0.412726   1.676603   0.710293
  0.698995   0.428425   0.711202   0.382669   0.492785   0.511714   0.638771   0.409231   0.498999   0.577424   0.631680   0.416133   0.429865   0.417344   0.408106   0.404266   0.439586   0.406071   0.590131   0.701871
  0.633111   0.403214   0.431122   1.494558   0.498011   0.425574   0.635118   0.408080   0.528161   0.575667   0.629091   0.423737   0.432225   0.415051   0.405636   0.399797   0.386342   0.585750   0.393595   0.701536
  0.634280   1.721630   0.410360   0.940259   0.493010   0.417892   0.664333   0.407845   0.813029   0.575806   0.675426   0.432435   0.435635   0.413452   1.016256   0.398406   0.397986   0.432790   0.397606   0.701790
  0.617518   0.420768   0.456356   1.978108   0.493902   0.415278   0.689507   0.407925   0.501863   0.574757   0.677561   0.413727   0.430104   0.414521   1.026803   0.397701   0.393498   0.413289   0.399901   0.699665
  0.670095   0.418119   0.410921   1.390604   0.492817   0.422016   0.650701   0.409449   0.473570   0.573102   0.667026   0.407775   0.439803   0.413958   1.115390   0.397854   0.388359   0.406444   0.398537   0.699670
  0.632547   0.416627   0.412195   1.245592   0.510566   0.414627   0.636273   0.408285   0.471696   0.563081   0.636920   0.414306   0.413365   0.413666   0.412312   0.398079   0.527240   0.409454   0.401024   1.258110
  0.624552   0.395179   0.414058   0.853553   0.497326   0.412912   0.639139   0.408231   0.462808   0.559988   0.634781   0.415525   0.419312   0.413817   1.856474   0.399161   0.389379   0.402154   0.404107   1.056262
  0.597721   0.408942   0.416336   1.479005   0.482186   0.417023   0.639548   0.407262   0.468389   0.579705   0.638577   0.408353   0.415551   0.412852   0.403060   0.398903   0.395626   0.402292   0.399290   1.294325
  0.626973   0.405879   0.401739   1.589315   0.479125   0.417067   0.638619   0.408303   0.476102   0.539870   0.633191   0.411718   0.405640   0.413484   0.402743   0.398132   0.393803   0.399517   0.393277   1.402001
  0.607969   0.398902   0.402780   1.322979   0.472027   0.414958   0.633950   0.408375   0.497531   0.709117   0.633189   0.409195   0.397432   0.413939   0.401170   0.395780   0.392694   0.393861   0.391953   0.768571
  0.599551   0.453104   0.409303   0.981573   0.442603   0.411615   0.634980   0.407789   0.479104   0.520333   0.634294   0.407066   0.420682   0.415583   0.401845   0.397176   0.400982   0.441143   0.390970   1.895095
  0.588050   0.406274   0.399957   0.947548   0.490471   0.411547   0.634392   0.407292   0.449805   0.516852   0.631538   0.406356   0.393861   0.414189   0.397190   0.395856   0.386733   0.401320   0.391953   0.803454
  0.585344   0.408675   0.404513   2.457688   0.405347   0.411428   0.634910   0.407564   0.478446   0.516472   1.468211   0.406074   0.410259   0.413141   1.440118   0.397090   0.384948   0.389587   0.392153   1.564758
  0.574749   0.401120   0.472836   2.034969   0.420349   0.410404   0.634601   0.408888   0.478167   0.507981   1.122834   0.405569   0.400418   0.413057   0.410637   0.396299   0.383666   0.389897   0.390107   1.210113
  0.554239   0.401783   0.402125   1.040938   0.414890   0.410549   0.634436   0.406896   0.484436   0.475351   1.256472   0.404890   0.392875   0.413973   0.396949   0.396799   0.382777   0.391377   0.389140   1.515508
  0.551347   0.393882   0.407038   1.204670   0.405748   0.412780   1.688039   0.406526   0.445810   0.604291   2.104837   0.404013   0.396240   0.413614   0.398835   0.396250   0.383788   0.409076   0.393716   0.998934
  0.572578   0.389656   0.398724   0.757430   0.476323   0.411018   0.745309   0.406525   0.944756   0.500415   1.123881   0.402937   0.399240   0.413169   0.420429   0.396558   0.380447   0.406614   0.388731   2.404504
  0.589089   0.391691   0.403699   1.208811   0.914274   0.409352   1.345017   0.406925   0.481898   0.486630   2.124817   0.419611   0.396405   0.413279   0.398526   0.394670   0.385048   0.386836   0.397794   0.775756
  0.675440   0.388079   0.398083   0.783093   0.559729   0.413268   1.511188   1.099657   0.445609   0.466394   1.018393   0.404509   0.389743   1.945987   0.395375   0.394489   0.385642   0.523358   0.389238   1.153374
  0.675339   0.392662   0.403637   0.775903   0.424312   0.408535   0.789269   1.534157   0.479718   0.551622   1.237829   0.411022   0.388467   1.352806   0.394768   0.394511   0.383856   0.402046   0.388681   1.249003
  0.555197   0.392348   0.403344   0.834551   0.411414   0.408210   1.572901   1.025554   0.475658   0.467299   1.432116   0.403172   0.389101   1.964219   0.396565   0.395028   0.381308   0.397849   0.394796   0.537596
  0.507371   0.387916   0.399113   0.675541   0.398560   0.410415   0.985147   2.298078   0.453612   0.468852   1.853293   0.402701   0.391638   0.966081   0.398286   0.394689   0.382537   0.387340   0.390530   0.851018
  0.559660   0.396377   0.399215   0.731505   0.412028   0.408129   1.897999   1.287554   0.439103   0.474953   1.920809   0.403529   0.392300   1.601488   0.399516   0.399498   0.382518   0.383282   0.388593   0.526466
  0.553788   0.392543   0.398288   1.003665   0.424436   0.409493   1.453831   1.188132   0.447149   0.475652   1.791311   0.403495   0.390387   1.139316   0.394452   1.196543   0.381001   0.394830   0.388505   0.679581
  0.508691   0.387568   0.397120   0.627156   0.403271   0.407975   1.513427   0.798112   0.446261   0.458732   1.227430   0.403696   0.396144   2.140242   0.398776   1.079056   0.384303   0.383506   0.389574   0.605610
  0.489908   0.387930   0.396798   0.563390   0.405209   0.408586   1.363810   0.982912   0.448064   0.444822   1.663510   0.403453   0.386983   1.477151   0.393777   1.132893   0.381617   0.385635   0.388951   0.440638
  0.464206   0.386488   0.395998   0.634612   0.403778   0.407952   1.605665   1.551449   0.464675   0.441720   0.784695   0.402889   0.385839   1.639855   0.393548   0.789329   0.381310   0.389569   0.388056   0.459675
  0.638618   0.391892   0.396962   0.594353   0.396995   0.407836   0.996834   1.372546   0.453725   0.455093   1.607087   0.401921   0.392068   1.476318   0.393787   1.171111   1.184075   0.385655   0.388065   0.440091
  0.461040   0.379688   0.396499   0.530943   0.394272   0.410868   0.840534   2.217678   0.433392   0.442418   0.818487   0.402676   0.385743   1.010215   0.398240   1.814844   1.750643   0.383587   0.388821   0.502166
  0.465875   0.398614   0.394460   0.526489   0.393546   0.407536   0.672290   2.334647   0.439531   0.433004   0.768437   0.401890   0.384892   1.152511   0.393302   1.686676   1.489777   0.383273   0.387652   0.406736
  0.450346   0.380675   0.397441   0.534954   0.394290   0.408410   0.692844   1.725740   0.439112   0.467842   0.825653   0.402087   0.385168   0.912686   0.394170   1.489810   1.425153   0.382111   0.388708   0.594829
  0.442768   0.379056   0.395630   0.658260   0.397707   0.408522   0.614450   0.762795   0.435360   0.459929   0.961441   0.401697   0.386812   0.775177   0.393684   1.618708   0.843111   0.382499   0.388304   0.453612
  0.445967   0.380535   0.397274   0.520172   0.401694   0.408015   0.620287   1.031777   0.434869   1.921453   0.811971   0.405951   0.393197   0.729431   0.394039   2.403557   1.793660   0.383022   0.388573   0.566837
  0.468120   0.380413   0.395495   0.609660   0.396593   0.408031   0.560375   2.292377   0.431879   0.573780   0.837839   0.904796   0.391684   0.673764   0.394235   1.239802   1.159724   0.384389   0.387077   0.429902
  0.518492   0.383354   0.395222   0.539692   0.403649   0.408530   0.582267   0.778629   0.428793   0.974259   0.805053   1.058286   0.383613   1.628306   0.394719   2.013025   1.817440   0.384824   0.388330   0.420995
  0.445484   0.380828   1.202510   0.539400   0.930599   1.087746   0.550002   0.894348   0.460223   0.393200   0.766751   1.034519   0.389644   0.943940   0.393642   1.425219   1.869696   0.382588   0.387754   0.435020
  0.438209   0.378971   0.889217   0.599194   0.843651   1.411188   0.542620   0.902143   0.433922   0.392294   0.749643   1.587010   0.387197   1.351006   0.931459   0.932418   1.191111   0.382291   0.387486   0.402779
  0.484121   0.377860   0.848186   0.515792   1.010599   0.878683   0.540852   0.869433   0.429248   0.388429   0.686475   1.377252   0.386667   0.805176   1.615753   1.689959   1.561590   0.382262   0.387341   0.411465
  0.449997   0.378034   1.454823   0.538667   0.574620   1.226586   0.538138   0.760441   0.422312   0.414599   0.633555   1.397690   0.386204   0.609851   1.138740   0.916040   2.532693   0.382679   0.387367   0.415059
  0.440668   0.378726   1.042182   0.547605   1.908178   1.265196   0.531226   0.797726   0.422216   0.410237   0.857974   1.831460   0.386070   0.985346   1.046887   0.720220   2.376768   0.382127   0.387611   0.406413
  0.428643   0.377490   1.370469   0.706891   1.273761   0.868644   0.541170   0.613403   0.420521   0.429061   0.688619   1.730746   0.382387   1.040454   1.340339   0.544836   0.917008   0.382305   0.387282   0.412347
  0.456994   0.378641   1.469953   0.689035   1.319185   2.277773   0.547074   0.673819   0.422975   0.419740   0.544200   1.982256   0.382148   0.934985   1.614841   0.435791   0.927088   0.382598   0.387240   0.400291
  0.427351   0.378303   1.656072   0.534640   1.113461   1.373411   0.531869   0.604716   0.425183   0.414256   0.569717   1.599787   0.383509   0.811406   1.721854   1.598569   0.876920   0.382358   0.387452   0.391643
  0.478577   0.377590   1.694665   0.538489   1.458304   1.754811   0.539914   0.574576   0.420858   0.385349   0.534184   2.044376   0.381707   0.706404   0.864201   0.423805   1.153616   0.382098   0.387687   0.396126
  0.422433   0.377344   1.902124   0.520378   1.775764   1.355859   0.536820   0.526091   0.416627   0.388116   0.577758   2.232300   0.382688   0.655549   1.831092   0.405193   0.813178   0.382329   1.254240   0.426039
  0.507150   0.377271   1.300477   0.519087   1.184033   1.760711   0.531000   0.650486   0.498571   0.379618   0.542279   1.124765   0.381640   0.706640   1.583282   0.448724   0.797069   0.382344   1.086344   0.396366
  0.429230   0.377638   1.830570   0.503703   1.255254   2.417115   0.528536   0.526865   0.414514   0.399343   0.535872   0.897147   0.380543   0.594284   1.235102   0.458788   0.798277   0.789901   2.348130   0.390703
  0.436379   0.377696   2.299536   0.515808   0.993353   1.992997   0.530913   0.491337   0.427553   0.386541   0.512608   0.914825   0.379504   0.624872   1.180111   0.440282   0.793963   1.102892   1.683521   0.394688
  0.432602   0.888145   0.920721   0.510687   1.025889   1.346088   0.536814   0.540655   0.417619   0.392247   0.420340   0.713999   0.389721   0.646438   1.440517   0.471974   0.770139   1.149772   1.454082   0.390906
  0.421083   0.887789   0.937171   0.495074   1.068338   0.681695   0.535812   0.509479   0.418481   0.384512   1.870907   1.103802   0.380154   0.641778   0.705480   0.425069   0.755702   1.693800   1.275039   0.421662
  1.341308   1.182786   0.831496   0.484576   0.698516   0.718977   0.518076   0.494641   0.415400   0.384674   0.502933   0.700537   0.382233   0.737326   0.738349   0.394817   0.857077   0.971614   1.100421   0.387334
  0.435682   1.351140   0.742859   0.465691   0.612653   0.708711   0.575926   0.463218   0.412361   0.394385   0.433217   0.633348   0.378002   0.702968   0.730825   0.434694   0.844250   1.033301   1.353725   0.385201
  0.421322   1.143631   0.801010   0.453716   0.621132   0.629197   0.521316   0.701996   0.409407   0.381963   0.501926   0.683019   0.379897   0.786290   1.042468   0.412913   0.769680   1.587797   1.705712   0.960291
  0.444184   1.300200   0.716546   0.963367   0.593839   0.656183   0.510650   1.008921   0.433291   0.382774   0.444167   0.545579   0.377858   0.705875   0.928680   0.396780   0.800186   1.798132   1.352347   0.392221
  0.424119   1.265617   0.770965   0.893386   0.636542   0.649296   0.514180   0.442859   0.423614   0.383603   0.616267   0.732477   0.378785   0.681639   0.739090   0.417977   0.777131   2.394403   2.414533   0.424810
  0.421197   1.499235   0.927579   0.705740   0.490171   0.625396   0.525243   1.050034   0.416551   0.385894   0.487985   0.532992   0.377834   0.660453   0.697637   0.398358   0.772697   1.153795   1.114476   0.542956
  0.421680   2.392063   0.685535   0.453171   0.601526   0.644315   0.515107   0.488939   0.411626   1.374671   0.410051   0.510217   0.377652   0.604803   0.701350   0.392758   0.808312   1.269957   0.591571   0.388136
  0.418213   1.704771   0.644435   0.560299   0.542005   0.617286   0.510544   0.550907   0.410525   1.051666   0.414772   0.542751   0.377572   0.618244   0.691506   0.404679   0.614717   2.168026   0.806792   0.384504
  0.425108   1.071522   0.650743   0.422909   0.562732   0.595745   0.520410   0.456702   0.747501   1.425144   0.419729   0.535313   0.377184   0.878307   0.578592   0.397497   0.512203   1.279207   0.584728   0.403601
  0.421922   2.095827   0.647061   0.428678   0.488508   0.559909   0.508537   0.464505   1.161238   1.435255   0.416504   0.541299   0.377698   0.789565   0.559365   0.387258   0.565318   0.640401   0.577594   0.381298
  0.434348   0.866522   0.635088   0.413085   0.524391   0.503954   0.504783   0.459137   0.875460   1.605350   0.409524   0.538874   0.377755   0.732898   0.510236   0.406709   0.534260   0.679453   0.705637   0.385114
  0.418850   1.189814   0.608282   0.432982   0.506701   0.444803   0.470707   0.465722   0.808385   1.078337   0.404887   0.496042   0.377573   0.780564   0.563961   0.390535   0.496146   0.757653   0.731793   0.381844
  0.423816   0.853510   0.601709   0.430760   0.493180   1.020336   1.255837   0.423890   1.557143   1.170302   0.405337   0.475341   0.377234   0.592857   0.460762   0.385323   0.567936   1.050982   0.561897   0.381690
  0.420746   0.731763   0.610248   0.424844   0.445135   0.456213   0.539740   0.420463   1.501470   1.090871   0.403990   0.435274   0.377835   0.832214   0.557733   0.392831   0.495919   0.703737   0.552760   0.384693
  0.418316   0.689110   0.581532   0.416898   0.538325   0.441067   0.471776   0.434558   1.258429   1.416171   0.443420   0.468217   1.004988   0.678794   0.450394   0.391270   0.489314   0.711355   0.509995   0.381429
  0.416777   0.719243   0.585356   0.417803   0.480400   0.449629   0.549195   0.422838   1.148633   1.362486   0.414700   0.479369   1.830439   0.596368   0.547086   0.393837   0.485349   0.673701   0.525200   0.380683
  0.418831   0.646158   0.541433   0.417087   0.429981   0.529728   0.473869   0.444310   2.063146   2.116274   0.414245   0.455180   1.461905   0.608767   0.449926   0.384885   0.484248   0.689359   0.506859   0.379134
  0.416247   0.708081   0.460018   0.423219   0.425520   0.462344   0.475989   0.451953   1.895717   2.382681   0.411654   0.444453   1.292071   0.598873   0.480966   0.382871   0.465178   0.649824   0.468679   0.378693
  0.418524   0.633643   1.945475   0.419265   0.758436   0.428606   0.465308   0.419322   2.177620   2.180002   0.403862   0.465554   0.990714   0.595962   0.473538   0.394100   0.452298   0.643861   0.438345   0.497358
  0.418796   0.629725   0.468777   0.418852   0.422617   0.420004   0.462325   0.424107   1.857663   0.932794   0.404605   0.526852   1.880263   0.622788   0.495185   0.385015   0.457524   0.653262   0.549767   0.380757
  0.417425   0.631502   0.428499   0.409996   0.423532   0.414623   0.465524   0.431341   1.270733   0.867519   0.404016   0.441785   1.603505   0.611741   0.458829   0.381027   0.449158   0.639348   0.462802   0.384585
  0.416810   0.653365   0.429291   0.411569   0.422841   0.471873   0.466071   0.417421   1.827460   1.004744   0.407959   0.436125   1.541223   0.629118   0.452459   0.384515   0.449999   0.641555   0.454609   0.376261
  0.418152   1.982470   0.426528   0.414317   0.422339   0.586685   0.461239   0.426831   0.670416   0.800723   0.403237   0.433365   1.312316   0.621586   0.451597   0.384254   0.439195   0.656621   0.482645   0.378062
  0.416647   0.582307   0.420184   0.416991   0.432630   0.425279   0.453132   0.414309   1.233164   0.800770   0.403511   0.439279   1.172383   1.013471   0.452449   0.381215   0.574789   0.632591   0.463209   0.380054
  0.415245   0.555044   0.453035   0.412570   0.517908   0.411788   0.450610   0.414874   0.641367   0.767871   0.405544   0.428027   1.179459   1.784524   0.454402   0.446798   0.438982   0.620748   0.429192   0.388274
  0.415910   0.582052   0.415971   0.412989   0.804748   0.423696   0.451998   0.418439   0.582852   0.895451   0.406454   0.422198   1.343689   0.545070   0.433478   0.381837   0.428820   0.656669   0.424032   0.380270
  0.416055   0.495316   0.426816   0.409482   0.502883   1.223981   0.450060   0.415847   0.628832   0.804004   0.406371   0.578917   2.013580   1.293229   0.444433   0.385091   0.445793   0.647728   0.434854   0.378011
  0.415645   0.476760   0.430877   0.410661   0.477077   0.429521   0.448850   0.407634   0.609177   0.907058   0.402928   0.420984   1.113882   1.727221   0.425623   0.380446   0.430795   0.550044   0.420590   0.377477
  0.415088   0.457297   0.426263   0.407033   0.468852   0.417339   0.443583   0.399258   0.591224   0.877080   0.402793   0.561848   0.860636   1.710370   0.438214   0.381126   0.440958   0.595297   0.442963   0.377118
  0.416004   0.420455   0.433434   0.458731   0.425768   0.415148   0.862720   0.391157   0.552417   0.783865   0.403620   0.425212   0.915386   1.011761   0.431714   0.382333   0.428333   0.536618   0.429624   0.381792
  2.415172   0.433852   0.454308   0.407550   0.418596   0.404645   1.015806   0.678654   0.529887   0.908794   0.403134   0.418942   0.687277   0.919886   0.735126   0.381149   0.427988   0.648658   0.424177   0.377975
  1.929097   0.435577   0.414495   0.407680   0.419777   0.423993   0.424460   0.456197   0.524535   0.838188   0.403231   0.427727   0.679470   1.811696   0.409340   0.380693   0.429938   0.538954   0.401889   0.375973
  1.126301   0.468683   0.416556   0.406834   0.417669   0.407636   0.418088   0.428652   0.470260   0.843650   0.404272   0.419914   0.613537   1.516181   0.414863   0.380838   0.460743   0.540936   0.453269   0.376337
  0.968064   0.517065   0.413155   0.406559   0.420184   0.420061   0.418858   0.514918   1.691083   0.721668   0.403554   0.426646   0.623389   1.455630   0.409765   0.380842   0.428540   0.534109   0.413237   0.378568
  1.037534   0.495683   0.412212   0.408265   0.426316   0.415428   0.420626   0.550008   0.560160   1.137570   0.402991   0.421810   0.657851   2.550691   0.416231   0.380637   0.423074   0.530731   0.411549   0.376652
  1.157726   0.392993   0.411984   0.405478   0.421386   0.409187   0.415962   0.453630   0.437446   0.762549   0.403103   0.421754   0.587599   0.680548   0.435587   0.380503   0.430539   0.527441   0.407315   0.376166
  1.249671   0.399225   0.416500   0.406553   0.414907   0.406907   0.417678   0.406524   0.480590   0.694880   0.402982   0.418319   0.546689   0.534448   0.410139   0.382077   0.417169   0.523411   0.407551   0.376435
  1.611970   0.523263   0.412059   0.405536   0.420595   0.407052   0.423189   0.404896   0.474978   0.491039   0.403097   0.419221   0.545745   0.589244   0.404337   0.384183   0.414668   0.512752   0.396307   1.295615
  1.690125   0.392082   0.413091   0.406282   0.412412   0.408994   0.416681   0.390846   0.426308   1.633422   0.760594   0.414124   0.578969   0.542602   0.402065   0.381337   0.421300   0.513088   0.393998   1.167682
  1.363244   0.386221   0.415328   0.406039   0.418838   0.410079   0.411887   0.403019   0.445272   0.600713   1.481094   0.412314   0.503264   0.536106   0.399562   0.380285   0.422190   0.525010   0.392103   1.384764
  1.080360   0.421493   0.424459   0.405645   0.430855   0.409881   0.413474   0.387457   0.473883   0.514044   1.163141   0.412247   0.695526   0.542213   0.403863   0.380266   0.407329   0.475874   0.403794   0.848327
  1.908097   0.382805   0.411762   0.405670   0.426320   0.403767   0.426914   0.391979   0.478845   0.500553   1.284162   0.408809   0.499460   0.517168   0.393702   0.381146   0.414548   0.450392   0.392218   1.301032
  2.337504   0.387705   0.411980   0.406043   0.416712   0.405553   0.450846   0.389064   0.432270   0.446470   0.997950   0.412144   0.535351   0.519431   1.788353   0.380094   0.393839   0.742165   0.404379   0.889266
  1.053497   0.413886   0.413836   0.405842   0.423989   0.403873   0.425979   0.391350   0.532564   0.468988   1.239052   0.410655   0.506906   0.482139   0.408384   1.744765   0.442529   0.455035   0.407359   1.721927
  0.977277   1.181159   0.412752   0.405742   0.414823   0.403923   0.564760   0.390976   0.419233   0.458810   1.341870   0.413415   0.501829   0.506813   0.402187   0.888537   0.399701   0.448636   0.407961   1.820665
  0.963200   0.400986   0.411796   0.405876   0.415948   0.405249   0.524828   0.395979   0.422339   0.448557   1.675455   0.412852   0.530574   0.515537   0.411086   1.426768   0.396048   0.449765   0.398339   1.618853
  1.363256   0.424586   0.410913   1.257273   0.412713   0.404520   0.415774   0.387429   0.421137   0.453652   2.193825   0.408780   0.521187   0.592358   0.396864   0.690809   0.411285   0.449873   0.421757   1.435596
  2.058570   0.381466   0.411603   0.702791   0.415390   0.403613   1.951266   0.387899   0.423596   0.448368   1.880020   0.404328   0.517692   0.738145   0.404604   1.805072   0.424462   0.440778   0.404025   1.800773
  0.794067   0.389301   0.410293   1.185824   0.412482   0.403193   0.427098   0.386754   0.421577   0.445309   1.329320   0.407458   0.488041   0.409435   0.398814   1.924847   0.496570   0.458954   0.394409   1.939725
  1.072614   0.381513   0.410862   1.170584   0.411861   0.403443   0.414970   0.385612   0.423277   0.439454   1.825608   0.403678   0.468952   1.008555   0.400329   0.930360   0.398849   0.447055   0.391835   1.717948
  0.947580   0.379652   0.410781   1.205294   0.412247   0.402555   0.412095   0.387880   0.423271   0.438401   0.916398   0.405242   0.448923   0.532964   0.398146   1.537932   0.391430   0.439035   0.390602   1.042824
  0.756633   0.385818   0.410185   2.137499   0.412501   0.402086   0.412471   0.383586   0.421952   0.432463   0.828240   0.401892   0.587122   2.021516   0.396486   1.568164   0.394531   0.435942   0.389729   0.659593
  0.814490   0.389204   0.409961   1.453809   0.412837   0.402408   0.411597   0.382670   0.422441   0.461521   0.846803   0.396849   0.446727   0.587943   0.392950   1.921163   0.395634   0.444756   0.390047   0.447072
  0.779091   0.385689   0.410225   1.626643   0.414988   0.401826   0.412769   0.383738   0.415284   0.449393   0.745295   0.389709   0.444934   0.446375   0.392201   1.302644   0.452197   0.440544   0.390902   0.723957
  0.763390   0.409337   0.405536   1.676901   0.412184   0.402080   0.410658   0.382789   0.413119   0.442513   0.766171   0.433473   0.421269   0.398281   0.392200   1.301839   0.704590   0.435832   0.391468   1.036263
  0.695712   0.384067   0.392808   2.152455   1.932968   0.401916   0.420935   0.381320   0.458761   0.438886   0.871416   0.389488   0.475276   0.439179   0.393115   1.398429   0.559929   0.428280   0.390200   0.514609
  0.707547   0.379890   0.420287   1.981079   2.129259   0.401262   0.417100   0.396387   0.406375   0.456331   0.729414   0.396111   0.466036   0.439324   0.391846   0.763850   0.390729   0.423380   0.389484   0.457241
  0.692876   0.379498   0.396386   1.093943   0.584033   0.401903   0.412044   0.382753   0.407446   0.429031   0.762769   0.391361   1.576144   1.908075   0.394867   0.644285   0.392110   0.418915   0.387747   0.482703
  0.728589   0.379594   0.394690   1.664949   0.826957   0.403897   0.418614   0.381740   0.405198   0.428106   0.706524   0.387081   0.499354   0.442309   0.393194   0.702087   0.391746   1.162553   0.387857   0.410626
  0.672751   0.379761   0.390612   0.896080   1.362249   0.402003   0.413257   0.381612   0.407390   0.420329   0.778969   0.393538   0.499778   0.436165   1.188345   0.797172   0.386921   0.438312   0.387786   0.468358
  0.664049   0.381051   0.387680   0.694986   0.967052   0.402097   0.849285   0.381248   0.425696   0.449892   0.724811   0.391491   0.422651   0.439982   0.788508   0.909820   0.380434   0.423923   0.386716   0.435971
  0.669173   0.379836   0.385309   0.681649   1.540304   0.401323   0.830832   0.528139   0.396055   0.432435   0.680287   0.395228   0.414993   0.392226   0.751387   0.891962   0.386076   0.395829   0.386264   0.415493
  0.641517   0.379893   0.383309   0.690074   1.627195   0.401294   1.196384   1.277506   0.449966   0.416001   0.755342   0.389989   0.409142   0.391659   1.369025   1.840310   0.388203   0.394136   0.386061   0.428996
  0.503293   0.379667   0.407913   0.742488   1.985510   0.401722   2.480950   1.215127   0.404070   0.416685   0.703151   0.388888   0.405040   0.394145   1.431837   0.655550   0.380564   0.402480   0.386577   0.407036
  0.804855   0.379726   0.383970   0.641051   1.728034   0.401852   2.108565   1.131560   0.389267   0.434142   0.698996   0.388704   0.436459   0.392037   1.160294   0.643407   0.402906   0.401253   0.386040   0.398416
  0.492712   0.378996   0.388326   0.695688   1.269313   0.400787   1.511870   1.857563   0.403886   0.440249   0.850445   0.387641   0.462738   0.411450   1.716994   0.618503   0.381081   0.415855   0.385610   0.399679
  0.535362   0.379843   0.381279   0.659086   1.505381   0.401401   1.731530   1.158804   0.386850   0.434314   1.553763   0.389323   0.415988   0.389044   1.451036   0.639625   0.379305   0.454354   0.384389   0.397398
  0.536235   0.379300   0.381980   0.608569   1.928452   0.400958   1.419189   2.056788   0.529149   0.461871   0.656046   0.388027   1.710144   0.390930   1.215881   0.605458   0.382298   0.392281   0.385123   0.415189
  0.523033   0.379915   0.381042   0.743341   0.776773   0.400156   0.994499   1.137708   0.391857   0.412787   0.636971   0.386211   0.522286   0.395658   1.695048   0.605392   0.375235   0.419630   0.385824   0.417119
  0.534344   0.379386   0.382324   0.899521   0.937527   0.399521   1.185413   1.398893   0.396718   0.415498   0.624124   0.387948   0.410437   0.389124   1.157748   0.668946   0.382185   0.386137   0.385453   0.401399
  0.486525   0.379444   0.381718   0.952162   0.640241   0.397172   1.492793   1.850051   0.383273   0.414734   0.761793   0.385692   0.414650   0.381707   1.377094   0.616419   0.376461   0.410529   0.384470   0.403607
  0.484236   0.379627   0.384267   0.621675   0.516235   0.415276   1.826703   1.268759   0.403733   0.416643   0.657493   0.384266   0.440704   0.377451   2.078676   0.646706   0.376387   0.437701   0.384753   0.411751
  0.476609   0.379431   0.382162   0.731593   0.464080   0.396353   1.333176   1.650728   0.381056   0.416943   0.658828   0.383988   0.422072   0.382423   0.713236   0.582695   0.376047   1.078603   2.066551   0.403727
  0.460009   0.379098   0.382399   0.615774   0.578190   0.395414   0.808204   2.182657   0.384307   0.433833   0.658203   0.386506   0.419651   0.376706   0.732758   0.552802   0.375423   0.391770   0.949593   0.396570
  0.433899   0.379165   0.379418   0.619360   1.930312   0.393057   0.753551   1.022349   0.392769   0.408394   0.713901   0.390259   0.406371   0.388861   0.745946   0.523310   0.903629   0.413918   1.264864   0.393180
  0.455362   0.379546   0.379092   0.605616   0.541939   0.395899   0.646408   0.864714   0.381082   0.407380   0.623902   0.385479   0.406145   0.387836   0.686685   0.870336   1.344524   0.412362   1.468981   0.407956
  0.430126   1.325196   0.379403   0.600280   0.515703   0.396930   0.768701   0.772639   0.385051   0.406520   0.597405   0.383748   0.405066   0.379249   0.767643   0.566805   1.156154   0.395480   1.290067   0.398029
  0.424191   1.109115   0.379523   0.602217   0.719219   0.400290   0.606291   0.666362   0.382580   0.433297   0.529361   0.384031   0.410838   0.381078   0.802506   0.579676   1.103175   0.402693   1.810693   0.398525
  0.436839   1.283654   0.379908   0.611977   0.668103   0.393976   0.722739   0.575256   0.386226   0.405722   0.520136   0.383430   0.407332   0.380052   0.880624   0.551880   1.406603   0.389027   1.056625   0.395289
  0.426394   1.454823   0.379209   0.610544   0.549670   0.394038   0.570828   0.508305   0.386907   0.408565   0.591838   0.383526   0.406636   0.381515   0.655691   0.520443   1.204933   0.409635   1.559990   0.469019
  0.416675   0.658067   0.603805   0.612360   0.456587   0.557350   0.642242   0.572228   0.381537   0.405334   0.574951   0.383303   0.405674   0.380300   0.671481   0.565385   1.755012   0.385959   2.018529   0.394523
  0.431163   0.951081   1.633125   0.594430   0.453071   1.106968   0.577775   0.598374   0.382548   0.399889   0.882135   0.383701   0.405700   0.378339   0.724138   0.512762   1.603517   0.388308   1.104872   0.397123
  0.547403   2.104289   1.780669   0.567156   0.472981   1.524162   0.580249   0.510570   0.380240   0.491203   0.504696   1.518270   0.403357   0.379757   0.726497   0.498990   2.235616   0.387623   1.110682   0.393452
  0.485807   1.510864   1.142403   0.538320   0.431737   0.864273   0.636603   0.504548   0.398164   0.400532   0.469128   1.170654   0.405365   0.378841   0.668492   1.851475   2.001638   0.385871   1.291802   0.394781
  0.418707   1.694665   0.753701   2.112300   0.444934   1.073057   0.574960   0.526678   0.381134   0.403389   0.461549   1.999915   0.405944   0.377215   0.611513   0.544119   1.043037   0.385763   1.047884   0.398856
  0.427061   2.305625   2.051710   0.606944   0.434512   1.384195   0.573904   0.511929   0.381450   0.425766   0.472678   1.242775   0.406353   0.377888   0.518283   0.482704   1.305181   0.391207   0.755395   0.391074
  0.415290   1.989469   1.284647   0.560659   0.431039   1.765177   0.558035   0.497158   0.381374   0.403553   0.465629   1.006842   0.402503   0.376563   0.981643   1.158116   0.993634   0.386138   1.060169   0.395061
  0.416662   1.735315   1.488605   0.499398   0.430497   1.633009   0.539625   0.485631   0.381002   1.711240   0.481149   1.509520   0.405486   0.376803   0.494332   0.480024   0.918409   0.385971   0.767852   0.391618
  0.418995   0.805737   1.591348   1.221894   0.434027   2.091047   0.476662   0.497241   0.380999   0.769434   0.474336   1.246357   0.404638   0.377440   0.522569   0.660831   0.927245   0.388094   0.742062   0.392962
  0.415821   1.115018   1.173900   0.445771   0.440569   1.581811   1.822797   0.466520   0.381434   1.658976   0.466195   1.494817   0.403007   0.376385   0.763371   1.667422   1.070364   0.385128   0.747958   0.393870
  0.413837   0.738428   2.266278   0.408261   0.440211   1.126574   0.788990   0.419243   0.380727   1.467649   0.469737   1.042169   0.405030   0.376884   0.499397   0.491049   0.790834   0.386079   0.734517   0.390954
  0.413687   0.718644   1.740922   0.679950   0.423024   1.565770   0.559768   0.611513   0.381639   0.737220   0.456721   1.057742   0.404128   0.376452   0.478334   2.307783   0.809582   0.387743   0.737588   0.391867
  0.417151   0.794920   2.242479   0.847832   0.423898   1.589621   0.501103   0.422583   0.381133   1.318082   0.466519   2.373213   0.938346   0.377229   0.622681   0.490184   0.899516   0.384590   0.753643   0.391957
  0.416605   0.664352   1.790929   0.435033   0.430429   0.710128   0.505304   0.417963   0.381661   1.205473   0.458245   2.207531   1.061709   0.376853   0.821679   0.458149   0.854511   0.386886   0.787949   0.391990
  0.412882   0.682507   1.992780   0.570823   0.431460   0.836182   0.495514   0.426655   0.381700   1.529704   0.445356   1.079748   1.528411   1.618853   0.501800   0.446534   0.671118   0.384193   0.757125   0.392018
  0.418924   0.686094   0.800468   0.500780   0.483246   0.512238   0.477605   0.447588   0.381788   1.283968   0.442240   1.450587   1.228692   1.317759   0.518989   0.466686   0.497423   0.384675   0.804980   0.391291
  0.418283   0.677041   0.951860   0.403860   0.434682   0.673676   0.469618   0.549659   0.381300   2.413692   0.447769   1.045263   1.361272   0.875586   0.512950   0.472919   0.443184   0.384818   0.691474   0.848317
  0.413063   0.632667   0.903742   0.418151   0.424253   0.545999   0.477391   0.428287   0.381084   1.185208   0.439112   1.535892   1.687583   0.854329   0.498828   0.452696   0.776501   0.386059   0.617102   0.844968
  0.402495   0.624738   0.794303   0.436103   0.430135   0.490756   0.460595   0.430984   0.877901   1.122187   0.430780   0.919260   2.140636   1.336966   0.482793   0.490544   0.836894   0.385302   0.518308   0.976375
  0.513894   0.605523   0.645209   0.406646   0.424493   0.480982   0.453872   0.436614   1.037252   1.114006   0.432849   0.872692   0.876935   1.596329   0.473281   0.465017   0.524398   0.386310   0.492704   1.589133
  0.397473   0.552545   0.645539   0.414830   0.420981   0.478700   0.468580   0.496896   1.174772   0.824502   0.435177   0.879338   1.305086   1.437689   0.465132   0.451456   0.429800   1.118496   0.559008   0.948519
  0.404143   0.503000   0.847194   0.408210   0.421495   0.535229   0.446165   0.423536   1.704135   1.311697   0.433419   0.869505   1.029731   0.989987   0.460833   0.445012   0.462706   0.999347   0.442673   1.058029
  0.402668   0.501401   0.854939   0.414887   0.420055   1.709044   0.507998   0.423921   1.099156   0.704413   0.432770   0.943715   2.178466   2.471144   0.591348   0.445145   0.478839   1.677581   0.871262   1.734487
  0.430484   0.464907   0.635470   0.405840   0.427940   0.599707   0.438731   0.422694   1.608381   0.710529   0.439958   1.076437   1.705497   1.168428   0.472366   0.447499   2.117533   1.031288   0.496635   1.761560
  0.412142   0.418046   0.715223   0.404476   0.418849   0.652706   0.416337   0.419434   2.433596   0.670650   0.427319   2.166354   1.512490   2.350322   0.478460   0.454021   0.462120   0.779318   0.421962   1.371711
  0.397710   1.520875   0.620121   0.401046   0.424948   0.468386   0.441500   0.413471   1.348664   0.740432   0.428293   0.968586   1.018861   1.468641   0.451693   0.441732   0.401461   0.940743   0.421784   1.748926
  0.389534   0.507884   0.602339   0.401373   0.420987   0.510226   0.440444   0.408306   1.153635   0.647562   0.430111   1.048788   0.832116   0.912149   0.440130   0.443650   0.421872   1.648562   0.414032   1.661426
  0.387217   0.412390   0.615920   0.406102   0.430331   0.446881   0.404703   0.409127   1.250920   0.653261   0.432963   0.983092   0.780645   0.918201   0.409785   0.450179   0.468148   1.668489   0.423489   0.915525
  0.387226   0.411132   0.587846   0.405868   0.498469   0.454179   0.417415   0.405073   0.932580   0.651951   0.422423   1.423911   1.084303   0.809545   0.526502   0.448296   0.452661   1.438231   0.422935   1.144228
  0.391219   0.450896   0.560249   0.404211   0.426601   0.424980   0.416378   0.398789   1.951154   0.647264   0.417674   0.869656   0.865230   0.759785   0.402216   0.443610   1.644451   1.310177   0.438670   1.190774
  0.390327   0.569043   0.505785   0.408930   0.421973   1.671986   0.422790   0.493995   1.833171   0.644952   0.413297   1.266550   0.715315   0.778141   0.560823   0.449149   0.410444   1.112554   0.411212   0.790522
  0.389152   1.123615   1.019913   0.401890   0.419185   0.590165   0.543417   0.403381   2.054462   0.630307   0.413739   0.862869   1.108640   0.765115   0.398828   0.446549   0.395628   1.186828   0.415430   0.708918
  0.386759   0.667286   0.516721   0.401041   0.420309   0.417779   0.425897   0.398757   0.675602   1.632509   0.428494   0.904051   0.708765   0.709890   0.390986   0.445964   0.395577   2.014936   0.417873   1.110565
  0.389182   1.398422   0.505428   0.401397   0.420417   0.886591   0.410544   0.400342   0.598944   0.619470   0.449056   0.955770   1.214100   0.688614   0.429106   0.444091   0.397747   1.260944   0.423431   0.629262
  0.388202   0.505322   0.540787   0.401626   0.419942   0.412311   0.426488   0.398032   0.587936   0.504311   0.411503   0.887906   1.447167   0.769072   0.394064   0.442246   0.418406   0.686016   0.412360   0.661121
  0.392711   0.421374   0.498828   0.401807   0.419080   0.437422   0.402536   0.398654   0.558472   0.527911   0.424555   1.162113   0.938286   0.667168   0.531273   0.449132   0.406367   1.027231   0.410812   0.555247
  0.384598   0.409470   0.489274   0.401574   0.419781   1.009986   0.403587   0.399351   0.533132   0.615677   0.409200   0.902853   0.839523   0.634961   0.465124   0.440751   0.395778   0.592292   0.429764   0.703004
  0.387277   0.424783   0.484947   0.401515   0.420022   0.546428   0.402289   0.399854   0.628489   0.467420   0.425858   0.855918   0.766881   0.670419   0.399921   0.441614   0.396178   0.730554   0.403009   0.625175
  0.388886   0.446304   1.110146   0.400587   0.419308   0.441249   0.403195   0.399773   0.616531   0.500474   0.413136   0.887028   0.721979   0.508555   0.417530   0.441541   0.398146   0.710861   0.405835   0.771156
  0.385291   0.421773   1.984882   0.401254   0.419618   0.424519   0.402280   0.397894   0.880167   0.605088   0.420024   0.866951   0.819455   0.991931   0.399713   0.441989   0.398439   1.332387   0.405448   0.746530
  0.387202   0.408607   0.517010   0.401077   0.419330   0.409011   0.405895   0.398125   0.731896   0.464813   0.406534   0.892717   0.723474   0.466203   0.406470   0.439427   0.392389   0.646794   0.417546   0.511907
  0.386531   0.410975   1.474653   0.400980   0.419391   0.427463   0.399982   0.398086   0.577783   0.514185   0.412972   1.062216   0.781233   0.517134   0.382784   0.440237   0.393856   1.084784   0.413595   0.447932
  0.386900   0.410470   0.505634   0.400740   0.419542   0.425887   0.397603   0.398414   0.530426   0.454122   0.405741   0.940892   0.771758   0.506959   0.419592   0.439890   0.391949   0.754189   0.410148   1.204093
  0.384467   0.403482   0.500072   0.400805   0.419872   0.411751   0.398659   0.397196   0.510633   0.431233   0.406952   0.863923   0.874329   0.562577   0.394114   0.441746   0.393234   0.579273   0.405646   0.502106
  0.385276   0.409505   0.490459   0.978648   0.419272   0.402005   0.394342   0.396773   0.508752   0.432411   1.121223   0.861464   0.779959   0.422102   0.399812   0.440434   0.390442   0.583385   0.401098   0.480213
  0.383900   0.574251   0.497263   1.148187   1.195334   0.537321   0.396624   0.396997   1.274473   0.395707   0.408250   0.861268   0.749298   0.444974   0.405734   0.439844   0.390508   0.592499   0.406265   0.459577
  0.384054   0.406132   0.477250   1.268926   1.135198   0.408119   0.392318   0.395858   0.610287   0.518722   0.412338   0.865027   1.196763   0.473236   0.412191   1.147393   0.390785   0.575766   0.407068   0.492421
  0.389903   0.397478   0.488991   0.855507   0.624754   0.409133   0.393536   0.399662   0.578338   0.409329   0.422969   0.849830   0.805163   0.746351   0.387336   1.618526   0.391120   0.578053   0.404648   0.439652
  0.384451   0.399030   0.492691   1.119853   1.149885   0.419135   0.392926   0.396305   0.449749   0.416500   0.405414   0.852882   0.820045   0.498197   0.380340   1.365114   0.391597   0.569599   0.403064   0.406009
  0.385479   0.410028   0.478833   0.994019   1.475071   0.409003   0.395339   0.396393   0.781628   0.398478   0.408202   0.854492   0.717724   0.513202   0.380736   0.996100   0.390297   0.557839   0.401120   0.399465
  0.384716   0.407095   0.487299   1.511199   1.691501   0.406982   0.391087   0.397925   0.786069   0.395997   0.405772   0.852817   1.050856   0.470319   0.389730   1.277022   0.390510   0.590199   0.399542   0.472435
  0.383517   0.412597   0.487540   1.524817   1.332995   0.401395   0.390920   0.396347   1.876106   0.429578   0.408544   0.846412   0.762740   0.418349   0.387843   1.252382   0.388891   0.532877   0.401156   0.408817
  0.384183   0.481129   0.499687   1.642979   1.082661   0.409918   0.391704   0.397189   0.654154   0.399830   0.405525   0.862708   0.796495   0.431202   0.389508   1.517502   0.389631   0.487546   0.398746   0.488646
  0.384102   0.427374   0.481982   1.299333   1.217628   0.405848   0.390350   0.396369   1.976608   0.407934   0.946389   0.870352   0.726000   0.432763   0.378633   1.437508   0.388533   0.442536   0.409528   0.478645
  0.383752   0.393970   0.478284   1.497758   1.760594   0.410958   0.402944   0.396204   0.526890   0.401283   1.345432   0.844915   0.757153   0.443953   0.376729   1.485890   0.389484   0.417655   0.398259   0.444884
  0.383697   0.394499   0.497770   2.137761   1.969825   0.402815   0.393501   0.395771   0.496344   0.393342   0.723564   0.848714   0.699715   0.431707   0.383639   2.163003   0.388337   1.866358   0.510579   0.412649
  0.383385   0.394969   0.480138   0.771200   1.129246   0.418235   0.390564   0.396144   0.471591   0.400228   1.638115   0.844120   0.812342   0.420374   0.383968   2.158195   0.388267   0.437026   0.398123   0.396531
  0.383500   0.397133   0.497394   2.281656   0.782114   0.405938   0.394826   1.566434   0.480426   0.407546   1.124417   0.847819   0.736372   0.405647   0.383194   1.107362   0.388320   0.480126   0.421077   0.410536
  0.383164   0.392768   0.480716   1.087003   0.622315   0.404366   0.392657   1.429706   0.474337   0.394734   0.969488   0.847333   0.738206   0.413458   0.375960   2.844914   0.388040   0.516218   0.397228   0.424444
  0.382722   0.389513   0.479238   0.857175   0.658763   0.401173   0.390652   1.802473   0.479420   0.394763   1.692014   0.848093   0.717364   0.402504   0.383624   1.094851   0.387709   0.510473   0.394302   0.379060
  0.382419   0.392480   0.476371   1.211430   0.625192   0.401728   0.390793   1.106913   0.448529   0.400538   1.695674   0.845416   0.710837   0.402870   0.376183   1.009972   0.388014   0.452819   0.390962   0.495558
  0.381931   0.405255   0.484315   2.129955   0.609507   0.404853   0.391064   1.020388   0.444982   0.392147   2.146451   0.845241   0.771741   0.406154   0.376521   1.411271   0.388163   0.424125   0.392593   0.381331
  0.383031   0.379628   0.475744   1.097035   0.648781   0.399894   0.390296   2.453098   0.451256   0.394437   1.748419   0.852818   0.703512   0.403524   0.381658   0.879674   0.387937   0.419959   0.389492   0.410583
  0.382147   0.383065   0.477201   1.799541   0.590423   0.400519   0.390848   0.936594   0.451661   0.392271   2.643301   0.851678   0.747551   0.401867   0.378101   0.787266   0.387854   0.417366   0.386821   0.396785
  0.383144   0.381461   0.476082   0.762980   0.641561   0.400314   2.036701   1.453563   0.443097   0.394415   2.108766   0.843732   0.701044   0.399575   0.374373   0.824413   0.387867   0.426688   0.388412   0.391719
  0.380887   0.379233   0.478934   0.819550   0.523630   0.400764   1.564094   0.904278   0.441737   0.391464   2.154276   0.843024   0.703307   0.412930   0.375623   0.938245   0.387951   0.420977   0.396321   0.390269
  0.388235   0.384105   0.479989   0.727130   0.527570   0.400507   1.214444   1.274010   0.444397   0.390606   0.777093   0.843348   1.154091   0.408596   0.376835   0.781493   0.387749   0.417723   0.394354   0.378826
  0.380738   0.380773   0.476138   0.700739   0.464400   0.400430   1.198795   1.465263   0.438556   0.393277   0.627222   0.842270   0.493353   0.412902   0.375356   0.764307   1.221137   0.418582   0.392596   0.379823
  0.385552   0.382299   1.180610   0.909428   1.823712   0.399481   0.858422   1.721603   0.429248   0.392936   0.708604   0.840986   1.246644   0.405573   0.377988   0.770155   2.183394   0.417336   0.387900   0.379692
  0.384674   0.378412   1.196027   0.744261   0.548559   0.399703   1.163959   2.502185   0.419163   0.393624   0.706521   0.842511   1.574393   0.397907   0.374877   0.740657   0.882426   0.418646   0.385885   0.378608
  0.381130   0.382468   1.387223   1.012257   0.637713   0.399264   1.132520   1.869880   0.905370   0.394404   0.651596   0.843196   0.890030   0.401256   0.374106   0.754220   1.362066   0.417740   0.387837   0.375095
  0.924862   0.377229   1.488850   0.694794   0.466459   0.399340   1.242173   1.324731   0.423816   0.393763   0.609314   0.840147   1.169729   0.398983   0.374529   0.749026   1.117821   0.417126   0.389083   0.376046
  0.918255   0.377744   0.956773   0.696572   0.491336   0.398808   1.321992   1.151001   0.422685   0.391019   0.618785   0.838144   1.784732   0.401744   0.374596   0.718029   1.637466   0.418006   0.385348   0.377352
  0.737328   0.391560   1.052058   0.691895   0.487243   0.398910   1.704833   0.788661   0.407597   0.391556   0.622542   0.849643   1.388914   0.407545   0.374172   0.805678   1.845444   0.417286   0.387100   0.375970
  1.625355   0.376682   1.944589   0.680502   0.450593   0.398684   1.168787   0.841770   0.415405   0.392836   0.615795   0.845793   2.116142   0.398544   0.374473   0.815938   1.137923   0.417749   0.384581   0.376377
  1.463818   0.382266   1.895874   0.681997   0.478825   0.403351   1.528819   0.813683   0.412780   0.390130   0.615343   0.840163   1.245747   0.397661   0.737468   0.884920   1.231077   0.417252   0.384512   0.376233
  1.290644   0.381310   1.010196   0.692525   0.449404   0.399426   1.163513   0.950769   0.471624   0.389377   0.645371   0.838269   1.613098   0.396781   1.668407   1.086460   1.682470   0.417386   0.383799   0.375915
  2.100307   0.375708   1.443024   0.665202   0.474972   0.399989   1.419621   0.957655   0.605707   0.391594   0.613971   0.837741   1.793803   0.397818   0.701776   0.795603   1.472560   0.417212   0.383970   0.375151
  0.814255   0.375479   1.592663   0.669579   0.480318   1.328578   0.703397   0.767056   0.443777   0.390773   0.645854   0.847020   0.572987   0.397264   1.676243   0.775126   2.059219   0.417380   0.384848   0.375601
  1.441018   0.375360   2.214065   0.687217   0.438436   1.173401   1.041231   0.912097   0.460430   0.389240   0.585928   2.199844   0.521169   0.399673   2.078538   0.674309   1.602556   0.417209   0.383932   0.375553
  1.378556   0.376667   2.231481   0.706084   0.456813   1.068688   0.877432   1.028995   0.437192   0.390500   0.503168   1.062908   0.540801   0.399616   0.951159   0.646324   2.124844   1.188489   0.384613   0.375338
  0.874006   0.380283   1.111740   0.668182   0.430324   0.647096   0.734640   0.788060   0.405635   0.390079   0.703364   1.160007   0.552819   0.396842   1.486344   0.629254   1.555448   1.182354   0.384497   1.246914
  1.875759   0.375618   0.810604   0.689152   0.466494   1.293937   0.780710   0.736166   0.419884   0.390458   0.538978   0.786472   0.711838   0.396828   1.394141   0.635932   1.072321   0.912097   0.978231   1.295630
  1.388341   0.376769   0.973242   0.662437   0.435472   1.315981   0.743489   0.818352   0.438419   0.389393   0.497494   0.978961   0.928033   0.396709   2.639550   0.650824   0.957948   1.705233   1.089786   0.652381
  1.216547   0.374947   0.968408   0.668309   0.427144   1.637820   0.713947   0.681899   0.511641   0.388883   0.521627   1.422503   0.566057   0.397371   1.803400   0.638090   0.791453   0.881180   1.266573   1.168927
  1.426425   0.376372   1.112753   0.667710   0.419499   1.617361   0.728461   0.754814   0.407856   0.388897   0.455768   1.869908   0.546939   0.397089   1.098338   0.619579   0.937026   1.851206   0.823813   1.614070
  1.112514   0.374951   0.733461   0.664510   0.419724   1.529249   0.713160   0.750135   0.418780   0.388897   0.431030   1.632893   0.619496   0.396075   1.314556   0.591040   0.894923   0.785565   1.542106   1.826596
  0.587780   0.375238   0.884563   0.664661   0.426131   1.803624   0.695881   0.717363   0.415544   0.388632   0.816157   1.495195   0.539244   0.396135   1.327267   0.555600   0.722033   1.450842   2.106187   1.505185
  0.703152   0.375856   0.960364   0.658191   0.410155   1.374743   0.691249   0.675743   0.403172   0.388157   0.457648   1.075466   0.503179   0.396624   0.677160   0.545032   0.673193   1.417988   1.085967   1.961063
  0.532668   0.379915   0.936631   0.689188   0.476507   1.282829   0.676985   0.731391   0.406032   0.388508   0.441260   1.437659   0.484443   0.395719   0.685536   1.829277   0.721510   1.533713   0.697479   1.991284
  0.550873   0.374891   0.675878   0.656420   0.409879   1.086399   0.768867   0.706614   0.405122   0.388050   0.419016   1.232512   0.483294   0.396952   0.696122   0.584337   0.804425   2.144590   1.354646   1.517942
  0.523592   0.375731   0.685112   0.717999   0.417683   0.928846   0.874056   0.675062   0.410705   0.388025   0.434834   0.708550   0.492961   0.396068   0.726488   0.450116   0.639930   1.409390   1.845690   1.269464
  0.613872   0.375002   2.036687   0.667943   0.412065   0.642682   0.692401   0.654545   0.404676   0.387707   0.415040   0.846023   0.492442   0.395831   0.640001   0.630616   0.619637   2.000725   1.104833   1.719496
  0.505143   0.375383   0.771888   0.724543   0.402208   0.630529   0.612637   0.659251   0.402539   0.387805   0.421588   0.871794   0.464391   0.395716   0.679495   0.527871   0.639337   2.000058   2.167967   1.553351
  0.437378   0.375027   0.530410   0.852344   0.397349   0.630956   1.835743   0.659286   0.401521   1.189366   0.412975   0.631653   0.484893   0.395790   0.654113   0.448587   0.640373   0.753967   1.932512   0.941453
  0.581010   0.726400   0.805268   0.808305   0.399532   0.621392   0.719809   0.609949   0.406745   0.810885   0.413399   0.661192   0.450684   0.396803   0.551672   0.438311   0.642599   0.701537   2.314735   0.723816
  0.597585   1.689929   0.479136   0.739836   0.397074   0.635049   0.564249   0.601894   0.403039   1.012246   0.414314   0.692534   0.451667   0.395661   0.478974   0.442625   0.619268   0.775664   0.983547   0.788622
  0.474872   1.843897   0.476714   0.666475   0.393269   0.545311   0.624559   0.610753   0.402659   1.146868   0.412848   0.662947   0.441387   1.841965   0.613975   0.452239   0.627047   0.742224   1.070740   0.753722
  0.473318   0.863889   0.554333   0.681931   0.390891   0.466871   0.560923   0.595378   0.402417   1.168511   0.412297   0.657562   0.441664   1.120073   1.846176   0.433034   0.613171   0.927185   1.059629   0.675856
  0.492832   1.080868   0.472654   0.655436   0.395714   0.854089   0.576205   0.590514   0.400863   1.705848   0.407496   0.653377   0.454370   1.738131   0.456386   0.451108   0.609189   2.262310   0.931051   0.593655
  0.497295   1.683465   0.476830   0.661440   0.390103   0.557205   0.550073   0.592492   0.402898   0.786125   0.408951   0.623594   0.465856   0.868546   0.514752   0.437928   0.631399   1.265059   0.843000   0.618117
  0.449104   2.313585   0.507804   0.665753   0.387526   0.495700   0.947939   0.603435   0.402207   2.053183   0.410714   0.648042   0.432741   1.001826   0.535184   0.431619   0.618276   1.438392   1.010174   0.596195
  0.431953   1.769698   0.473102   0.670811   0.393430   0.479494   0.638760   0.564248   0.401120   1.689010   0.410151   0.613681   0.442081   1.597830   0.645874   0.444546   0.615382   0.875128   0.705951   0.558531
  0.444135   1.361386   0.475522   0.659856   0.410310   0.451028   0.566242   0.514107   0.403513   1.798758   0.412828   0.620146   0.429775   1.328283   1.131700   0.431292   0.605753   0.723194   0.740928   0.583927
  0.426681   0.823602   0.423819   0.656859   0.418380   0.542792   0.522476   0.564559   0.402159   1.623088   0.406583   0.640248   0.432151   1.579706   0.575174   0.419749   0.610677   0.729413   0.713991   0.528335
  0.429086   1.640763   0.538241   0.655115   0.399141   0.602305   0.823330   0.532334   1.434244   1.149639   0.448736   0.602511   0.425547   1.536510   0.482896   0.422652   0.604633   1.048591   0.700441   0.572923
  0.556355   1.225052   0.420618   0.656809   0.407690   0.496839   0.531437   0.520546   2.196435   1.465218   0.428871   0.565659   0.419919   2.644311   0.570837   0.416425   0.606027   0.672932   0.679771   0.533605
  0.444373   0.708410   0.521135   0.655334   0.396633   0.458070   0.530922   0.514294   1.247834   1.960666   0.409321   0.449423   0.421408   1.267656   0.513460   0.422065   0.600160   0.722668   0.690921   0.558458
  0.425061   0.781088   0.455587   0.653999   0.394667   0.434683   2.730021   0.511550   1.181628   0.733617   0.406321   0.534494   0.420442   1.564575   0.443899   0.421154   0.597221   0.690266   0.685818   0.525763
  0.425401   0.637603   0.405542   0.655456   0.401921   0.446342   0.527791   0.522051   1.576509   0.825241   0.409837   1.369395   0.412409   1.188738   0.419850   0.420398   0.597816   0.743248   0.682190   0.562466
  0.426898   1.028633   0.421358   0.652779   0.396756   0.532830   0.555468   0.487226   1.134156   1.001754   0.398437   0.474819   0.409810   0.589487   0.448237   0.449474   0.595491   0.839815   0.687778   0.474931
  0.409984   0.415295   0.438684   0.656490   0.386737   0.468013   0.556877   0.479463   1.264272   1.107044   0.400529   0.492615   0.409341   0.579691   0.443119   0.425803   0.575655   0.718667   0.742382   1.287738
  0.604214   0.754034   0.437794   0.654391   0.384781   0.920179   0.497531   0.455805   0.958893   0.956333   0.398294   0.404369   0.606070   0.704774   0.429481   0.417570   0.526909   0.677043   0.681643   0.454409
  0.424020   1.613793   0.422786   0.654845   0.386478   0.508497   0.587610   0.441233   1.535347   0.749242   0.393990   0.414178   0.406112   0.813213   0.415112   0.414254   0.639722   0.673247   0.674378   0.772058
  0.412259   0.597099   0.433884   0.653453   0.388791   0.420889   0.504698   1.616773   1.746911   0.769994   0.395087   0.694267   0.397166   0.687090   0.415913   0.423830   0.546716   0.677310   0.669623   0.470457
  0.431370   0.601836   0.400068   0.652435   0.387172   0.419369   0.486651   0.432034   1.761122   0.722896   0.401970   1.984752   0.944418   0.533073   0.425407   0.412782   0.525498   0.908483   0.672753   0.487180
  0.410738   1.895739   0.417099   0.651960   0.386700   0.417772   0.459646   0.430699   1.734862   1.064090   0.400601   1.731194   0.424176   0.504198   0.427081   0.410152   0.511304   0.684368   0.667317   1.752760
  0.404372   0.460282   0.408433   0.650337   0.386273   0.431697   0.466889   0.430475   2.039308   0.719450   0.397386   0.476048   0.689814   0.588196   0.402946   0.411273   0.554207   0.665000   0.659578   0.489792
  0.418398   0.417309   0.420055   0.655822   0.387771   0.652186   0.434874   0.456427   0.775007   0.678516   0.394567   0.501632   0.413159   0.527964   0.421363   0.412792   0.556546   0.677094   0.821404   0.561086
  0.400082   0.417529   0.413965   0.650865   0.385337   0.519339   0.429615   0.419141   0.728158   0.674364   0.394762   0.441116   0.394958   0.457701   0.403774   0.409785   0.520157   0.683434   0.673228   0.545488
  0.399197   0.415899   0.407758   0.654495   0.386153   0.818395   0.434654   0.423003   0.812265   0.806307   0.394202   0.442476   0.410902   0.408694   0.420186   0.478817   0.537629   0.661114   0.659580   0.496127
