   0.54167    0.20833    0.37500    0.70833    0.62500    0.54167    0.37500    0.70833    0.04167    0.45833    0.79167    0.62500    0.04167    0.87500    0.45833    0.70833    0.04167    0.20833    0.45833    0.12500
   0.20833    0.87500    0.12500    0.54167    0.45833    0.79167    0.45833    0.54167    0.79167    0.87500    0.45833    0.20833    0.62500    0.29167    0.12500    0.79167    0.20833    0.29167    0.62500    0.37500
   0.87500    0.37500    0.29167    0.62500    0.29167    0.62500    0.95833    0.04167    0.45833    0.20833    0.04167    0.45833    0.12500    0.62500    0.20833    0.45833    0.29167    0.37500    0.12500    0.70833
   0.70833    0.04167    0.79167    0.12500    0.95833    0.12500    0.29167    0.20833    0.87500    0.29167    0.29167    0.29167    0.20833    0.54167    0.37500    0.87500    0.62500    0.95833    0.04167    0.95833
   0.04167    0.29167    0.45833    0.04167    0.87500    0.04167    0.87500    0.12500    0.62500    0.04167    0.62500    0.04167    0.45833    0.95833    0.04167    0.62500    0.45833    0.54167    0.29167    0.79167
   0.62500    0.54167    0.04167    0.20833    0.79167    0.29167    0.79167    0.62500    0.29167    0.37500    0.12500    0.87500    0.29167    0.79167    0.29167    0.04167    0.12500    0.12500    0.79167    0.54167
   0.37500    0.45833    0.95833    0.79167    0.20833    0.70833    0.20833    0.37500    0.70833    0.62500    0.87500    0.12500    0.70833    0.20833    0.70833    0.95833    0.87500    0.87500    0.20833    0.45833
   0.95833    0.70833    0.54167    0.95833    0.12500    0.95833    0.12500    0.87500    0.37500    0.95833    0.37500    0.95833    0.54167    0.04167    0.95833    0.37500    0.54167    0.45833    0.70833    0.20833
   0.29167    0.95833    0.20833    0.87500    0.04167    0.87500    0.70833    0.79167    0.12500    0.70833    0.70833    0.70833    0.79167    0.45833    0.62500    0.12500    0.37500    0.04167    0.95833    0.04167
   0.12500    0.62500    0.70833    0.37500    0.70833    0.37500    0.04167    0.95833    0.54167    0.79167    0.95833    0.54167    0.87500    0.37500    0.79167    0.54167    0.70833    0.62500    0.87500    0.29167
   0.79167    0.12500    0.87500    0.45833    0.54167    0.20833    0.54167    0.45833    0.20833    0.12500    0.54167    0.79167    0.37500    0.70833    0.87500    0.20833    0.79167    0.70833    0.37500    0.62500
   0.45833    0.79167    0.62500    0.29167    0.37500    0.45833    0.62500    0.29167    0.95833    0.54167    0.20833    0.37500    0.95833    0.12500    0.54167    0.29167    0.95833    0.79167    0.54167    0.87500
   0.94096    0.50198    0.30377    0.15407    0.45683    0.22297    0.68570    0.10995    0.94558    0.53995    0.27677    0.55092    0.17890    0.00216    0.68704    0.97014    0.06088    0.67388    0.61129    0.13454
   0.86976    0.04756    0.11915    0.44944    0.54629    0.02518    0.23317    0.07801    0.99107    0.10392    0.00804    0.74294    0.51589    0.29167    0.00673    0.98275    0.25513    0.07251    0.13320    0.88148
   0.79167    0.00770    0.11915    0.57972    0.98214    0.54167    0.04081    0.20833    0.68790    0.19128    0.04231    0.33841    0.05267    0.20601    0.00688    0.55011    0.34658    0.27997    0.07806    0.63939
   0.91074    0.14018    0.18760    0.36879    0.20344    0.99506    0.25434    0.20833    0.87500    0.45833    0.03449    0.33841    0.12500    0.29059    0.00688    0.55011    0.34658    0.37500    0.00552    0.51809
   0.95728    0.69383    0.11915    0.44944    0.98667    0.70963    0.37412    0.68013    0.97999    0.13973    0.04242    0.45252    0.14512    0.29059    0.00688    0.16677    0.52155    0.05705    0.03787    0.01058
   0.46649    0.19603    0.11915    0.97251    0.60471    0.43936    0.42047    0.20833    0.95838    0.21089    0.15649    0.48571    0.29219    0.00111    0.06416    0.69601    0.34658    0.37500    0.18456    0.49467
   0.75476    0.06954    0.11915    0.02115    0.60471    0.54167    0.51102    0.20833    0.80672    0.02438    0.00351    0.05161    0.33726    0.29059    0.00688    0.55011    0.39405    0.48376    0.02124    0.57929
   0.67751    0.04782    0.11915    0.02115    0.59028    0.54167    0.18286    0.20833    0.80672    0.01349    0.01097    0.05161    0.18968    0.25355    0.08746    0.48183    0.34658    0.37500    0.03780    0.49467
   0.88391    0.06626    0.00733    0.02115    0.56917    0.75556    0.20052    0.93622    0.80759    0.01349    0.60689    0.05161    0.18968    0.18361    0.20820    0.48183    0.34658    0.43726    0.10432    0.35746
   0.69039    0.65351    0.60061    0.09611    0.97138    0.17531    0.00646    0.20833    0.50776    0.01349    0.01097    0.05161    0.37441    0.21336    0.59429    0.18754    0.28618    0.37500    0.03780    0.35746
   0.76580    0.00432    0.11915    0.02115    0.52709    0.17531    0.04980    0.20833    0.64988    0.03961    0.01097    0.05646    0.25470    0.18677    0.19600    0.48183    0.34658    0.39566    0.03780    0.22348
   0.76580    0.06626    0.00716    0.06417    0.52709    0.17531    0.00646    0.23989    0.67308    0.03961    0.05745    0.02945    0.18968    0.25043    0.08746    0.48183    0.32340    0.39336    0.04603    0.45675
   0.72668    0.22816    0.03636    0.02115    0.31442    0.17531    0.00646    0.06083    0.34134    0.03961    0.55123    0.05161    0.18968    0.01543    0.35346    0.28396    0.14569    0.18161    0.14741    0.35746
   0.74284    0.39249    0.00792    0.25582    0.28307    0.11416    0.20747    0.07894    0.45488    0.03961    0.32317    0.22362    0.18968    0.18677    0.02310    0.32624    0.10813    0.07304    0.04603    0.35746
   0.69983    0.06626    0.02703    0.02115    0.52709    0.01809    0.12030    0.20833    0.56911    0.00504    0.05745    0.09433    0.18968    0.15661    0.02310    0.38644    0.24686    0.18161    0.12149    0.39049
   0.69983    0.06626    0.00716    0.00845    0.52709    0.06043    0.00646    0.20833    0.61563    0.02185    0.05745    0.06395    0.18968    0.18677    0.02310    0.32624    0.27641    0.19066    0.12149    0.35082
   0.61002    0.12622    0.35861    0.17323    0.03302    0.01809    0.05656    0.20833    0.64988    0.04265    0.05745    0.06395    0.40574    0.02312    0.51094    0.32624    0.41337    0.03203    0.67098    0.23645
   0.43497    0.25683    0.06816    0.08373    0.03302    0.01809    0.05656    0.20833    0.64988    0.34595    0.05014    0.06395    0.45654    0.03359    0.02310    0.32624    0.30353    0.05402    0.42809    0.21060
   0.57876    0.11025    0.07034    0.00845    0.26672    0.06372    0.00110    0.20833    0.64988    0.03961    0.05770    0.00063    0.18968    0.15630    0.02310    0.46632    0.27641    0.02579    0.08375    0.25971
   0.26453    0.08742    0.01085    0.00845    0.01399    0.06091    0.01335    0.17278    0.61609    0.04580    0.06031    0.00685    0.17527    0.18677    0.02310    0.32624    0.27641    0.00374    0.08375    0.23645
   0.04300    0.08742    0.01085    0.18079    0.03302    0.06372    0.01335    0.17278    0.51296    0.03961    0.13972    0.00246    0.04148    0.86320    0.29682    0.32624    0.27641    0.02579    0.27584    0.28701
   0.09732    0.08742    0.14253    0.02420    0.03302    0.18955    0.01335    0.51056    0.39503    0.03961    0.17522    0.03544    0.17527    0.18677    0.01663    0.34551    0.11865    0.02579    0.05184    0.08066
   0.24138    0.08742    0.01085    0.01084    0.16850    0.06372    0.01402    0.09505    0.59804    0.03961    0.14295    0.00685    0.11425    0.18677    0.02310    0.38371    0.27641    0.00092    0.08375    0.08066
   0.26453    0.08742    0.01085    0.02420    0.06900    0.07396    0.01335    0.09505    0.51296    0.01765    0.14295    0.00685    0.15486    0.18677    0.00231    0.35011    0.27641    0.08286    0.09179    0.16894
   0.26453    0.22859    0.01085    0.01352    0.04835    0.06372    0.29258    0.09505    0.17295    0.01765    0.35269    0.00685    0.11330    0.37904    0.00231    0.38371    0.15242    0.02803    0.45851    0.11734
   0.13361    0.02855    0.07869    0.14673    0.03606    0.05238    0.00766    0.03310    0.01606    0.01765    0.14295    0.14216    0.15486    0.54604    0.00231    0.29052    0.23351    0.00579    0.08375    0.08066
   0.13361    0.02855    0.01085    0.08276    0.03606    0.06372    0.05670    0.09505    0.26063    0.00315    0.03187    0.00685    0.15486    0.44378    0.00231    0.38371    0.21772    0.02579    0.08375    0.14284
   0.20682    0.00353    0.01085    0.03824    0.09936    0.06372    0.01335    0.09505    0.22281    0.01765    0.12766    0.00203    0.15486    0.18677    0.00231    0.38371    0.24495    0.04437    0.08375    0.05209
   0.13361    0.00353    0.01085    0.07998    0.03606    0.03189    0.01335    0.09505    0.13121    0.01765    0.21921    0.00203    0.15486    0.18677    0.00231    0.44654    0.14435    0.02579    0.08375    0.08066
   0.13361    0.00353    0.26653    0.03824    0.03606    0.06372    0.01335    0.49291    0.01107    0.01765    0.09417    0.00203    0.15486    0.18677    0.08468    0.38371    0.00476    0.02856    0.33341    0.08066
   0.20110    0.00353    0.05597    0.06977    0.03606    0.06372    0.01792    0.09505    0.22281    0.01217    0.21157    0.00203    0.15486    0.18677    0.00231    0.38371    0.00476    0.02579    0.08375    0.13498
   0.13555    0.00353    0.01085    0.11778    0.03606    0.07248    0.01335    0.09505    0.22281    0.01765    0.03040    0.00203    0.15486    0.18677    0.00231    0.38371    0.00476    0.04234    0.08375    0.15815
   0.13361    0.00353    0.21460    0.00364    0.18629    0.17330    0.11254    0.23138    0.41299    0.01765    0.31501    0.09916    0.33693    0.44474    0.15254    0.38371    0.00476    0.02469    0.08375    0.13498
   0.03219    0.20919    0.07654    0.14318    0.26679    0.18412    0.13946    0.58987    0.03824    0.01765    0.29183    0.00203    0.15486    0.18677    0.00231    0.38371    0.00476    0.02469    0.00743    0.13498
   0.20082    0.09516    0.03411    0.12007    0.03606    0.12086    0.01335    0.09505    0.27506    0.01765    0.18579    0.00203    0.07385    0.18677    0.00231    0.41510    0.10087    0.01335    0.04784    0.19295
   0.19001    0.00353    0.01085    0.05912    0.05639    0.06372    0.00120    0.09505    0.22281    0.01765    0.16723    0.00203    0.07385    0.18677    0.00231    0.39343    0.04982    0.03724    0.08375    0.13498
   0.32863    0.04994    0.02421    0.10953    0.02246    0.09584    0.10358    0.09505    0.22281    0.01765    0.18579    0.24904    0.07385    0.18677    0.02680    0.38371    0.00050    0.01917    0.09190    0.10982
   0.20082    0.01166    0.05078    0.10794    0.29476    0.06888    0.04719    0.31967    0.22281    0.03236    0.26348    0.08982    0.00526    0.08413    0.00231    0.38371    0.00476    0.02469    0.02777    0.13498
   0.19055    0.00274    0.05078    0.10953    0.04338    0.06372    0.07786    0.20367    0.22281    0.01765    0.20744    0.08982    0.15343    0.18677    0.00231    0.39071    0.00372    0.02850    0.04704    0.12105
   0.20082    0.01166    0.04410    0.14902    0.05639    0.06372    0.04719    0.09505    0.22122    0.01765    0.17288    0.03486    0.11564    0.18677    0.00231    0.38803    0.04044    0.02469    0.02777    0.14816
   0.33435    0.00579    0.05078    0.07860    0.05639    0.12878    0.05986    0.09505    0.15056    0.20628    0.19702    0.03486    0.10659    0.18677    0.07610    0.38371    0.00073    0.02469    0.02777    0.10576
   0.25234    0.24406    0.05078    0.01955    0.05639    0.26535    0.07201    0.02082    0.39408    0.01765    0.18425    0.18744    0.13057    0.18677    0.10499    0.38371    0.09496    0.03211    0.08508    0.12422
   0.22625    0.01166    0.05078    0.07811    0.05639    0.07918    0.07201    0.12729    0.30626    0.01765    0.17288    0.01275    0.14961    0.14989    0.07610    0.39677    0.05035    0.03805    0.04264    0.12433
   0.19395    0.01166    0.05078    0.10397    0.05639    0.12878    0.07201    0.12729    0.23069    0.00548    0.16575    0.03486    0.07596    0.14989    0.07610    0.39677    0.04044    0.02513    0.02777    0.13498
   0.08263    0.01166    0.22269    0.10397    0.05639    0.12878    0.07201    0.56433    0.23069    0.00548    0.17288    0.57917    0.07385    0.07479    0.14132    0.38988    0.04938    0.03231    0.01880    0.13593
   0.24779    0.01166    0.15144    0.10397    0.05639    0.12878    0.07201    0.12729    0.23069    0.24119    0.17821    0.03486    0.07385    0.01280    0.11696    0.40061    0.04044    0.03231    0.01586    0.13498
   0.29659    0.00710    0.10101    0.09258    0.05639    0.14779    0.04888    0.12729    0.23069    0.00548    0.17956    0.06685    0.09438    0.08052    0.08980    0.40061    0.05564    0.03231    0.00342    0.12469
   0.28428    0.00710    0.05403    0.10397    0.05639    0.12878    0.04888    0.12729    0.25770    0.00548    0.17288    0.03486    0.09443    0.14989    0.08325    0.40194    0.04044    0.03231    0.02777    0.11215
   0.29219    0.00710    0.07128    0.10397    0.05639    0.26874    0.04888    0.50419    0.09743    0.48035    0.20915    0.03486    0.10790    0.14989    0.04691    0.40840    0.00586    0.02656    0.09371    0.12469
   0.16877    0.00710    0.05078    0.10397    0.04080    0.20787    0.04888    0.31932    0.36508    0.20691    0.17288    0.40580    0.09443    0.15813    0.08224    0.40061    0.04044    0.01677    0.00555    0.13436
   0.25125    0.00231    0.05078    0.10733    0.05639    0.12878    0.04888    0.21280    0.29739    0.11249    0.17288    0.07431    0.09443    0.14989    0.04691    0.40523    0.04905    0.01677    0.02777    0.12087
   0.26670    0.00018    0.06868    0.10397    0.05639    0.12878    0.05962    0.14710    0.29739    0.00548    0.19079    0.03486    0.09443    0.14989    0.05662    0.40061    0.04379    0.01677    0.01202    0.11512
   0.44860    0.17017    0.13412    0.10397    0.09016    0.17079    0.04888    0.12729    0.29739    0.00548    0.17288    0.10911    0.09600    0.04238    0.05662    0.40061    0.03118    0.01033    0.03480    0.12740
   0.33786    0.07159    0.05078    0.10397    0.09102    0.18504    0.04888    0.00743    0.31459    0.02319    0.17288    0.38943    0.09600    0.06154    0.03709    0.40061    0.02269    0.01677    0.04732    0.11368
   0.39326    0.02954    0.05078    0.10397    0.08403    0.15878    0.04888    0.12729    0.36685    0.05310    0.16745    0.03486    0.12112    0.06154    0.07649    0.40061    0.04652    0.01950    0.02777    0.45833
   0.33786    0.00018    0.05078    0.10397    0.06863    0.13943    0.02932    0.12729    0.29739    0.00548    0.18066    0.03486    0.09600    0.06154    0.07649    0.40061    0.05776    0.01950    0.02777    0.62500
   0.31917    0.00018    0.12014    0.11440    0.06863    0.06358    0.04888    0.12729    0.31214    0.20121    0.17288    0.14150    0.05539    0.06154    0.13612    0.41031    0.07132    0.20833    0.02777    0.29167
   0.17679    0.04850    0.08814    0.10397    0.06863    0.14288    0.04888    0.06122    0.23829    0.07502    0.17634    0.03486    0.02317    0.00520    0.07649    0.40061    0.05776    0.37500    0.02777    0.20833
   0.33786    0.00018    0.07275    0.10397    0.06863    0.17163    0.04888    0.21420    0.26325    0.00926    0.17833    0.05170    0.06205    0.10504    0.07649    0.40061    0.05140    0.04167    0.01803    0.12500
   0.39931    0.00018    0.06040    0.10582    0.06863    0.14288    0.04888    0.12729    0.23462    0.02124    0.17288    0.03486    0.07913    0.06154    0.07649    0.40061    0.05140    0.45833    0.01803    0.04167
   0.33786    0.00018    0.05078    0.11232    0.14918    0.15022    0.00015    0.02980    0.15602    0.20703    0.17619    0.03486    0.07913    0.06154    0.03734    0.40391    0.05140    0.87500    0.01803    0.95833
   0.39391    0.00018    0.01094    0.10582    0.10040    0.14288    0.00102    0.02980    0.22117    0.00548    0.79167    0.03486    0.05601    0.09073    0.07649    0.40391    0.05140    0.29167    0.00265    0.87500
   0.47560    0.00568    0.03489    0.10582    0.11484    0.14288    0.02467    0.00440    0.21458    0.02843    0.04167    0.03486    0.05013    0.08902    0.07649    0.39267    0.05448    0.70833    0.00265    0.79167
   0.36845    0.00069    0.05218    0.10582    0.10040    0.14288    0.03705    0.02980    0.23462    0.00765    0.87500    0.03486    0.06746    0.06916    0.07649    0.39267    0.05448    0.12500    0.00788    0.70833
   0.32398    0.00079    0.05078    0.29167    0.10040    0.13296    0.04888    0.02980    0.20110    0.00765    0.62500    0.26624    0.13143    0.05374    0.09496    0.41052    0.06262    0.54167    0.00265    0.37500
   0.37428    0.03788    0.05078    0.45833    0.12024    0.15798    0.04348    0.14808    0.20823    0.05285    0.45833    0.04905    0.09405    0.05374    0.09496    0.39267    0.06062    0.95833    0.00265    0.54167
   0.33786    0.05910    0.03852    0.04167    0.10040    0.14979    0.04888    0.09087    0.22473    0.00765    0.29167    0.00876    0.07913    0.05374    0.09496    0.39267    0.06062    0.62500    0.00265    0.43890
   0.33786    0.03788    0.06911    0.79167    0.12779    0.14288    0.04234    0.02980    0.22487    0.00765    0.70833    0.00876    0.07913    0.05374    0.09496    0.38990    0.06062    0.79167    0.00446    0.98080
   0.33786    0.03788    0.04394    0.12500    0.12779    0.14306    0.04234    0.02980    0.21433    0.02734    0.54167    0.25442    0.07913    0.05374    0.05869    0.38990    0.62500    0.91125    0.01065    0.98987
   0.28046    0.05856    0.06239    0.62500    0.16823    0.12737    0.01076    0.02980    0.22487    0.00765    0.37500    0.18856    0.11087    0.05374    0.07330    0.37181    0.04167    0.59713    0.00265    0.72210
   0.31091    0.03788    0.05863    0.37500    0.14639    0.13409    0.03110    0.02117    0.22487    0.06318    0.12500    0.00876    0.09311    0.04835    0.08550    0.37181    0.29167    0.50435    0.70833    0.99046
   0.30951    0.03788    0.05442    0.87500    0.11620    0.13251    0.03110    0.02219    0.22487    0.00765    0.95833    0.00876    0.10167    0.07073    0.08400    0.37740    0.12500    0.45833    0.20833    0.66012
   0.28662    0.03788    0.04754    0.20833    0.12779    0.13251    0.03110    0.02283    0.22487    0.00765    0.20833    0.00876    0.09311    0.05374    0.09496    0.37740    0.54167    0.91331    0.62500    0.97375
   0.28250    0.04949    0.05078    0.95833    0.13437    0.13367    0.03110    0.02219    0.22487    0.00765    0.15753    0.12740    0.09311    0.10747    0.09496    0.37740    0.20833    0.45833    0.87500    0.75004
   0.28998    0.03976    0.05104    0.54167    0.13776    0.13367    0.03779    0.03040    0.21595    0.04206    0.22293    0.07023    0.09311    0.05374    0.09496    0.37740    0.79167    0.45833    0.04167    0.30414
   0.28998    0.04074    0.05078    0.70833    0.13536    0.13367    0.04100    0.03040    0.21595    0.02455    0.40748    0.00026    0.09827    0.05374    0.20833    0.41816    0.45833    0.45833    0.45833    0.16440
   0.28998    0.05430    0.87500    0.06233    0.13459    0.13840    0.03110    0.10118    0.19836    0.07173    0.44552    0.00026    0.09827    0.05374    0.54167    0.37307    0.87500    0.93639    0.54167    0.48039
   0.30346    0.07807    0.54167    0.16069    0.13299    0.14319    0.01720    0.04639    0.19836    0.00765    0.03555    0.19557    0.09827    0.08857    0.12500    0.37740    0.70833    0.64243    0.95833    0.48039
   0.30346    0.07071    0.29167    0.01508    0.54167    0.13653    0.02437    0.06451    0.20709    0.00765    0.11330    0.00026    0.09827    0.07015    0.04167    0.31317    0.95833    0.47998    0.12500    0.48039
   0.29195    0.06429    0.04167    0.04167    0.79167    0.13468    0.02672    0.04384    0.20393    0.02820    0.11330    0.00026    0.10450    0.05374    0.62500    0.34138    0.37500    0.45495    0.37500    0.21059
   0.29878    0.05430    0.62500    0.04167    0.04167    0.13468    0.02672    0.03040    0.17299    0.09246    0.19929    0.00026    0.09827    0.05374    0.29167    0.34138    0.01419    0.63137    0.79167    0.27362
   0.29195    0.05430    0.79167    0.03587    0.29167    0.12788    0.02672    0.02707    0.17527    0.04757    0.11330    0.00026    0.10145    0.07987    0.70833    0.27294    0.27496    0.38812    0.29167    0.44062
   0.29195    0.79167    0.20833    0.07548    0.62500    0.13226    0.29167    0.03040    0.17527    0.06552    0.11330    0.11875    0.10177    0.05374    0.37500    0.34138    0.08404    0.38812    0.86359    0.08428
   0.29937    0.95833    0.37500    0.01732    0.87500    0.12788    0.87500    0.03040    0.17527    0.02820    0.03995    0.00026    0.10060    0.06484    0.95833    0.34138    0.00132    0.47387    0.04681    0.03771
   0.28890    0.37500    0.95833    0.42945    0.12500    0.62500    0.54167    0.00084    0.14636    0.02820    0.00196    0.05160    0.10060    0.06484    0.87500    0.34138    0.12500    0.14789    0.13779    0.27362
   0.27685    0.29167    0.70833    0.11042    0.37500    0.12500    0.04167    0.03040    0.14354    0.02820    0.00196    0.00026    0.10715    0.06484    0.45833    0.79167    0.26110    0.60028    0.26417    0.18881
   0.27685    0.12500    0.45833    0.20610    0.70833    0.54167    0.37500    0.01753    0.12770    0.06297    0.40492    0.00026    0.10226    0.06484    0.79167    0.29167    0.16414    0.42564    0.50341    0.04354
   0.27685    0.45833    0.12500    0.04080    0.95833    0.20833    0.79167    0.02062    0.16806    0.02820    0.08226    0.00026    0.10373    0.06484    0.77021    0.37500    0.17377    0.42564    0.54015    0.18881
   0.26931    0.54167    0.79840    0.03944    0.20833    0.29167    0.20833    0.03040    0.16806    0.02820    0.08226    0.00026    0.10373    0.10076    0.12500    0.54167    0.22529    0.42564    0.13779    0.18881
   0.26681    0.87500    0.93604    0.24266    0.45833    0.95833    0.62500    0.04620    0.16806    0.02820    0.25357    0.14786    0.79167    0.06484    0.03555    0.87500    0.17377    0.08186    0.14155    0.08299
   0.27729    0.70833    0.83487    0.04080    0.56783    0.04167    0.95833    0.04352    0.16178    0.02820    0.08226    0.00026    0.95833    0.07619    0.22577    0.04167    0.20142    0.08186    0.13779    0.08299
   0.27685    0.62500    0.90703    0.00242    0.07322    0.70833    0.45833    0.04033    0.15636    0.02820    0.08226    0.00026    0.37500    0.08578    0.44124    0.95833    0.13036    0.09722    0.10351    0.00638
   0.27685    0.04167    0.99678    0.13805    0.00709    0.79167    0.12500    0.05955    0.16806    0.08095    0.12071    0.00026    0.45833    0.10324    0.22577    0.12500    0.00263    0.20227    0.03957    0.15098
   0.12500    0.20833    0.98573    0.00242    0.00709    0.45833    0.70833    0.07500    0.95833    0.02820    0.36090    0.00026    0.29167    0.08578    0.16492    0.45833    0.01059    0.16345    0.13779    0.06290
   0.04167    0.91467    0.87500    0.00242    0.10788    0.87500    0.82097    0.06688    0.45833    0.02820    0.25215    0.00026    0.87500    0.08578    0.12765    0.62500    0.13036    0.03554    0.13779    0.01326
   0.37500    0.40434    0.87500    0.00242    0.03640    0.37500    0.56278    0.05790    0.70833    0.02820    0.34639    0.00026    0.12500    0.07766    0.43856    0.70833    0.13036    0.08186    0.00641    0.05336
   0.79167    0.86644    0.99705    0.00242    0.00709    0.56000    0.54167    0.05790    0.37500    0.02820    0.24747    0.05554    0.70833    0.08578    0.01664    0.20833    0.02193    0.23181    0.05599    0.06290
   0.45833    0.94626    0.65434    0.00242    0.00728    0.19893    0.54167    0.05790    0.20833    0.02820    0.12071    0.06345    0.54167    0.08578    0.22577    0.30379    0.12992    0.08186    0.06767    0.06290
   0.29167    0.99474    0.93252    0.00242    0.00728    0.75588    0.73293    0.06752    0.87500    0.00179    0.23723    0.03169    0.62500    0.07660    0.22577    0.79167    0.13630    0.02271    0.22662    0.06290
   0.70833    0.55660    0.93252    0.00242    0.00728    0.56000    0.62233    0.06752    0.12500    0.02820    0.10545    0.01577    0.04167    0.07660    0.55337    0.96210    0.14789    0.05925    0.35209    0.01518
   0.54167    0.77695    0.98480    0.19307    0.00728    0.03283    0.54167    0.06752    0.79167    0.02820    0.12071    0.08506    0.20833    0.08596    0.22577    0.47779    0.14789    0.05925    0.11203    0.01381
   0.20833    0.87087    0.93252    0.00242    0.00728    0.32427    0.45115    0.08137    0.62500    0.02820    0.12071    0.00026    0.01714    0.06163    0.22577    0.83903    0.14789    0.07663    0.25003    0.06290
   0.62500    0.69515    0.87291    0.00242    0.00728    0.30726    0.03060    0.07448    0.29167    0.02820    0.17282    0.01164    0.21466    0.06922    0.22577    0.64964    0.14789    0.00001    0.22662    0.06290
   0.95833    0.98231    0.87291    0.00242    0.51285    0.42617    0.45115    0.06752    0.54167    0.00866    0.28636    0.00687    0.01714    0.07189    0.22577    0.78890    0.14789    0.05925    0.65444    0.06290
   0.87500    0.98751    0.62542    0.51687    0.00423    0.05463    0.19480    0.06005    0.04167    0.02820    0.43724    0.03026    0.01714    0.37500    0.22577    0.71156    0.32321    0.03383    0.09721    0.05685
   0.02401    0.91467    0.69760    0.00242    0.00423    0.02372    0.19480    0.06264    0.97978    0.02820    0.39923    0.00687    0.01714    0.20833    0.19215    0.79167    0.23025    0.01847    0.09721    0.01586
   0.11392    0.91467    0.86992    0.00242    0.04566    0.05463    0.09422    0.06500    0.24492    0.02299    0.28636    0.00687    0.01714    0.12500    0.20660    0.97510    0.22666    0.02756    0.09721    0.05685
   0.12500    0.91467    0.87291    0.00242    0.27272    0.05463    0.33114    0.06264    0.30002    0.02162    0.17770    0.00051    0.01714    0.29167    0.20886    0.80522    0.16661    0.04591    0.00719    0.05685
   0.12500    0.91467    0.87291    0.00242    0.00423    0.48205    0.07207    0.05361    0.45833    0.00400    0.17770    0.00687    0.00233    0.45833    0.09570    0.84039    0.14789    0.00112    0.00719    0.05685
   0.45749    0.88990    0.87291    0.36996    0.00423    0.05463    0.25687    0.95833    0.97729    0.00846    0.26781    0.04645    0.55248    0.95833    0.13797    0.78481    0.20655    0.01084    0.00719    0.07038
   0.05695    0.86876    0.87291    0.00242    0.19325    0.25948    0.54341    0.37500    0.64206    0.00400    0.26024    0.03022    0.01540    0.04167    0.13797    0.79167    0.16514    0.05207    0.00719    0.30522
   0.02762    0.97430    0.87291    0.00242    0.09845    0.05463    0.23016    0.54167    0.50193    0.00400    0.21238    0.01492    0.23894    0.54167    0.05391    0.71013    0.14789    0.05207    0.04278    0.18162
   0.02557    0.79386    0.87291    0.22946    0.06299    0.04916    0.25687    0.79167    0.49526    0.00400    0.17770    0.01492    0.11578    0.70833    0.21306    0.71013    0.17807    0.19828    0.00719    0.13233
   0.01416    0.74106    0.87291    0.17482    0.00765    0.02371    0.25687    0.70833    0.17975    0.01450    0.17770    0.01492    0.06915    0.87500    0.13797    0.71443    0.14789    0.05207    0.00719    0.13233
   0.12744    0.75680    0.87291    0.09892    0.46178    0.05463    0.25687    0.87500    0.36613    0.01450    0.17770    0.01492    0.01714    0.79167    0.13797    0.56387    0.16538    0.05207    0.00719    0.13233
   0.02762    0.67916    0.87291    0.00242    0.08424    0.05463    0.02874    0.12500    0.40205    0.01450    0.17770    0.00350    0.01714    0.62500    0.46832    0.46673    0.16538    0.05207    0.00719    0.25049
   0.13170    0.75504    0.87291    0.12229    0.09588    0.16223    0.33484    0.29167    0.42671    0.03099    0.19087    0.00350    0.01714    0.06275    0.02179    0.63455    0.18510    0.17612    0.00033    0.13233
   0.02762    0.75504    0.87291    0.00242    0.06299    0.23741    0.28924    0.20833    0.35455    0.03099    0.31666    0.00350    0.01714    0.01793    0.02179    0.48836    0.18733    0.17612    0.00033    0.11381
   0.02762    0.70588    0.87291    0.05130    0.21512    0.00804    0.07362    0.45833    0.31033    0.02176    0.01399    0.00350    0.11781    0.09167    0.00456    0.42688    0.16538    0.17612    0.17461    0.11381
   0.09061    0.56396    0.87291    0.01115    0.14810    0.08001    0.50925    0.62500    0.35455    0.03099    0.04506    0.00951    0.07187    0.00084    0.08326    0.48836    0.18216    0.14825    0.35324    0.25271
   0.04254    0.56396    0.80605    0.00242    0.06299    0.29046    0.25687    0.04167    0.35455    0.04841    0.01086    0.00951    0.04095    0.46455    0.00456    0.48837    0.19826    0.17612    0.17162    0.11381
   0.11930    0.57899    0.93529    0.01852    0.06942    0.05463    0.25687    0.95877    0.35455    0.04841    0.01625    0.00951    0.04095    0.03980    0.00456    0.48836    0.17845    0.23217    0.00033    0.11381
   0.04254    0.61018    0.87291    0.02493    0.06299    0.00205    0.40128    0.98527    0.42799    0.45833    0.04506    0.01241    0.07828    0.03689    0.01241    0.50646    0.17277    0.21875    0.00033    0.11381
   0.04254    0.46380    0.86178    0.00042    0.06299    0.00205    0.25687    0.99223    0.31359    0.20833    0.11244    0.01241    0.17977    0.03689    0.11721    0.48836    0.17277    0.15518    0.00033    0.25411
   0.05214    0.56770    0.73989    0.00242    0.06299    0.00205    0.31497    0.72503    0.33897    0.12500    0.04506    0.01241    0.06627    0.03689    0.09079    0.52448    0.17277    0.25089    0.00033    0.11381
   0.05214    0.52758    0.80021    0.03950    0.06299    0.00205    0.25687    0.95855    0.33897    0.37500    0.00041    0.01241    0.04095    0.03689    0.06594    0.53351    0.21832    0.12571    0.00033    0.11381
   0.05078    0.42889    0.86178    0.06127    0.13749    0.00205    0.18995    0.79167    0.33897    0.29167    0.00172    0.02342    0.04095    0.03689    0.01241    0.52448    0.17277    0.15321    0.22331    0.11381
   0.05214    0.44892    0.86178    0.05250    0.11031    0.00205    0.25687    0.70530    0.33897    0.04167    0.08403    0.01241    0.04095    0.03689    0.01241    0.49752    0.17277    0.17612    0.00033    0.14155
   0.06414    0.52758    0.87773    0.11521    0.09847    0.01842    0.30792    0.74138    0.33897    0.95833    0.04506    0.01241    0.03631    0.03689    0.01241    0.51677    0.15808    0.28366    0.00033    0.09636
   0.01025    0.52758    0.79339    0.08033    0.06299    0.01842    0.25687    0.39518    0.39149    0.70833    0.04506    0.01241    0.03631    0.65524    0.05739    0.57228    0.17277    0.17612    0.00033    0.11381
   0.07430    0.52758    0.72546    0.08467    0.05330    0.00580    0.26183    0.50135    0.39149    0.62500    0.04506    0.01241    0.05415    0.03689    0.01241    0.55051    0.17513    0.17612    0.00033    0.11381
   0.12025    0.36509    0.79339    0.04759    0.06299    0.01087    0.25687    0.90279    0.37688    0.87500    0.04506    0.95833    0.03631    0.01072    0.01241    0.55051    0.17277    0.17612    0.00033    0.15555
   0.12025    0.52758    0.79339    0.04759    0.06299    0.01842    0.19276    0.57606    0.37793    0.79167    0.05611    0.79167    0.05158    0.01072    0.01241    0.55051    0.17403    0.17612    0.00033    0.11381
   0.23571    0.52758    0.79339    0.04759    0.06249    0.01842    0.23281    0.63339    0.31217    0.54167    0.08416    0.37500    0.10951    0.29006    0.01241    0.55051    0.17162    0.23023    0.00033    0.11381
   0.39102    0.23963    0.79339    0.04759    0.06249    0.01842    0.19276    0.57579    0.31464    0.43546    0.05611    0.87500    0.09042    0.10837    0.01241    0.55051    0.17277    0.17612    0.12777    0.11381
   0.15003    0.52758    0.79339    0.06609    0.00647    0.01842    0.02866    0.70530    0.34713    0.91285    0.03466    0.54167    0.06365    0.05392    0.01241    0.55051    0.16797    0.17612    0.07719    0.14496
   0.12025    0.50127    0.75301    0.04759    0.03056    0.06091    0.02866    0.70530    0.33992    0.68019    0.03466    0.29167    0.06365    0.01072    0.01241    0.51981    0.16908    0.17612    0.04297    0.11381
   0.12025    0.53374    0.75301    0.07925    0.05056    0.01842    0.00869    0.77785    0.25083    0.37500    0.03466    0.70833    0.06365    0.05386    0.01241    0.57539    0.16857    0.17612    0.07719    0.11381
   0.24718    0.39516    0.72700    0.05420    0.01994    0.00188    0.00869    0.70530    0.25083    0.44173    0.09335    0.45833    0.11940    0.00116    0.02011    0.43945    0.17277    0.18828    0.11442    0.06197
   0.12025    0.29985    0.76352    0.05420    0.03056    0.01842    0.11759    0.70530    0.27614    0.09478    0.03466    0.12500    0.06365    0.05386    0.02658    0.39940    0.20833    0.17612    0.07719    0.06197
   0.09653    0.46129    0.82484    0.05420    0.03056    0.01842    0.05011    0.70530    0.25212    0.12283    0.06337    0.62500    0.06365    0.13629    0.01241    0.49652    0.37500    0.17612    0.07719    0.06197
   0.12266    0.36760    0.75301    0.07029    0.03056    0.01842    0.03320    0.66887    0.17764    0.27833    0.03466    0.20833    0.06365    0.05386    0.01241    0.40319    0.45833    0.17744    0.06788    0.06197
   0.13295    0.39516    0.75301    0.09935    0.00988    0.03145    0.05011    0.93246    0.05145    0.27833    0.00555    0.04167    0.02881    0.00438    0.01718    0.45028    0.70833    0.17612    0.08254    0.00913
   0.09226    0.39516    0.75301    0.07542    0.03056    0.01825    0.05011    0.66887    0.11798    0.27833    0.04818    0.83240    0.07675    0.05386    0.05085    0.47285    0.87500    0.17612    0.07522    0.14756
   0.11537    0.42674    0.82747    0.07542    0.03056    0.01842    0.05011    0.66887    0.03343    0.27833    0.03466    0.95713    0.06996    0.05386    0.05085    0.43916    0.95833    0.14327    0.07719    0.09194
   0.11537    0.41657    0.75301    0.07542    0.04227    0.01842    0.01224    0.47685    0.11798    0.27833    0.06135    0.50212    0.06365    0.02745    0.03021    0.30063    0.04167    0.14327    0.07719    0.07456
   0.12798    0.41657    0.77085    0.09713    0.04227    0.03130    0.16165    0.69261    0.03426    0.70445    0.00751    0.32464    0.10091    0.05386    0.03640    0.37024    0.12500    0.15868    0.07719    0.09194
   0.11828    0.41657    0.75301    0.08352    0.04227    0.02387    0.16165    0.66887    0.11798    0.27833    0.02697    0.08240    0.08031    0.05386    0.03021    0.43916    0.29167    0.15868    0.07719    0.09194
   0.11537    0.41657    0.75301    0.08352    0.04227    0.05031    0.10160    0.66887    0.11798    0.27833    0.12500    0.13833    0.06751    0.05734    0.03021    0.43916    0.54167    0.15868    0.07719    0.09194
   0.11537    0.48363    0.75301    0.08352    0.04227    0.03655    0.09290    0.64488    0.11594    0.25722    0.54167    0.24355    0.03207    0.19541    0.02007    0.43916    0.62500    0.15868    0.06990    0.09194
   0.11537    0.41657    0.72462    0.08317    0.04227    0.02979    0.09290    0.66887    0.18970    0.09392    0.37500    0.32464    0.05958    0.12426    0.02007    0.43916    0.79167    0.16930    0.08202    0.09194
   0.11537    0.41657    0.77618    0.09687    0.04227    0.02979    0.10934    0.66887    0.10924    0.25722    0.95833    0.32464    0.05823    0.06981    0.03621    0.46007    0.39770    0.15342    0.07719    0.13848
   0.11537    0.41657    0.75301    0.13359    0.02585    0.00518    0.13973    0.66887    0.13347    0.32056    0.20833    0.30063    0.05270    0.14532    0.02007    0.43916    0.75792    0.95833    0.07295    0.13518
   0.07074    0.44317    0.78551    0.09687    0.03475    0.02979    0.12145    0.37824    0.13347    0.21288    0.70833    0.32464    0.03876    0.11892    0.03372    0.35941    0.04466    0.87500    0.07391    0.12618
   0.09034    0.41657    0.75301    0.11601    0.02585    0.01366    0.27371    0.57253    0.13347    0.25722    0.29167    0.34593    0.05823    0.06981    0.03372    0.37749    0.04466    0.79167    0.07391    0.12618
   0.09768    0.41657    0.76476    0.10788    0.00130    0.02201    0.18309    0.60213    0.17917    0.25722    0.79167    0.26016    0.05497    0.06981    0.03372    0.39670    0.05680    0.37500    0.07391    0.09547
   0.10445    0.43139    0.76024    0.10788    0.00130    0.01263    0.17374    0.60213    0.14535    0.25722    0.04167    0.42559    0.05268    0.06981    0.01079    0.37749    0.09386    0.45833    0.87500    0.12618
   0.11537    0.41657    0.75301    0.12783    0.00608    0.02979    0.10934    0.60213    0.17992    0.25722    0.62500    0.32464    0.05823    0.01665    0.02173    0.37749    0.04466    0.29167    0.62500    0.11766
   0.13198    0.38462    0.75301    0.10788    0.02241    0.02979    0.10934    0.49306    0.13625    0.25722    0.45833    0.32464    0.05823    0.03468    0.02560    0.31811    0.04466    0.70833    0.79167    0.11766
   0.12005    0.38462    0.76156    0.11764    0.02241    0.02399    0.10934    0.64050    0.15874    0.41702    0.87500    0.32464    0.05608    0.03468    0.01141    0.33953    0.01122    0.54167    0.04167    0.11766
   0.12893    0.38462    0.75301    0.10788    0.01161    0.02399    0.10934    0.60213    0.14063    0.26934    0.52903    0.39749    0.05382    0.03468    0.02560    0.31811    0.04466    0.62500    0.29167    0.11766
   0.12893    0.39520    0.75301    0.10788    0.02241    0.02367    0.11924    0.60213    0.14063    0.25722    0.00072    0.28020    0.05608    0.02002    0.02560    0.26490    0.04466    0.20833    0.45833    0.11766
   0.11123    0.38462    0.75301    0.10788    0.03984    0.02367    0.10934    0.49115    0.14063    0.25722    0.12500    0.32464    0.12500    0.03468    0.02560    0.26555    0.00761    0.12500    0.54167    0.11766
   0.12709    0.38462    0.75301    0.10788    0.03984    0.02367    0.10934    0.50853    0.17740    0.11938    0.00499    0.32464    0.45833    0.03468    0.02687    0.34827    0.00761    0.04167    0.70833    0.17613
   0.12273    0.38462    0.75301    0.08932    0.03060    0.03901    0.15290    0.55642    0.14823    0.18248    0.34252    0.32464    0.95833    0.03468    0.01358    0.31811    0.00761    0.00419    0.95833    0.15120
   0.13832    0.38462    0.75625    0.08932    0.03060    0.03901    0.11422    0.50853    0.14823    0.05441    0.12500    0.26810    0.70833    0.03179    0.02139    0.31811    0.00761    0.62494    0.20833    0.11766
   0.12893    0.34930    0.75301    0.09835    0.03060    0.03194    0.10934    0.30710    0.16842    0.05441    0.00872    0.26810    0.62500    0.03179    0.02139    0.29542    0.00451    0.08793    0.37500    0.11766
   0.04167    0.31270    0.75748    0.10118    0.03060    0.03545    0.10934    0.30710    0.15553    0.05441    0.00296    0.26810    0.79167    0.02661    0.02139    0.31811    0.25902    0.31750    0.12500    0.10039
   0.45833    0.31270    0.73952    0.08932    0.02436    0.05558    0.10934    0.32131    0.14492    0.01304    0.00872    0.16685    0.20833    0.02661    0.01671    0.31811    0.06765    0.31750    0.60507    0.12848
   0.62500    0.31270    0.73952    0.08932    0.54167    0.03901    0.11360    0.02256    0.10773    0.01304    0.00872    0.26810    0.37500    0.00016    0.01495    0.31811    0.00761    0.31750    0.03137    0.11766
   0.29167    0.31270    0.73952    0.09343    0.95833    0.95833    0.10934    0.11345    0.13626    0.01304    0.00872    0.32755    0.29167    0.01256    0.01846    0.31811    0.00761    0.31750    0.04167    0.11766
   0.12500    0.31270    0.73952    0.09534    0.79167    0.62500    0.10934    0.27925    0.12739    0.00523    0.00125    0.26810    0.04167    0.01885    0.37500    0.29406    0.23438    0.31750    0.00506    0.13118
   0.79167    0.31270    0.75683    0.08932    0.62500    0.79167    0.10934    0.30710    0.13626    0.07621    0.00872    0.26810    0.54167    0.01571    0.95833    0.26593    0.00761    0.83381    0.21512    0.12479
   0.20833    0.31270    0.74793    0.09372    0.29167    0.87500    0.10934    0.41257    0.13626    0.01333    0.00872    0.26810    0.87500    0.01256    0.79167    0.23062    0.00761    0.31750    0.01312    0.12479
   0.87500    0.31270    0.73952    0.08932    0.87500    0.45833    0.10934    0.21302    0.12918    0.05345    0.03320    0.26810    0.02559    0.00544    0.12500    0.18574    0.01181    0.45243    0.14494    0.12479
   0.70833    0.26914    0.73952    0.54167    0.12500    0.70833    0.10934    0.21302    0.13626    0.01304    0.01373    0.34254    0.12500    0.00544    0.54167    0.23062    0.19855    0.24315    0.36009    0.12479
   0.37500    0.26914    0.73952    0.79167    0.70833    0.29167    0.10934    0.22848    0.87500    0.01304    0.00872    0.30628    0.01499    0.00544    0.29167    0.23062    0.14293    0.31750    0.81683    0.12479
   0.54167    0.26914    0.73952    0.87500    0.37500    0.54167    0.11158    0.22848    0.79167    0.00859    0.00872    0.31140    0.01499    0.03286    0.70833    0.23062    0.01744    0.48672    0.22766    0.11960
   0.95833    0.26914    0.73952    0.70833    0.20833    0.12500    0.09234    0.22848    0.45833    0.06541    0.02927    0.26810    0.18987    0.01903    0.45833    0.23992    0.01744    0.35693    0.22766    0.10525
   0.01810    0.25112    0.74023    0.04167    0.04167    0.20833    0.10076    0.26820    0.29167    0.00859    0.00308    0.26810    0.01499    0.02478    0.87500    0.23062    0.01744    0.35693    0.32032    0.10525
   0.04167    0.28352    0.12500    0.62500    0.45833    0.37500    0.10113    0.24378    0.37500    0.00859    0.00308    0.25135    0.01499    0.01578    0.20833    0.21743    0.04997    0.14230    0.22766    0.11209
   0.04167    0.20833    0.20833    0.37500    0.15590    0.04167    0.09637    0.24378    0.04167    0.00112    0.01370    0.24054    0.01499    0.02478    0.04167    0.21743    0.01744    0.06779    0.22766    0.10977
   0.04167    0.62500    0.62500    0.95833    0.13375    0.80947    0.09637    0.24378    0.95833    0.00112    0.00308    0.24054    0.01499    0.02478    0.62500    0.20382    0.01744    0.02635    0.22766    0.10525
   0.55359    0.95833    0.04167    0.29167    0.30423    0.44580    0.09637    0.21014    0.62500    0.00112    0.00895    0.19626    0.01499    0.02478    0.80265    0.45833    0.01744    0.14230    0.22766    0.10525
   0.04167    0.29167    0.45833    0.12500    0.69247    0.99389    0.09457    0.25173    0.70833    0.00112    0.17337    0.22373    0.01499    0.02478    0.70391    0.79167    0.01744    0.14230    0.32159    0.54167
   0.19953    0.54167    0.29167    0.20833    0.15630    0.79167    0.09457    0.22207    0.54167    0.00112    0.12273    0.20470    0.01499    0.02478    0.55754    0.04167    0.01744    0.14230    0.39915    0.79167
   0.07278    0.12500    0.70833    0.45833    0.61664    0.79167    0.08651    0.35794    0.20833    0.00112    0.07939    0.19333    0.46745    0.02478    0.51467    0.70833    0.00879    0.22568    0.27221    0.95833
   0.13084    0.87500    0.54167    0.78221    0.04453    0.95783    0.09457    0.24378    0.12500    0.00112    0.07939    0.14677    0.01499    0.02478    0.13755    0.37500    0.11572    0.14230    0.18499    0.87500
   0.26657    0.45833    0.95833    0.91218    0.01235    0.90191    0.09216    0.24378    0.89316    0.00112    0.17879    0.12042    0.01499    0.02148    0.13755    0.87500    0.00879    0.14230    0.37055    0.62500
   0.07278    0.70833    0.37500    0.79897    0.15630    0.85625    0.09210    0.16505    0.15754    0.00112    0.11731    0.06608    0.00072    0.02478    0.11088    0.12500    0.00879    0.01808    0.18499    0.70833
   0.00221    0.04167    0.79167    0.70833    0.15630    0.85625    0.10088    0.16505    0.13403    0.00112    0.07939    0.12042    0.00072    0.02710    0.03500    0.62500    0.00879    0.14230    0.18499    0.29167
   0.75678    0.37500    0.87500    0.98958    0.15630    0.85625    0.09054    0.20404    0.00299    0.08921    0.16642    0.12042    0.00072    0.02478    0.42797    0.29167    0.00879    0.14230    0.22087    0.37500
   0.21491    0.79167    0.67467    0.69904    0.20665    0.85625    0.09552    0.18198    0.01569    0.04974    0.07939    0.12042    0.00072    0.03314    0.09238    0.95833    0.00879    0.32197    0.33651    0.12500
   0.07278    0.15541    0.01575    0.70833    0.20665    0.85625    0.09179    0.16505    0.00299    0.02655    0.11630    0.12042    0.00072    0.01600    0.00330    0.20833    0.00879    0.04023    0.79246    0.04167
   0.07278    0.09777    0.01575    0.67737    0.20665    0.85625    0.08000    0.11352    0.00299    0.02655    0.09439    0.12042    0.23735    0.02078    0.09238    0.54167    0.00108    0.00029    0.18499    0.20833
   0.07278    0.01470    0.01029    0.70833    0.25113    0.90583    0.08000    0.13998    0.00299    0.08504    0.05384    0.12042    0.24081    0.02078    0.22141    0.07891    0.09028    0.06262    0.18499    0.45833
   0.07278    0.06198    0.01575    0.63948    0.22485    0.85625    0.37500    0.13691    0.00299    0.05045    0.07939    0.08629    0.17319    0.02078    0.35293    0.01166    0.00879    0.04023    0.18499    0.74632
   0.07278    0.06198    0.45532    0.62896    0.52824    0.85625    0.04167    0.16505    0.00299    0.01317    0.07939    0.08629    0.00072    0.29167    0.22524    0.51900    0.00879    0.04023    0.48914    0.00418
   0.07278    0.06354    0.16672    0.52093    0.30259    0.83477    0.29167    0.16505    0.00299    0.01317    0.07939    0.08629    0.00072    0.54167    0.14977    0.17844    0.00879    0.04023    0.18499    0.44009
   0.07278    0.16601    0.06516    0.15810    0.24321    0.59901    0.20833    0.13807    0.00299    0.04177    0.06348    0.36450    0.08736    0.95833    0.14977    0.23835    0.00879    0.04023    0.18499    0.10850
   0.07278    0.06198    0.16672    0.08811    0.22376    0.51237    0.87500    0.16505    0.33126    0.00407    0.06561    0.08629    0.07471    0.37500    0.14977    0.06722    0.00879    0.04023    0.18499    0.10850
   0.07278    0.06714    0.44436    0.52093    0.22376    0.59901    0.45833    0.16505    0.00299    0.01351    0.11613    0.22210    0.00513    0.12500    0.14977    0.09220    0.01729    0.04023    0.18499    0.13184
   0.07278    0.06198    0.16672    0.52093    0.19577    0.59901    0.54167    0.19426    0.00299    0.03475    0.14728    0.08629    0.01398    0.20833    0.17964    0.17844    0.03596    0.04023    0.18499    0.01211
   0.07278    0.06198    0.14412    0.32959    0.25909    0.26438    0.12500    0.18002    0.00299    0.06766    0.10322    0.08629    0.00513    0.79167    0.43895    0.17844    0.03596    0.04023    0.20962    0.13184
   0.07278    0.06198    0.40724    0.52093    0.21642    0.20579    0.79167    0.16661    0.00299    0.06785    0.08709    0.08629    0.01669    0.87500    0.14977    0.17844    0.12797    0.04023    0.31490    0.13184
   0.07278    0.62018    0.07590    0.55295    0.04990    0.26438    0.70833    0.16661    0.00299    0.00833    0.08811    0.15110    0.01669    0.62500    0.09047    0.17844    0.03596    0.00176    0.17318    0.21551
   0.07278    0.47321    0.10338    0.51125    0.16252    0.26438    0.95833    0.15183    0.00299    0.00833    0.08811    0.11521    0.01669    0.04167    0.07869    0.14064    0.02732    0.08869    0.19390    0.21551
   0.07278    0.21143    0.13554    0.23135    0.18908    0.26438    0.62500    0.15984    0.00299    0.02808    0.08802    0.08629    0.01669    0.45833    0.14977    0.11136    0.08655    0.06341    0.19390    0.21551
   0.07278    0.11940    0.35910    0.36891    0.17915    0.40529    0.05479    0.15984    0.54830    0.01635    0.06851    0.08629    0.08828    0.70833    0.31609    0.43773    0.03596    0.04023    0.19390    0.21551
   0.07278    0.21143    0.12309    0.29524    0.10998    0.23658    0.11850    0.15984    0.00299    0.01635    0.06851    0.08629    0.16540    0.05714    0.14977    0.66540    0.02452    0.06858    0.19390    0.21551
   0.07278    0.36363    0.15650    0.23135    0.17915    0.27489    0.15811    0.15077    0.00299    0.01635    0.07480    0.08629    0.08828    0.13242    0.13866    0.47232    0.03596    0.04023    0.21832    0.21551
   0.07278    0.38193    0.17302    0.23135    0.14147    0.26438    0.25846    0.16278    0.00299    0.02490    0.07254    0.08629    0.08828    0.27370    0.14977    0.53549    0.03596    0.04534    0.19390    0.21551
   0.07278    0.10160    0.20275    0.02255    0.14147    0.26438    0.08626    0.16278    0.00299    0.02490    0.05054    0.17014    0.00013    0.27370    0.32384    0.62222    0.07405    0.14243    0.19390    0.32409
   0.07278    0.10160    0.12235    0.23135    0.14147    0.26438    0.15811    0.17271    0.25609    0.02490    0.06820    0.12769    0.08828    0.82423    0.14977    0.34488    0.03596    0.18089    0.19390    0.47574
   0.07278    0.10160    0.15650    0.24536    0.14147    0.37115    0.05351    0.17873    0.00299    0.05847    0.07254    0.08629    0.00717    0.08855    0.14977    0.43773    0.03596    0.08128    0.20698    0.16018
   0.07278    0.10160    0.15650    0.23135    0.15976    0.36555    0.07655    0.37500    0.06555    0.04171    0.07254    0.08629    0.08828    0.27370    0.14977    0.43773    0.03072    0.04534    0.20385    0.23455
   0.17479    0.10160    0.26899    0.23135    0.15976    0.29757    0.36709    0.87500    0.21283    0.03305    0.07254    0.08629    0.04454    0.23874    0.01580    0.43773    0.06018    0.04534    0.08195    0.21551
   0.07278    0.10160    0.30120    0.23135    0.15730    0.26438    0.15811    0.45833    0.00299    0.03853    0.07601    0.05668    0.06791    0.16348    0.12264    0.34192    0.02253    0.04534    0.20385    0.21551
   0.07278    0.39516    0.23117    0.23135    0.15976    0.20655    0.15811    0.95833    0.00299    0.03305    0.07254    0.09138    0.06791    0.00383    0.12760    0.43773    0.02253    0.04534    0.14493    0.21735
   0.18997    0.00286    0.19389    0.23135    0.16307    0.26438    0.15811    0.29167    0.00299    0.03305    0.07254    0.15636    0.05569    0.00383    0.13407    0.44986    0.00171    0.04534    0.14493    0.21551
   0.14663    0.00286    0.19389    0.27441    0.16307    0.26438    0.11697    0.79167    0.00299    0.03305    0.07254    0.08629    0.01199    0.00383    0.12760    0.41740    0.02253    0.04534    0.01697    0.21551
   0.13007    0.00286    0.19389    0.20973    0.24320    0.26438    0.06757    0.20833    0.06898    0.03305    0.79167    0.08629    0.06791    0.23436    0.12760    0.50694    0.02253    0.08734    0.07378    0.09936
   0.09043    0.00286    0.21202    0.20973    0.19066    0.18956    0.11697    0.70833    0.00299    0.03305    0.54167    0.08629    0.06791    0.00383    0.09695    0.44986    0.02253    0.06100    0.17416    0.09936
   0.07278    0.00286    0.17558    0.20973    0.16307    0.26438    0.11697    0.04167    0.00299    0.05449    0.12500    0.02476    0.06030    0.00383    0.43584    0.44986    0.00528    0.05320    0.14493    0.14190
   0.11095    0.07395    0.17558    0.18758    0.16307    0.31885    0.11697    0.54167    0.00299    0.04383    0.62500    0.02476    0.06791    0.00383    0.12760    0.47866    0.02253    0.04534    0.06604    0.09936
   0.08196    0.22203    0.19770    0.15830    0.16307    0.29574    0.38225    0.12500    0.00299    0.04794    0.29167    0.05602    0.06791    0.00383    0.12760    0.44986    0.01394    0.04534    0.11059    0.09936
   0.07738    0.00286    0.17558    0.18758    0.18858    0.29574    0.21332    0.62500    0.00299    0.05449    0.04167    0.04056    0.06791    0.00383    0.12760    0.47586    0.02253    0.05714    0.14493    0.13229
   0.04349    0.04514    0.18318    0.18758    0.16307    0.28894    0.10108    0.22236    0.00299    0.05449    0.95833    0.05602    0.03245    0.00383    0.08087    0.44986    0.02253    0.05714    0.11931    0.09936
   0.00813    0.00286    0.16270    0.12757    0.16307    0.29574    0.18372    0.05701    0.16105    0.05449    0.70833    0.03458    0.00012    0.00383    0.05787    0.48350    0.02253    0.05714    0.09937    0.09936
   0.00813    0.31998    0.18318    0.15745    0.12621    0.29574    0.00816    0.20651    0.08047    0.04868    0.37500    0.00232    0.03245    0.17107    0.06028    0.43875    0.02253    0.08165    0.18714    0.00012
   0.00689    0.00286    0.18318    0.12757    0.07994    0.36170    0.00816    0.18926    0.06563    0.05449    0.87500    0.03458    0.03245    0.00383    0.12760    0.43875    0.02253    0.04805    0.14493    0.04142
   0.00689    0.00286    0.16399    0.12757    0.05222    0.29574    0.00816    0.16165    0.06563    0.07575    0.45833    0.03458    0.01805    0.00383    0.29934    0.43875    0.04509    0.06069    0.10988    0.05248
   0.03859    0.02101    0.18318    0.07990    0.01966    0.33415    0.00816    0.23251    0.13298    0.05877    0.20833    0.00593    0.05629    0.00383    0.17717    0.38239    0.02253    0.05714    0.10988    0.05248
   0.02249    0.03960    0.18318    0.08399    0.05222    0.29574    0.00816    0.09456    0.11815    0.05449    0.23682    0.03458    0.04459    0.31107    0.12760    0.38239    0.02669    0.05714    0.05948    0.05248
   0.00689    0.03391    0.18318    0.12757    0.05222    0.31062    0.00816    0.20833    0.08876    0.05449    0.24910    0.03458    0.14480    0.00383    0.12760    0.38239    0.03237    0.05714    0.10988    0.07444
   0.00689    0.00286    0.16724    0.12757    0.05222    0.29574    0.00816    0.20833    0.05657    0.05449    0.55160    0.03458    0.10115    0.15198    0.12760    0.38239    0.05053    0.05714    0.08118    0.06046
   0.00689    0.01187    0.18318    0.12757    0.05222    0.30993    0.06673    0.12349    0.10617    0.06349    0.54167    0.03458    0.07897    0.00383    0.21198    0.28716    0.05053    0.07488    0.10988    0.06046
   0.00030    0.03496    0.18318    0.11299    0.05222    0.28525    0.00816    0.20833    0.23622    0.06349    0.75233    0.03458    0.06612    0.03923    0.12760    0.38239    0.05053    0.54167    0.10988    0.02834
   0.00030    0.02949    0.17513    0.11299    0.05222    0.28525    0.00816    0.15382    0.16366    0.07940    0.68826    0.03458    0.06612    0.03923    0.11700    0.38239    0.05053    0.70833    0.10988    0.06046
   0.00030    0.02719    0.18318    0.09139    0.05222    0.26284    0.00030    0.20833    0.14157    0.07940    0.54167    0.06401    0.06612    0.19332    0.11700    0.33345    0.06998    0.62500    0.10036    0.06046
   0.00030    0.01409    0.19127    0.05964    0.05222    0.28006    0.00030    0.20833    0.10617    0.07940    0.50647    0.03458    0.06612    0.08113    0.07446    0.18116    0.06998    0.87500    0.02959    0.06046
   0.00030    0.01409    0.18318    0.07411    0.05222    0.25832    0.00030    0.20833    0.21076    0.07940    0.29320    0.04956    0.05496    0.08113    0.11700    0.12812    0.06998    0.95833    0.06497    0.06046
   0.00030    0.02251    0.18318    0.09139    0.00411    0.25832    0.00030    0.20833    0.10617    0.07940    0.38445    0.12500    0.05496    0.08113    0.11700    0.21417    0.06998    0.79167    0.08309    0.02512
   0.00030    0.04687    0.18318    0.06031    0.05222    0.20153    0.00030    0.08861    0.11896    0.07070    0.40420    0.37500    0.05496    0.08113    0.11700    0.21417    0.06998    0.20833    0.09817    0.04296
   0.00030    0.02251    0.18318    0.09139    0.05222    0.20153    0.00030    0.10103    0.11896    0.79167    0.39085    0.04167    0.09755    0.08113    0.11700    0.20311    0.03787    0.04167    0.09817    0.02870
   0.00030    0.02251    0.18318    0.07186    0.05222    0.22232    0.00030    0.06234    0.11896    0.45833    0.45709    0.29167    0.07666    0.08113    0.11700    0.29867    0.05817    0.12500    0.14290    0.04296
   0.00030    0.06023    0.18318    0.08307    0.02236    0.07349    0.00030    0.08861    0.14295    0.12500    0.13752    0.45833    0.02636    0.08113    0.11700    0.29867    0.05817    0.37500    0.12149    0.04296
   0.00030    0.03792    0.18318    0.08307    0.00818    0.20153    0.00030    0.08861    0.11896    0.95833    0.02807    0.79167    0.05496    0.08113    0.16961    0.29867    0.20833    0.29167    0.13329    0.04296
   0.00030    0.03792    0.17680    0.08307    0.02236    0.20153    0.00030    0.07548    0.11896    0.29167    0.13752    0.20833    0.05496    0.08113    0.14848    0.29867    0.37500    0.45833    0.14290    0.04296
   0.00661    0.03792    0.87500    0.06866    0.02236    0.20153    0.00030    0.00239    0.11896    0.62500    0.13752    0.54167    0.05496    0.08113    0.13263    0.34067    0.12500    0.95006    0.14290    0.00979
   0.00030    0.03792    0.95833    0.06866    0.01171    0.11501    0.00030    0.08861    0.11896    0.37500    0.05382    0.70833    0.05496    0.32000    0.14056    0.27186    0.95833    0.87500    0.12756    0.02555
   0.00030    0.06785    0.20833    0.04284    0.03551    0.17533    0.00030    0.08861    0.11896    0.70833    0.00325    0.95833    0.03021    0.19720    0.13263    0.27186    0.54167    0.67155    0.13778    0.03493
   0.03880    0.05004    0.54167    0.06866    0.02236    0.23859    0.00030    0.08861    0.06146    0.04167    0.13752    0.62500    0.03490    0.08113    0.16582    0.27186    0.29167    0.67155    0.14290    0.05975
   0.02257    0.05004    0.62500    0.05529    0.02236    0.20153    0.12970    0.11627    0.06146    0.87500    0.13752    0.87500    0.04607    0.08113    0.14505    0.22654    0.70833    0.98521    0.13635    0.06856
   0.01259    0.05004    0.70833    0.06217    0.00808    0.15675    0.06468    0.10135    0.08841    0.54167    0.13752    0.36334    0.05496    0.08113    0.13771    0.22654    0.45833    0.67155    0.12656    0.05776
   0.03253    0.05004    0.29167    0.06800    0.01730    0.13199    0.01899    0.15789    0.06146    0.20833    0.06110    0.95893    0.07183    0.08286    0.13263    0.22654    0.04167    0.57154    0.13143    0.06110
   0.00030    0.05004    0.37500    0.06866    0.01779    0.15675    0.00030    0.11627    0.06146    0.69252    0.09942    0.60863    0.06352    0.08286    0.13263    0.10703    0.87500    0.67155    0.11062    0.05776
   0.00646    0.05004    0.45833    0.06612    0.02236    0.17868    0.00030    0.10725    0.06146    0.31659    0.00636    0.61396    0.05942    0.08286    0.13807    0.22654    0.62500    0.37724    0.11824    0.04283
   0.00948    0.02717    0.79167    0.06224    0.02236    0.15675    0.00030    0.10725    0.06146    0.31659    0.06110    0.75590    0.05496    0.25116    0.13263    0.18373    0.79167    0.96906    0.12239    0.05080
   0.00030    0.03886    0.04167    0.08245    0.02236    0.15675    0.00030    0.10725    0.06146    0.39813    0.06110    0.88329    0.05496    0.16994    0.13263    0.22654    0.52885    0.76808    0.12392    0.05467
   0.00420    0.03294    0.12500    0.07455    0.02236    0.15675    0.00030    0.10725    0.06146    0.21739    0.12129    0.70833    0.05496    0.11733    0.14087    0.22654    0.03366    0.75692    0.11824    0.04283
   0.87500    0.02717    0.68351    0.07840    0.03826    0.15940    0.05470    0.10725    0.02726    0.01670    0.06110    0.62698    0.05496    0.08286    0.13909    0.22654    0.75095    0.71362    0.11824    0.03338
   0.95833    0.02717    0.64081    0.07840    0.03826    0.15940    0.00030    0.10414    0.04426    0.13360    0.14296    0.70833    0.05496    0.08286    0.13808    0.20523    0.20833    0.75692    0.11824    0.02891
   0.62500    0.02717    0.22757    0.07840    0.03025    0.18296    0.00231    0.10414    0.03541    0.01670    0.06110    0.70833    0.05496    0.08286    0.13263    0.20523    0.27054    0.75692    0.12125    0.03338
   0.45833    0.02717    0.06018    0.09752    0.45833    0.17112    0.00231    0.11507    0.02726    0.01670    0.06110    0.70833    0.06117    0.08286    0.20833    0.20523    0.20833    0.75692    0.79167    0.03338
   0.20833    0.02717    0.07373    0.12500    0.95833    0.16528    0.04099    0.10414    0.02726    0.01670    0.01820    0.70833    0.12500    0.08286    0.95833    0.20523    0.20833    0.75692    0.70833    0.02519
   0.70833    0.03636    0.00078    0.95833    0.87500    0.15940    0.03626    0.10414    0.02726    0.01670    0.01820    0.84053    0.62500    0.08286    0.12500    0.20523    0.20833    0.79589    0.37500    0.03338
   0.29167    0.02717    0.00078    0.20833    0.29167    0.15940    0.01885    0.10414    0.02726    0.00004    0.00609    0.76254    0.20833    0.11699    0.70833    0.20523    0.08935    0.79589    0.04167    0.45833
   0.79167    0.02717    0.07830    0.37500    0.62500    0.87500    0.06343    0.10414    0.02726    0.00004    0.01820    0.76567    0.95833    0.08286    0.45833    0.20523    0.20833    0.79589    0.45833    0.95833
   0.54167    0.03485    0.07830    0.54167    0.20833    0.04167    0.00231    0.10414    0.00122    0.00004    0.01169    0.70833    0.45833    0.02932    0.37500    0.23707    0.19407    0.32371    0.12500    0.29167
   0.37500    0.02717    0.07830    0.29167    0.79167    0.70833    0.02315    0.09873    0.01436    0.00004    0.01169    0.58302    0.29167    0.03262    0.62500    0.20523    0.19407    0.79589    0.87500    0.79167
   0.04167    0.02958    0.07830    0.70833    0.37500    0.62500    0.00920    0.12900    0.00122    0.00004    0.00990    0.58302    0.70833    0.05861    0.54167    0.20523    0.45462    0.79589    0.54167    0.62500
   0.12500    0.03497    0.07830    0.45833    0.70833    0.54167    0.00231    0.10414    0.00122    0.06511    0.00056    0.56843    0.54167    0.05120    0.29167    0.16312    0.03089    0.79589    0.95833    0.87500
   0.72359    0.04357    0.07830    0.62500    0.12500    0.79167    0.03279    0.10414    0.00122    0.00004    0.00056    0.56096    0.04167    0.05120    0.87500    0.11115    0.19407    0.79589    0.62500    0.12500
   0.26527    0.03497    0.07830    0.79167    0.04167    0.20833    0.00231    0.10414    0.00122    0.00004    0.00056    0.43543    0.79167    0.05120    0.04167    0.16312    0.12529    0.53216    0.29167    0.37500
   0.45833    0.03918    0.07830    0.04167    0.54167    0.45833    0.00849    0.10414    0.00122    0.00004    0.00056    0.43543    0.37500    0.05120    0.79167    0.16312    0.09633    0.01458    0.20833    0.20833
   0.50807    0.03918    0.02573    0.87500    0.71830    0.37500    0.00849    0.11232    0.00122    0.00004    0.00056    0.47651    0.87500    0.05120    0.21795    0.14650    0.34044    0.34819    0.98481    0.70833
   0.82493    0.04912    0.02573    0.02092    0.90126    0.29167    0.00849    0.10414    0.00122    0.00004    0.00056    0.47651    0.42716    0.05120    0.18313    0.14650    0.26780    0.34819    0.25346    0.04167
   0.45833    0.03918    0.02573    0.12500    0.95833    0.95833    0.00849    0.10969    0.00122    0.00004    0.00056    0.47651    0.12500    0.05120    0.02815    0.14650    0.19407    0.34819    0.25346    0.54167
   0.38895    0.03918    0.02573    0.00822    0.99599    0.12500    0.00849    0.10969    0.00122    0.00004    0.00056    0.47651    0.26121    0.05120    0.12500    0.14650    0.19407    0.34819    0.31115    0.93764
   0.45833    0.03918    0.02573    0.13329    0.36926    0.15112    0.00849    0.54167    0.00122    0.00004    0.00056    0.47651    0.26121    0.05120    0.47073    0.16279    0.19407    0.34819    0.42739    0.95072
   0.58362    0.03918    0.02573    0.60489    0.01939    0.70833    0.04050    0.70833    0.01156    0.00004    0.13780    0.47651    0.26121    0.05120    0.35077    0.12855    0.19407    0.23766    0.25346    0.95072
   0.58362    0.04686    0.02573    0.12500    0.65276    0.62206    0.00849    0.79167    0.70833    0.00004    0.07028    0.47651    0.71894    0.05120    0.35077    0.14650    0.19407    0.34819    0.45394    0.97616
   0.55206    0.04686    0.02573    0.01976    0.36926    0.64889    0.02142    0.87500    0.37500    0.00004    0.03610    0.47651    0.26121    0.05120    0.31431    0.54167    0.08787    0.43774    0.25346    0.97616
   0.58362    0.29167    0.02573    0.01976    0.36926    0.64889    0.00849    0.04167    0.87500    0.31572    0.03610    0.50634    0.26121    0.04070    0.76999    0.29167    0.19407    0.39240    0.25346    0.97616
   0.98502    0.87500    0.02573    0.01976    0.36926    0.64889    0.03703    0.37500    0.79167    0.15584    0.03610    0.47651    0.26121    0.04070    0.31431    0.20833    0.14205    0.34819    0.00646    0.97616
   0.58362    0.95833    0.02573    0.01976    0.36926    0.76436    0.00849    0.62500    0.95833    0.07782    0.03610    0.47651    0.26121    0.04070    0.17794    0.62500    0.14205    0.34819    0.13052    0.97616
   0.58362    0.37500    0.02573    0.11872    0.36926    0.51599    0.01550    0.95833    0.45833    0.02572    0.03610    0.47651    0.26121    0.04070    0.17794    0.04167    0.14205    0.08426    0.00646    0.97616
