   0.82143    0.10714    0.89286    0.75000    0.39286    0.46429    0.60714    0.89286    0.53571    0.60714    0.89286    0.03571    0.67857    0.60714    0.10714    0.17857    0.03571    0.17857    0.53571    0.17857
   0.25000    0.53571    0.03571    0.53571    0.89286    0.03571    0.75000    0.39286    0.03571    0.89286    0.60714    0.53571    0.96429    0.46429    0.25000    0.46429    0.25000    0.03571    0.17857    0.32143
   0.53571    0.96429    0.46429    0.10714    0.96429    0.82143    0.53571    0.17857    0.32143    0.53571    0.82143    0.25000    0.46429    0.96429    0.03571    0.39286    0.89286    0.32143    0.10714    0.53571
   0.32143    0.25000    0.82143    0.82143    0.25000    0.89286    0.82143    0.53571    0.75000    0.82143    0.46429    0.39286    0.75000    0.17857    0.46429    0.03571    0.39286    0.10714    0.96429    0.39286
   0.60714    0.32143    0.32143    0.03571    0.67857    0.25000    0.03571    0.25000    0.17857    0.96429    0.96429    0.17857    0.10714    0.32143    0.82143    0.25000    0.32143    0.39286    0.32143    0.75000
   0.10714    0.82143    0.25000    0.39286    0.82143    0.60714    0.89286    0.96429    0.39286    0.25000    0.75000    0.10714    0.82143    0.25000    0.39286    0.89286    0.46429    0.25000    0.75000    0.10714
   0.96429    0.60714    0.39286    0.32143    0.46429    0.32143    0.67857    0.67857    0.10714    0.67857    0.67857    0.67857    0.39286    0.10714    0.67857    0.32143    0.17857    0.53571    0.60714    0.96429
   0.03571    0.39286    0.60714    0.67857    0.53571    0.67857    0.32143    0.32143    0.89286    0.32143    0.32143    0.32143    0.60714    0.89286    0.32143    0.67857    0.82143    0.46429    0.39286    0.03571
   0.89286    0.17857    0.75000    0.60714    0.17857    0.39286    0.10714    0.03571    0.60714    0.75000    0.25000    0.89286    0.17857    0.75000    0.60714    0.10714    0.53571    0.75000    0.25000    0.89286
   0.39286    0.67857    0.67857    0.96429    0.32143    0.75000    0.96429    0.75000    0.82143    0.03571    0.03571    0.82143    0.89286    0.67857    0.17857    0.75000    0.67857    0.60714    0.67857    0.25000
   0.67857    0.75000    0.17857    0.17857    0.75000    0.10714    0.17857    0.46429    0.25000    0.17857    0.53571    0.60714    0.25000    0.82143    0.53571    0.96429    0.60714    0.89286    0.03571    0.60714
   0.46429    0.03571    0.53571    0.89286    0.03571    0.17857    0.46429    0.82143    0.67857    0.46429    0.17857    0.75000    0.53571    0.03571    0.96429    0.60714    0.10714    0.67857    0.89286    0.46429
   0.75000    0.46429    0.96429    0.46429    0.10714    0.96429    0.25000    0.60714    0.96429    0.10714    0.39286    0.46429    0.03571    0.53571    0.75000    0.53571    0.75000    0.96429    0.82143    0.67857
   0.17857    0.89286    0.10714    0.25000    0.60714    0.53571    0.39286    0.10714    0.46429    0.39286    0.10714    0.96429    0.32143    0.39286    0.89286    0.82143    0.96429    0.82143    0.46429    0.82143
   0.74313    0.95235    0.21330    0.48324    0.42088    0.54123    0.41456    0.02038    0.09270    0.85341    0.96115    0.02854    0.15534    0.80909    0.21182    0.79422    0.00787    0.91300    0.85682    0.93231
   0.42891    0.95315    0.44589    0.15074    0.61345    0.41135    0.21233    0.35022    0.74370    0.28984    0.38826    0.38262    0.03668    0.91607    0.51753    0.79422    0.89995    0.36624    0.12269    0.66280
   0.49091    0.96367    0.35789    0.07850    0.27602    0.15264    0.05268    0.01640    0.89828    0.98949    0.74983    0.07024    0.02107    0.98342    0.54406    0.98859    0.43492    0.09973    0.39289    0.96429
   0.02293    0.96429    0.24480    0.07850    0.42088    0.79098    0.01087    0.01640    0.61184    0.85341    0.60714    0.03571    0.20683    0.98873    0.12585    0.60079    0.17339    0.41599    0.08444    0.97727
   0.29105    0.96429    0.03359    0.07850    0.63788    0.05487    0.01087    0.01640    0.81970    0.91985    0.51937    0.85304    0.14985    0.97700    0.33810    0.68360    0.45317    0.90782    0.23442    0.98711
   0.12622    0.96429    0.11317    0.41841    0.95953    0.24578    0.01087    0.25828    0.74370    0.61133    0.72146    0.47437    0.01630    0.97545    0.41441    0.43312    0.30693    0.98406    0.39534    0.61101
   0.45714    0.92536    0.49823    0.25583    0.66432    0.29928    0.01087    0.01640    0.77458    0.85341    0.33104    0.19773    0.01632    0.99362    0.34018    0.70798    0.32108    0.90782    0.27613    0.96850
   0.33391    0.92536    0.77224    0.11865    0.52388    0.45208    0.01087    0.01640    0.77458    0.86314    0.60714    0.01723    0.05872    0.99362    0.44029    0.70798    0.28348    0.78680    0.75577    0.99890
   0.69043    0.99310    0.49823    0.29773    0.34004    0.72878    0.01087    0.01640    0.77458    0.80199    0.60714    0.24581    0.10706    0.98242    0.67910    0.36400    0.59252    0.78680    0.75577    0.95288
   0.34118    0.62454    0.58984    0.34758    0.34004    0.72878    0.01087    0.01640    0.98602    0.57888    0.46009    0.03571    0.18304    0.99362    0.42075    0.97382    0.43918    0.83056    0.66982    0.98711
   0.44498    0.97977    0.60834    0.05671    0.34004    0.72878    0.02650    0.01640    0.77458    0.96342    0.53718    0.00153    0.29646    0.99362    0.46429    0.70798    0.43126    0.78680    0.75577    0.98711
   0.28608    0.93197    0.49823    0.00161    0.34004    0.63699    0.00268    0.01640    0.86077    0.96342    0.60714    0.00687    0.25251    0.99362    0.50261    0.70798    0.43437    0.78680    0.75577    0.98335
   0.37132    0.93579    0.74549    0.24947    0.05354    0.47744    0.09865    0.14780    0.91298    0.96342    0.66304    0.08554    0.10706    0.38472    0.63670    0.70798    0.43437    0.43365    0.94275    0.99442
   0.42690    0.92536    0.49823    0.00161    0.34004    0.89050    0.03802    0.01445    0.97251    0.96342    0.74054    0.03739    0.26042    0.99362    0.65027    0.90185    0.40623    0.94002    0.32964    0.65335
   0.36923    0.95913    0.55226    0.00161    0.43777    0.83608    0.09865    0.02326    0.96970    0.96342    0.63831    0.08554    0.16653    0.99362    0.51271    0.99223    0.40623    0.78680    0.75577    0.98711
   0.51903    0.92536    0.55226    0.00161    0.34004    0.73278    0.17902    0.01640    0.90259    0.96342    0.60714    0.08554    0.25281    0.99362    0.51271    0.90185    0.40623    0.98896    0.83461    0.98711
   0.51903    0.76008    0.55226    0.79086    0.36260    0.78030    0.40940    0.00594    0.84590    0.85073    0.72015    0.25566    0.08324    0.99362    0.67708    0.98156    0.46475    0.74313    0.96784    0.98711
   0.51903    0.81492    0.39257    0.26635    0.01366    0.66384    0.05878    0.03741    0.62050    0.96346    0.60714    0.41594    0.34642    0.99362    0.61362    0.90185    0.14802    0.88418    0.96784    0.86587
   0.46432    0.95454    0.66035    0.00161    0.24755    0.66384    0.09865    0.00211    0.86077    0.93324    0.60714    0.03725    0.48638    0.99362    0.47398    0.93458    0.63884    0.86196    0.96784    0.99877
   0.46432    0.95454    0.55226    0.00161    0.28599    0.67568    0.14787    0.00211    0.86077    0.93324    0.60714    0.01302    0.34642    0.99362    0.51271    0.90185    0.44405    0.86196    0.99240    0.80635
   0.46432    0.95454    0.55226    0.08433    0.27266    0.39341    0.02666    0.00211    0.86077    0.72339    0.60714    0.06834    0.36172    0.99362    0.41014    0.88117    0.40623    0.97571    0.77552    0.80096
   0.46432    0.78435    0.68234    0.31329    0.28599    0.67568    0.09865    0.00211    0.85220    0.65724    0.57636    0.20223    0.34642    0.88460    0.80252    0.83990    0.40623    0.54539    0.70374    0.86587
   0.46432    0.97355    0.54701    0.00161    0.24852    0.67568    0.15619    0.00211    0.86077    0.88261    0.62759    0.03725    0.34642    0.99362    0.57966    0.90185    0.40623    0.81094    0.98311    0.86587
   0.46432    0.97355    0.55226    0.00161    0.28599    0.76882    0.15619    0.00211    0.86077    0.93324    0.60714    0.03725    0.34642    0.99362    0.53766    0.96306    0.40623    0.83087    0.98311    0.90556
   0.58806    0.97355    0.55226    0.00161    0.28599    0.76882    0.29337    0.01969    0.86077    0.76525    0.60714    0.03725    0.32480    0.38172    0.51271    0.49769    0.48307    0.97382    0.85852    0.89762
   0.58895    0.97355    0.55226    0.00161    0.38987    0.84076    0.24423    0.00211    0.83108    0.93324    0.67275    0.03725    0.28712    0.99362    0.51271    0.76722    0.42669    0.86196    0.98311    0.90556
   0.53177    0.99344    0.62795    0.02462    0.32851    0.72749    0.15619    0.00211    0.99257    0.93324    0.74539    0.02014    0.34642    0.99362    0.61471    0.77345    0.35418    0.84611    0.99562    0.90556
   0.49943    0.97875    0.55226    0.00161    0.28599    0.76882    0.15619    0.00089    0.68848    0.94395    0.65816    0.02014    0.41655    0.99362    0.51271    0.88146    0.37903    0.86196    0.76874    0.90556
   0.49943    0.99344    0.55226    0.31554    0.18467    0.76882    0.15619    0.02987    0.86077    0.79412    0.62025    0.02014    0.41655    0.58384    0.51271    0.91570    0.35418    0.86196    0.98311    0.90556
   0.56806    0.98006    0.56534    0.12191    0.28599    0.76882    0.17296    0.02987    0.86077    0.95619    0.71761    0.02014    0.67117    0.74745    0.51271    0.90185    0.37034    0.98611    0.88708    0.90556
   0.49943    0.99344    0.55633    0.12191    0.28599    0.70942    0.15619    0.16740    0.86077    0.91438    0.71761    0.02479    0.53696    0.94220    0.52376    0.90185    0.35418    0.92237    0.84349    0.90556
   0.53978    0.99344    0.55633    0.12191    0.28599    0.78536    0.15619    0.01133    0.86077    0.92764    0.71761    0.02479    0.47603    0.95442    0.52768    0.90185    0.35036    0.88234    0.98311    0.87967
   0.52297    0.98005    0.49001    0.24346    0.31141    0.76882    0.15619    0.21183    0.86077    0.86452    0.71061    0.02479    0.47450    0.57502    0.42370    0.89591    0.29212    0.86196    0.95760    0.87967
   0.49943    0.99344    0.54379    0.12191    0.28599    0.80523    0.26432    0.02987    0.95098    0.92103    0.73820    0.23992    0.41655    0.81151    0.45234    0.88780    0.39550    0.86196    0.98311    0.76090
   0.50498    0.99344    0.55633    0.12191    0.27534    0.74173    0.20296    0.02987    0.86077    0.86452    0.71761    0.12162    0.55052    0.86088    0.52032    0.89591    0.38656    0.86196    0.88907    0.87967
   0.47918    0.99344    0.54282    0.12191    0.28599    0.77357    0.15910    0.02987    0.86077    0.89503    0.71761    0.09062    0.44397    0.91834    0.51271    0.89591    0.36880    0.86196    0.98311    0.85529
   0.53940    0.99660    0.55633    0.12191    0.23932    0.88608    0.22206    0.13226    0.86077    0.85252    0.67947    0.09062    0.41655    0.59737    0.49793    0.78628    0.37519    0.89335    0.98311    0.66925
   0.49163    0.99344    0.46142    0.43683    0.28599    0.80523    0.20104    0.01895    0.86077    0.84297    0.75351    0.38490    0.46091    0.61563    0.51271    0.79593    0.36880    0.87808    0.95939    0.59252
   0.50498    0.99344    0.55633    0.56613    0.28599    0.80523    0.15619    0.02670    0.88075    0.86452    0.79271    0.41153    0.48821    0.61563    0.51271    0.84077    0.36880    0.86196    0.98311    0.85529
   0.49036    0.99344    0.54262    0.49229    0.28599    0.79350    0.13241    0.00127    0.79731    0.86452    0.74272    0.32313    0.47656    0.67368    0.52397    0.84077    0.36880    0.87459    0.97107    0.85529
   0.53756    0.99344    0.55633    0.43683    0.28777    0.79154    0.13241    0.02013    0.86077    0.86452    0.69236    0.66883    0.41655    0.55302    0.48349    0.63277    0.42063    0.82435    0.88755    0.85529
   0.50498    0.96787    0.52424    0.43683    0.34515    0.75843    0.13241    0.00127    0.94373    0.87603    0.72138    0.38490    0.41797    0.40130    0.48604    0.73235    0.36880    0.90050    0.84377    0.85529
   0.50498    0.99344    0.49571    0.43683    0.34515    0.75843    0.15265    0.00127    0.94373    0.86452    0.74825    0.35006    0.43708    0.61563    0.50215    0.76390    0.35662    0.86976    0.93491    0.85529
   0.50344    0.98118    0.55633    0.45141    0.32710    0.74399    0.14377    0.00127    0.94373    0.86452    0.72661    0.35006    0.41655    0.61563    0.51271    0.84077    0.36611    0.86196    0.98311    0.85529
   0.54378    0.93243    0.63366    0.26501    0.34515    0.75843    0.13241    0.26536    0.94878    0.86452    0.72138    0.39615    0.40509    0.63338    0.51449    0.84077    0.35662    0.84712    0.98311    0.85529
   0.50498    0.96687    0.55633    0.43683    0.36936    0.83350    0.13241    0.08088    0.98765    0.84984    0.78066    0.35006    0.41655    0.61563    0.52144    0.80709    0.33995    0.88911    0.89648    0.45742
   0.50498    0.99344    0.55633    0.48024    0.34515    0.79920    0.14668    0.02517    0.98716    0.84984    0.72138    0.35006    0.41655    0.69114    0.51271    0.84077    0.35662    0.85590    0.98311    0.85529
   0.49701    0.98480    0.55633    0.41532    0.34515    0.78671    0.13241    0.00153    0.88424    0.84703    0.70833    0.35006    0.42619    0.61563    0.51271    0.84077    0.35282    0.85436    0.98311    0.85529
   0.49838    0.99344    0.58707    0.37464    0.34515    0.72977    0.14172    0.00153    0.94373    0.84984    0.66616    0.35006    0.44836    0.58676    0.51975    0.84077    0.34116    0.87618    0.94362    0.21627
   0.52383    0.99344    0.55516    0.58710    0.34515    0.72977    0.13241    0.18803    0.97628    0.84984    0.72460    0.24623    0.43746    0.61563    0.51754    0.78199    0.37030    0.86196    0.98311    0.63656
   0.51145    0.99344    0.55633    0.43683    0.33426    0.77559    0.15338    0.03515    0.94373    0.85187    0.70833    0.35006    0.42619    0.65946    0.51271    0.81083    0.36963    0.86196    0.99953    0.85529
   0.50498    0.99344    0.54779    0.43683    0.34515    0.66994    0.15728    0.03515    0.92964    0.84984    0.70833    0.35587    0.42619    0.65946    0.51271    0.82831    0.35662    0.86196    0.99260    0.85529
   0.50498    0.96230    0.51415    0.43683    0.38486    0.72977    0.19507    0.03515    0.95116    0.86173    0.70893    0.35006    0.41849    0.61375    0.51271    0.82831    0.35662    0.85221    0.91644    0.85529
   0.50894    0.96632    0.54623    0.43683    0.34515    0.70521    0.16360    0.03515    0.94518    0.84984    0.70833    0.35006    0.42619    0.79435    0.50870    0.79777    0.34554    0.85221    0.98311    0.85529
   0.50498    0.99344    0.54623    0.43683    0.34515    0.70851    0.16814    0.00519    0.94287    0.84984    0.72439    0.35006    0.45030    0.60476    0.50398    0.82995    0.36277    0.85701    0.99832    0.78144
   0.50498    0.99344    0.54623    0.43683    0.34515    0.72977    0.15338    0.02797    0.94373    0.84778    0.71497    0.35006    0.42619    0.62625    0.50455    0.81241    0.36277    0.85669    0.99394    0.85529
   0.51309    0.98117    0.54623    0.35044    0.34515    0.73824    0.15338    0.02797    0.94952    0.83786    0.67105    0.42374    0.45231    0.35231    0.50870    0.81241    0.30174    0.85666    0.99394    0.70087
   0.49613    0.97349    0.54655    0.48820    0.35718    0.72448    0.13549    0.15754    0.92603    0.84248    0.69008    0.40609    0.44730    0.72295    0.50870    0.77818    0.30174    0.85221    0.99977    0.85529
   0.49972    0.98425    0.52279    0.48820    0.34515    0.73824    0.15157    0.10150    0.93322    0.84031    0.70833    0.35006    0.44107    0.53540    0.50428    0.82834    0.30174    0.85781    0.99394    0.85529
   0.50498    0.97557    0.53425    0.46724    0.34515    0.73306    0.14598    0.07231    0.93322    0.60714    0.70833    0.35006    0.42785    0.60476    0.50428    0.81241    0.30208    0.85833    0.99394    0.85529
   0.50498    0.97349    0.53470    0.48820    0.34515    0.73824    0.15157    0.02797    0.89495    0.67857    0.71404    0.35006    0.39292    0.82726    0.03571    0.81241    0.23832    0.85833    0.92846    0.49104
   0.50498    0.97349    0.53558    0.48820    0.33623    0.72369    0.15157    0.02797    0.92079    0.25000    0.70200    0.35006    0.40619    0.55679    0.17857    0.86891    0.27162    0.86320    0.95884    0.73277
   0.46429    0.97643    0.53558    0.48820    0.34515    0.72369    0.15157    0.02797    0.94053    0.96429    0.70663    0.36072    0.41634    0.60476    0.67857    0.79566    0.28268    0.85833    0.99394    0.85529
   0.82143    0.97841    0.53558    0.47924    0.34147    0.74960    0.15157    0.02797    0.92628    0.89286    0.71552    0.35006    0.41429    0.60476    0.39286    0.81241    0.30208    0.85833    0.99394    0.85529
   0.89286    0.97405    0.52265    0.52597    0.34591    0.77581    0.15157    0.02797    0.93322    0.53571    0.70321    0.31047    0.41429    0.65575    0.53571    0.79104    0.34373    0.85833    0.99394    0.85924
   0.75000    0.97349    0.54305    0.51778    0.34186    0.72369    0.15658    0.02797    0.93322    0.82143    0.69117    0.35006    0.41429    0.60476    0.25000    0.81241    0.30208    0.86738    0.99954    0.70935
   0.96429    0.97349    0.51987    0.51778    0.34591    0.73400    0.15157    0.02797    0.93753    0.17857    0.70833    0.35006    0.41429    0.62903    0.10714    0.80223    0.30208    0.53571    0.99394    0.87962
   0.32143    0.97349    0.96429    0.51778    0.34591    0.73293    0.15157    0.04327    0.93322    0.46429    0.71024    0.35006    0.41570    0.60476    0.89286    0.80702    0.30208    0.82143    0.99394    0.87962
   0.39286    0.97349    0.32143    0.55423    0.67857    0.72762    0.15157    0.04327    0.95832    0.10714    0.70833    0.35006    0.39669    0.60476    0.75000    0.80223    0.33978    0.67857    0.98136    0.87962
   0.60714    0.97349    0.89286    0.53713    0.82143    0.74866    0.15915    0.04327    0.94668    0.03571    0.70398    0.35006    0.40720    0.60476    0.46429    0.78141    0.26650    0.75000    0.99639    0.94865
   0.67857    0.98755    0.39286    0.51778    0.75000    0.72762    0.14850    0.06243    0.94668    0.75000    0.70398    0.34942    0.67857    0.60476    0.60714    0.81322    0.30208    0.10714    0.99394    0.94865
   0.03571    0.98216    0.25000    0.51778    0.96429    0.72512    0.15157    0.06305    0.94424    0.32143    0.70398    0.35006    0.75000    0.61139    0.32143    0.80223    0.30208    0.60714    0.99394    0.94865
   0.25000    0.98216    0.82143    0.48605    0.10714    0.72341    0.15098    0.04327    0.94668    0.39286    0.17857    0.35997    0.82143    0.60476    0.82143    0.77727    0.32103    0.03571    0.98039    0.94865
   0.10714    0.98216    0.46429    0.51348    0.46429    0.72762    0.96429    0.04327    0.94668    0.95788    0.96429    0.35284    0.03571    0.60476    0.96429    0.77509    0.30208    0.96429    0.99558    0.94865
   0.17857    0.98622    0.53571    0.55588    0.39286    0.72762    0.82143    0.04880    0.95348    0.98945    0.46429    0.35006    0.46429    0.60476    0.96955    0.77757    0.30147    0.39286    0.99394    0.94865
   0.53571    0.98216    0.17857    0.51348    0.60714    0.72513    0.10714    0.04327    0.94668    0.99606    0.75000    0.35006    0.10714    0.60476    0.97871    0.77727    0.30208    0.89286    0.99434    0.94865
   0.29232    0.98216    0.75000    0.51348    0.53571    0.72762    0.67857    0.04327    0.94668    0.96429    0.89286    0.35745    0.39286    0.67289    0.77853    0.77727    0.28565    0.25000    0.98417    0.98813
   0.61991    0.98216    0.60714    0.51348    0.89286    0.53571    0.25000    0.09781    0.94668    0.72955    0.67857    0.35006    0.60714    0.60476    0.73818    0.79522    0.30208    0.32143    0.99394    0.94865
   0.93205    0.98216    0.10714    0.51348    0.03571    0.89286    0.46429    0.04327    0.94668    0.80793    0.39286    0.35344    0.89286    0.60476    0.84715    0.78604    0.46429    0.17857    0.99394    0.98655
   0.65718    0.98216    0.67857    0.53102    0.25000    0.17857    0.39286    0.04327    0.94233    0.90722    0.60714    0.89286    0.53571    0.60476    0.73818    0.78604    0.39286    0.46429    0.99394    0.94865
   0.83049    0.82143    0.03571    0.44425    0.17857    0.32143    0.60714    0.05257    0.94959    0.90722    0.32143    0.96429    0.96429    0.57641    0.73818    0.78341    0.32143    0.87319    0.99394    0.94865
   0.95575    0.39286    0.72263    0.51348    0.32143    0.75000    0.53571    0.06363    0.94266    0.72559    0.10714    0.32143    0.17857    0.64789    0.73818    0.78604    0.75000    0.62057    0.60714    0.94865
   0.91463    0.67857    0.97134    0.51348    0.99083    0.39286    0.75000    0.06265    0.94668    0.76037    0.25000    0.46429    0.25000    0.60476    0.73818    0.78604    0.96429    0.96706    0.89286    0.94865
   0.87544    0.03571    0.98235    0.51348    0.73749    0.03571    0.32143    0.05169    0.94668    0.85911    0.53571    0.82143    0.32143    0.60476    0.36820    0.78604    0.17857    0.56043    0.96429    0.93354
   0.91463    0.25000    0.98403    0.51348    0.99978    0.96429    0.89286    0.05169    0.94668    0.90722    0.03571    0.75000    0.44434    0.66631    0.73818    0.79582    0.10714    0.41434    0.53571    0.94865
   0.99583    0.46429    0.96429    0.51348    0.90438    0.60714    0.17857    0.05169    0.89286    0.92849    0.82143    0.60714    0.28133    0.60251    0.73818    0.77998    0.89286    0.81189    0.32143    0.94865
   0.91463    0.10714    0.59632    0.51348    0.61776    0.25000    0.03571    0.03258    0.75000    0.74002    0.30589    0.39286    0.57343    0.60251    0.31903    0.25000    0.82143    0.51179    0.17857    0.94865
   0.91463    0.89286    0.99557    0.51348    0.33870    0.67857    0.36269    0.05802    0.67857    0.90722    0.88744    0.25000    0.10714    0.60251    0.55699    0.10714    0.03571    0.51179    0.75000    0.94668
   0.91463    0.53571    0.99557    0.55073    0.85139    0.82143    0.46429    0.10911    0.60714    0.90722    0.91789    0.17857    0.06472    0.60251    0.89169    0.53571    0.25000    0.69900    0.25000    0.94668
   0.85838    0.75000    0.99557    0.52826    0.64175    0.10714    0.37635    0.60714    0.53571    0.90722    0.50203    0.53571    0.19687    0.60251    0.73818    0.17857    0.67857    0.49885    0.82143    0.88900
   0.87513    0.96429    0.93448    0.53123    0.64175    0.46429    0.46429    0.10714    0.03571    0.78668    0.17877    0.67857    0.36776    0.60251    0.68602    0.39286    0.60714    0.51179    0.67857    0.90281
   0.91463    0.32143    0.97672    0.54277    0.46147    0.73591    0.29420    0.32143    0.17857    0.90722    0.20446    0.03571    0.02441    0.60251    0.45264    0.32143    0.53571    0.51179    0.46429    0.90181
   0.85088    0.60714    0.99557    0.54277    0.68213    0.86854    0.46429    0.75000    0.82143    0.90722    0.75237    0.10714    0.34789    0.67911    0.69368    0.03571    0.79236    0.02630    0.03571    0.78411
   0.85755    0.17857    0.99557    0.60532    0.68762    0.59644    0.65956    0.82143    0.96429    0.90722    0.57995    0.86922    0.36907    0.62811    0.73818    0.96429    0.98726    0.50527    0.10714    0.78034
   0.89712    0.22259    0.99557    0.54277    0.73000    0.83457    0.23369    0.46429    0.46429    0.87882    0.75237    0.49959    0.65753    0.60251    0.73818    0.67857    0.67281    0.51179    0.39286    0.83118
   0.89212    0.03480    0.99557    0.55710    0.68213    0.72049    0.65368    0.03571    0.39286    0.90722    0.87839    0.95407    0.34789    0.60251    0.73818    0.60714    0.87409    0.58095    0.95177    0.83118
   0.89212    0.74992    0.99557    0.54277    0.68213    0.42614    0.78783    0.96429    0.32143    0.91290    0.72384    0.88024    0.21835    0.60251    0.73818    0.82143    0.63279    0.69610    0.87394    0.83118
   0.84980    0.38949    0.99606    0.59289    0.68213    0.99819    0.60001    0.53571    0.25000    0.91290    0.75237    0.89286    0.65151    0.60251    0.73818    0.46429    0.86379    0.61733    0.74387    0.80644
   0.89212    0.88045    0.99557    0.54277    0.47718    0.66943    0.50375    0.17857    0.10714    0.98295    0.90760    0.89286    0.34789    0.60251    0.31731    0.89286    0.87409    0.56556    0.90239    0.79919
   0.89212    0.67754    0.99557    0.53754    0.68213    0.90994    0.50375    0.25000    0.29370    0.93587    0.77897    0.99694    0.34789    0.60251    0.50410    0.75000    0.89146    0.58095    0.60311    0.85980
   0.90826    0.39281    0.99557    0.52159    0.68213    0.35223    0.50375    0.67857    0.97565    0.91290    0.69526    0.76936    0.34789    0.57218    0.55316    0.14003    0.87409    0.98293    0.55055    0.83118
   0.84415    0.45101    0.99557    0.57632    0.68213    0.50272    0.62195    0.89286    0.58971    0.91290    0.67410    0.88407    0.34789    0.60756    0.70590    0.82143    0.53417    0.80422    0.99074    0.81332
   0.81857    0.58352    0.99557    0.55627    0.50471    0.60020    0.70534    0.39286    0.58971    0.94575    0.69526    0.56952    0.34789    0.62149    0.81661    0.89389    0.77698    0.54433    0.91519    0.83118
   0.84415    0.39286    0.99557    0.56146    0.86476    0.69651    0.62195    0.28039    0.08609    0.91290    0.60186    0.63975    0.34789    0.62149    0.73818    0.71762    0.84489    0.52445    0.99074    0.83118
   0.92441    0.42625    0.99557    0.57632    0.68213    0.70518    0.65634    0.85443    0.33566    0.91290    0.82876    0.63975    0.56931    0.62149    0.73818    0.82143    0.99216    0.36305    0.81775    0.83118
   0.84415    0.36062    0.99557    0.57632    0.68213    0.66943    0.62195    0.25466    0.73470    0.75582    0.79517    0.63975    0.76102    0.62149    0.73818    0.55128    0.62181    0.36305    0.99074    0.87156
   0.86582    0.46966    0.99557    0.57632    0.91080    0.65116    0.72711    0.54373    0.58971    0.80608    0.63827    0.63975    0.56931    0.62149    0.57604    0.76077    0.76308    0.29356    0.99112    0.85318
   0.84415    0.39286    0.99557    0.57632    0.67991    0.65116    0.72711    0.46429    0.58971    0.83785    0.71960    0.57730    0.56931    0.63728    0.95435    0.55128    0.81209    0.36305    0.99074    0.85439
   0.84415    0.39286    0.99557    0.82143    0.68213    0.65116    0.95965    0.98877    0.19376    0.87415    0.71960    0.64880    0.76986    0.62149    0.59561    0.16688    0.76308    0.36305    0.99074    0.85439
   0.91229    0.41509    0.87467    0.46429    0.68213    0.65116    0.72711    0.46429    0.48933    0.71017    0.71960    0.55944    0.56931    0.62149    0.59561    0.23715    0.76308    0.50905    0.99074    0.85439
   0.84415    0.39286    0.99557    0.39286    0.39455    0.70999    0.67342    0.46429    0.48933    0.92654    0.58142    0.33785    0.56931    0.62149    0.59561    0.55128    0.78258    0.36305    0.92895    0.83324
   0.87139    0.40047    0.99557    0.67857    0.68213    0.71411    0.72711    0.38485    0.48933    0.89913    0.71960    0.63975    0.55318    0.62149    0.40903    0.59861    0.84071    0.42139    0.64080    0.85439
   0.78528    0.39286    0.99557    0.75000    0.77371    0.70999    0.52527    0.38485    0.24996    0.89242    0.71960    0.63975    0.55318    0.62149    0.59561    0.95017    0.51137    0.30885    0.24929    0.89430
   0.84415    0.37239    0.57901    0.96429    0.68213    0.76683    0.61106    0.46813    0.48933    0.87415    0.62542    0.92624    0.55318    0.62149    0.68657    0.98897    0.64046    0.36305    0.73860    0.87446
   0.85961    0.39286    0.45481    0.10714    0.44175    0.66565    0.72711    0.44825    0.48933    0.78892    0.77303    0.81190    0.50412    0.62815    0.72600    0.46850    0.76308    0.36305    0.64080    0.87343
   0.85961    0.39286    0.99557    0.89286    0.57770    0.62137    0.96369    0.74279    0.69487    0.80551    0.71960    0.61547    0.55318    0.62149    0.32353    0.46850    0.70485    0.36305    0.64080    0.85439
   0.83408    0.37555    0.99557    0.03571    0.68213    0.69928    0.88606    0.12817    0.93126    0.87415    0.69522    0.66715    0.55318    0.59970    0.63831    0.21849    0.76308    0.36305    0.64080    0.85439
   0.85961    0.37555    0.99557    0.25000    0.68213    0.64309    0.56734    0.44825    0.75932    0.87415    0.72601    0.41844    0.55318    0.59970    0.71808    0.03985    0.75558    0.36305    0.57092    0.85439
   0.86643    0.33502    0.83143    0.32143    0.61121    0.69277    0.67683    0.44825    0.48933    0.92402    0.71960    0.50997    0.55318    0.59970    0.81300    0.46850    0.76308    0.34618    0.65114    0.85439
   0.85961    0.32647    0.99557    0.60714    0.53424    0.70999    0.72711    0.44825    0.48933    0.95820    0.67725    0.72040    0.55318    0.59970    0.45059    0.46850    0.80898    0.34618    0.65114    0.85439
   0.86397    0.37561    0.99557    0.53571    0.58914    0.68388    0.72711    0.31387    0.14860    0.93793    0.67725    0.63975    0.43805    0.59970    0.64294    0.67508    0.67157    0.32656    0.77289    0.85439
   0.85961    0.37561    0.99557    0.17857    0.58914    0.63488    0.62815    0.44825    0.40192    0.97538    0.67725    0.63975    0.55318    0.60318    0.68657    0.46850    0.70020    0.28464    0.77289    0.85439
   0.87631    0.37561    0.81247    0.67587    0.58914    0.67269    0.72711    0.44825    0.48933    0.93793    0.67725    0.62457    0.55318    0.59970    0.68657    0.46850    0.82777    0.26166    0.77289    0.85439
   0.85961    0.41196    0.99557    0.30884    0.61964    0.69357    0.72146    0.44825    0.69024    0.98307    0.59858    0.63975    0.55318    0.59970    0.62783    0.46850    0.76308    0.28464    0.77289    0.86309
   0.85961    0.39233    0.99557    0.56407    0.54054    0.70999    0.72711    0.44825    0.21789    0.95891    0.63487    0.63975    0.55318    0.58473    0.58302    0.46850    0.76308    0.18805    0.59818    0.85439
   0.85961    0.38641    0.99557    0.38473    0.58914    0.69250    0.77002    0.40777    0.36991    0.98307    0.64791    0.79899    0.55318    0.59970    0.68657    0.46850    0.81343    0.28464    0.77289    0.85439
   0.85961    0.37561    0.81107    0.98889    0.58914    0.68970    0.72711    0.40777    0.43920    0.98307    0.63487    0.70818    0.55318    0.58703    0.68657    0.46850    0.81343    0.28464    0.77289    0.85883
   0.86532    0.34888    0.99557    0.76105    0.58947    0.70999    0.94123    0.36985    0.48933    0.97133    0.63487    0.72898    0.55318    0.58703    0.68657    0.46850    0.81343    0.28464    0.77289    0.86471
   0.85961    0.37561    0.99557    0.66228    0.55661    0.67609    0.72711    0.69801    0.48933    0.95519    0.63487    0.65330    0.74346    0.58703    0.60124    0.76500    0.81343    0.28464    0.85086    0.75000
   0.85961    0.37561    0.99557    0.66228    0.58914    0.70999    0.72711    0.60702    0.46417    0.99700    0.63283    0.65330    0.22364    0.32143    0.60124    0.63892    0.81343    0.27960    0.77289    0.89286
   0.86283    0.40887    0.99557    0.99924    0.56115    0.70999    0.72711    0.69801    0.40459    0.96948    0.62309    0.65330    0.37753    0.25000    0.62624    0.59883    0.81343    0.28464    0.77289    0.67857
   0.85961    0.40887    0.99557    0.94630    0.64184    0.71086    0.72711    0.69801    0.47260    0.98307    0.64910    0.65330    0.37753    0.10714    0.52580    0.53874    0.79129    0.28464    0.94317    0.17857
   0.85220    0.39802    0.97565    0.76920    0.61343    0.67201    0.72711    0.69801    0.48933    0.96378    0.64387    0.65330    0.27436    0.60714    0.64863    0.46850    0.81343    0.28224    0.94317    0.46429
   0.87424    0.38829    0.99557    0.60842    0.59477    0.70098    0.72711    0.69801    0.48933    0.93490    0.64910    0.65330    0.37753    0.82143    0.60124    0.46850    0.81343    0.28224    0.87271    0.60714
   0.86841    0.38829    0.99557    0.66228    0.60718    0.70098    0.72711    0.69801    0.48933    0.96378    0.69205    0.66528    0.29630    0.46429    0.60124    0.46850    0.81343    0.28269    0.94317    0.03571
   0.86619    0.38829    0.99557    0.66228    0.57230    0.70098    0.97052    0.69801    0.56653    0.94230    0.64910    0.62743    0.37974    0.03571    0.60124    0.50762    0.80202    0.28224    0.97735    0.96429
   0.85961    0.40127    0.99978    0.66228    0.55241    0.70098    0.84936    0.69801    0.52188    0.95912    0.65827    0.69072    0.37974    0.96429    0.61576    0.44789    0.80071    0.24761    0.94317    0.39286
   0.86665    0.38829    0.99557    0.66228    0.57230    0.70098    0.84795    0.60030    0.52023    0.96378    0.64910    0.71429    0.37974    0.53571    0.62569    0.46850    0.81343    0.28224    0.84381    0.53571
   0.85961    0.39143    0.99557    0.66228    0.57230    0.70098    0.74260    0.69801    0.55070    0.96378    0.64910    0.58498    0.24905    0.17857    0.62569    0.46850    0.80350    0.28224    0.84381    0.82143
   0.85961    0.38829    0.99557    0.47198    0.53257    0.70098    0.72711    0.57801    0.52609    0.96378    0.66026    0.65330    0.31322    0.39286    0.62569    0.46850    0.81343    0.28224    0.59675    0.32143
   0.85961    0.38829    0.99557    0.77532    0.59019    0.68774    0.62412    0.69801    0.52023    0.96378    0.66026    0.65330    0.24905    0.89286    0.62569    0.45643    0.82433    0.30429    0.84381    0.10714
   0.86114    0.38829    0.99557    0.64253    0.57230    0.68774    0.79411    0.64444    0.56711    0.96378    0.65359    0.65330    0.24905    0.75000    0.62569    0.46850    0.83043    0.29780    0.78755    0.25000
   0.85961    0.37058    0.99557    0.64253    0.59729    0.68774    0.73977    0.64444    0.53208    0.96378    0.66026    0.57669    0.33854    0.67857    0.75136    0.51154    0.81343    0.28224    0.84381    0.96027
   0.53571    0.39784    0.99557    0.64253    0.58292    0.64761    0.72711    0.64444    0.53208    0.96378    0.66026    0.62231    0.24905    0.94621    0.61729    0.49168    0.80582    0.28224    0.82978    0.84744
   0.39286    0.38123    0.99557    0.64253    0.58583    0.68774    0.83825    0.60366    0.54353    0.96378    0.66026    0.60033    0.24905    0.96429    0.58402    0.49168    0.81343    0.26773    0.95067    0.42324
   0.25000    0.38829    0.85957    0.64253    0.57230    0.68774    0.72711    0.51399    0.59000    0.95481    0.66026    0.46072    0.24905    0.97595    0.60993    0.49168    0.80893    0.10714    0.95067    0.31400
   0.17857    0.38829    0.99557    0.62828    0.56626    0.68744    0.80088    0.58539    0.59784    0.98075    0.64030    0.48448    0.29821    0.98122    0.62569    0.49168    0.81343    0.17857    0.93086    0.42324
   0.96429    0.39824    0.99557    0.50321    0.57230    0.66846    0.72711    0.60366    0.59784    0.96857    0.62823    0.53708    0.28041    0.96429    0.62569    0.49168    0.81485    0.96429    0.95067    0.42324
   0.89286    0.38153    0.99557    0.67689    0.57091    0.67531    0.72711    0.55443    0.65343    0.96378    0.64030    0.60033    0.29821    0.77998    0.61919    0.56251    0.79721    0.53571    0.99757    0.70501
   0.67857    0.38587    0.99557    0.66497    0.57230    0.68774    0.72711    0.56846    0.62986    0.97585    0.64030    0.56074    0.29821    0.98300    0.62569    0.49168    0.81343    0.32143    0.99757    0.57942
   0.32143    0.38829    0.99557    0.69638    0.57230    0.68774    0.72711    0.55443    0.60945    0.97114    0.63723    0.60033    0.29821    0.98300    0.59301    0.52882    0.81343    0.25000    0.99757    0.88999
   0.10714    0.38829    0.99557    0.62933    0.57988    0.68774    0.72711    0.55443    0.59784    0.96907    0.62856    0.60033    0.32497    0.98300    0.62569    0.49168    0.81343    0.39286    0.96395    0.43905
   0.03571    0.38829    0.99557    0.62327    0.56701    0.67322    0.72837    0.46653    0.59784    0.96378    0.64981    0.60033    0.44169    0.92848    0.62569    0.49168    0.81343    0.60714    0.99757    0.74416
   0.82143    0.38094    0.99557    0.66770    0.57184    0.67322    0.72180    0.49888    0.62131    0.96378    0.64608    0.60033    0.42781    0.97964    0.62569    0.49168    0.80690    0.75000    0.99757    0.88999
   0.75000    0.38829    0.99557    0.66770    0.96429    0.67322    0.72837    0.47929    0.59784    0.96667    0.64981    0.58160    0.32497    0.98300    0.62569    0.49168    0.81343    0.67857    0.99757    0.71501
   0.60714    0.38829    0.99557    0.67259    0.10714    0.67104    0.64791    0.42276    0.59784    0.96378    0.64083    0.58727    0.30828    0.86312    0.62569    0.49168    0.60714    0.46429    0.67554    0.63450
   0.46429    0.38197    0.99557    0.66770    0.60714    0.69504    0.79099    0.42350    0.59784    0.82143    0.64510    0.60033    0.32497    0.75019    0.63921    0.49168    0.75000    0.03571    0.83765    0.65558
   0.95206    0.37760    0.99557    0.66770    0.32143    0.67322    0.68863    0.43380    0.59784    0.32143    0.64524    0.60033    0.21355    0.75857    0.62569    0.55395    0.96429    0.82143    0.83765    0.71178
   0.91046    0.89286    0.99557    0.73357    0.53571    0.67549    0.68863    0.43380    0.59784    0.25000    0.64278    0.60033    0.32497    0.91793    0.56353    0.54804    0.32143    0.89286    0.83765    0.90013
   0.95367    0.39286    0.96429    0.66770    0.17857    0.64982    0.68863    0.25541    0.59383    0.96429    0.10714    0.60033    0.33835    0.37051    0.59607    0.51642    0.89286    0.50332    0.64303    0.45597
   0.90179    0.17857    0.10714    0.70985    0.25000    0.67322    0.68863    0.34049    0.64271    0.60714    0.96429    0.57509    0.32887    0.56816    0.62446    0.42100    0.82143    0.60817    0.55775    0.53737
   0.80493    0.75000    0.46429    0.67994    0.75000    0.67322    0.68887    0.43380    0.61340    0.46429    0.32143    0.60033    0.35892    0.77797    0.62569    0.45251    0.46429    0.98166    0.64898    0.65558
   0.95909    0.67857    0.17857    0.56814    0.82143    0.67322    0.68863    0.46253    0.61340    0.10714    0.25000    0.62254    0.35892    0.74139    0.68839    0.49168    0.53571    0.98166    0.56426    0.62251
   0.95909    0.53571    0.67857    0.56814    0.46429    0.65545    0.77058    0.43380    0.64377    0.89286    0.60714    0.60033    0.35892    0.77797    0.57928    0.49168    0.17857    0.82597    0.76412    0.96824
   0.95909    0.96429    0.39286    0.56814    0.67857    0.68594    0.64494    0.49655    0.61340    0.53571    0.17857    0.60033    0.35892    0.86162    0.60337    0.49168    0.10714    0.82597    0.71180    0.65558
   0.94756    0.03571    0.75000    0.58677    0.39286    0.67766    0.69845    0.43380    0.61340    0.39286    0.46429    0.61750    0.35892    0.77797    0.61191    0.49168    0.67857    0.92266    0.78784    0.65558
   0.45958    0.46429    0.25000    0.52611    0.89286    0.67766    0.70250    0.43380    0.61340    0.03571    0.53571    0.65567    0.34376    0.67312    0.61191    0.49168    0.03571    0.82597    0.83765    0.65558
   0.75437    0.32143    0.60714    0.63745    0.03571    0.67766    0.66962    0.43380    0.57575    0.75000    0.82143    0.63717    0.34912    0.86774    0.59768    0.50642    0.25000    0.44464    0.83765    0.65558
   0.75437    0.25000    0.32143    0.65665    0.71055    0.67766    0.65675    0.50179    0.61340    0.67857    0.39286    0.62095    0.35892    0.61809    0.61191    0.49168    0.39286    0.42776    0.83765    0.65558
   0.48646    0.82143    0.82143    0.56814    0.97575    0.68749    0.68863    0.46455    0.60095    0.17857    0.75000    0.62095    0.35892    0.81995    0.61191    0.49148    0.75632    0.53547    0.67561    0.65558
   0.59452    0.60714    0.53571    0.56814    0.67526    0.68749    0.68863    0.46455    0.60880    0.21815    0.67857    0.62095    0.35892    0.75759    0.61191    0.49895    0.60751    0.53547    0.82638    0.65558
   0.75437    0.10714    0.89286    0.50206    0.60714    0.68749    0.72227    0.46455    0.61340    0.54357    0.03571    0.62095    0.37576    0.75759    0.61191    0.49489    0.95340    0.53547    0.82638    0.65558
   0.75655    0.09710    0.03571    0.54125    0.11448    0.68749    0.68863    0.53591    0.61340    0.46780    0.89286    0.62095    0.35892    0.62825    0.61191    0.49895    0.86250    0.13500    0.82638    0.65558
   0.75655    0.14944    0.15491    0.56814    0.92039    0.70061    0.67360    0.52358    0.61340    0.46429    0.15604    0.64360    0.35892    0.75759    0.61191    0.49609    0.82143    0.45916    0.76210    0.65558
   0.75655    0.03571    0.29938    0.63354    0.94148    0.68177    0.68863    0.52358    0.61340    0.46429    0.08006    0.59339    0.35892    0.87441    0.61191    0.49865    0.54898    0.53547    0.82638    0.65558
   0.75655    0.03571    0.17857    0.60256    0.67418    0.66008    0.68863    0.55525    0.61524    0.30929    0.58491    0.60739    0.35892    0.75759    0.61191    0.49895    0.82787    0.04699    0.80134    0.86784
   0.75655    0.03571    0.33032    0.56814    0.67418    0.68177    0.68863    0.52358    0.60350    0.53168    0.40670    0.62095    0.35892    0.75759    0.61191    0.49895    0.84427    0.53547    0.84724    0.52775
   0.44003    0.03571    0.49668    0.57914    0.91118    0.67709    0.68863    0.50668    0.61524    0.39751    0.78305    0.62095    0.35892    0.69470    0.61191    0.50228    0.49600    0.43497    0.79203    0.59251
   0.71534    0.03571    0.58408    0.57914    0.68926    0.67709    0.68863    0.50786    0.61524    0.14164    0.83209    0.62688    0.35892    0.59700    0.59272    0.49895    0.69788    0.58542    0.81663    0.53900
   0.75655    0.03571    0.18026    0.57914    0.72563    0.67709    0.68531    0.63902    0.60702    0.13822    0.95339    0.61048    0.35892    0.69470    0.62385    0.49895    0.74383    0.53286    0.81663    0.59251
   0.74071    0.62141    0.24985    0.57914    0.54623    0.65540    0.68863    0.50211    0.61524    0.39751    0.68945    0.61048    0.36810    0.69470    0.62385    0.50827    0.74644    0.51324    0.78584    0.59251
   0.13445    0.41518    0.79533    0.57914    0.79362    0.67709    0.68863    0.50786    0.61524    0.39751    0.78305    0.61048    0.36810    0.69470    0.62082    0.49895    0.72202    0.53547    0.74536    0.61313
   0.75655    0.20292    0.56857    0.57914    0.88128    0.67709    0.68738    0.50786    0.25000    0.39751    0.78305    0.61048    0.37384    0.69470    0.62385    0.53571    0.93328    0.53547    0.81663    0.49331
   0.75655    0.03571    0.25104    0.57914    0.72563    0.25000    0.68863    0.50786    0.67857    0.21931    0.78305    0.61048    0.36810    0.77831    0.62385    0.17857    0.72202    0.53547    0.79552    0.59251
   0.75655    0.05678    0.33032    0.57914    0.72563    0.89286    0.68863    0.50786    0.03571    0.39751    0.78305    0.61833    0.36810    0.64227    0.62385    0.32143    0.75000    0.53829    0.90424    0.63589
   0.40617    0.03571    0.50373    0.57914    0.60754    0.32143    0.68863    0.47944    0.89286    0.41566    0.78305    0.61048    0.36596    0.60885    0.62385    0.25000    0.99348    0.53547    0.82764    0.63589
   0.37598    0.03571    0.33032    0.55848    0.58822    0.03571    0.68863    0.49628    0.82143    0.41566    0.78305    0.67857    0.36810    0.64227    0.62385    0.60714    0.90099    0.53547    0.81479    0.70487
   0.75655    0.03571    0.33032    0.55848    0.72563    0.60714    0.71044    0.50786    0.46429    0.34883    0.76408    0.89286    0.36810    0.63824    0.62646    0.89286    0.75000    0.53547    0.81479    0.57241
   0.75655    0.43675    0.33032    0.56548    0.72563    0.82143    0.75000    0.50786    0.39286    0.41566    0.81525    0.53571    0.36810    0.64227    0.62646    0.03571    0.75000    0.49571    0.79676    0.63250
   0.47217    0.86042    0.33032    0.56849    0.72563    0.46429    0.60714    0.32143    0.60714    0.41566    0.49391    0.25000    0.35964    0.60978    0.62646    0.96429    0.53612    0.59188    0.79676    0.63250
   0.93861    0.62930    0.22317    0.56849    0.72563    0.53571    0.89286    0.46429    0.53571    0.24337    0.49391    0.17857    0.35964    0.62546    0.63764    0.10714    0.96192    0.53547    0.79676    0.45501
   0.75655    0.55489    0.42351    0.56849    0.72563    0.17857    0.32143    0.39286    0.17857    0.62347    0.64873    0.96429    0.35964    0.64227    0.62049    0.39286    0.96192    0.53547    0.77326    0.61290
   0.75208    0.83999    0.37536    0.56849    0.87723    0.39286    0.46429    0.17857    0.10714    0.86219    0.52907    0.39286    0.35964    0.67084    0.62646    0.75000    0.96192    0.53547    0.74452    0.63250
   0.75208    0.55489    0.72794    0.56849    0.72563    0.96429    0.82143    0.89286    0.96429    0.53009    0.18454    0.60714    0.03571    0.64227    0.62646    0.67857    0.90978    0.53547    0.74452    0.63250
   0.75208    0.55489    0.88802    0.57751    0.72563    0.67857    0.03571    0.96429    0.32143    0.53009    0.59345    0.03571    0.67857    0.64227    0.62646    0.82143    0.96192    0.53547    0.74452    0.75981
   0.75208    0.55489    0.72794    0.56441    0.72563    0.10714    0.96429    0.25000    0.75000    0.59182    0.59345    0.82143    0.75000    0.64227    0.67857    0.46429    0.85490    0.53119    0.74452    0.63250
   0.75208    0.83935    0.72794    0.56849    0.72563    0.75000    0.17857    0.75000    0.85295    0.59182    0.59345    0.75000    0.17857    0.62524    0.25000    0.89245    0.85490    0.53547    0.69309    0.63250
   0.85672    0.55489    0.72794    0.56849    0.72563    0.02546    0.53571    0.03571    0.99326    0.59182    0.75328    0.46429    0.89286    0.64227    0.46429    0.04449    0.85490    0.53547    0.74452    0.63250
   0.75208    0.84399    0.72794    0.56849    0.72563    0.01115    0.67857    0.10714    0.97263    0.60523    0.59345    0.10714    0.60714    0.64845    0.60714    0.73288    0.85490    0.53547    0.70600    0.63250
   0.75208    0.55489    0.73439    0.57043    0.72563    0.00569    0.10714    0.82143    0.86591    0.59182    0.59345    0.32143    0.46429    0.64845    0.82143    0.50153    0.85490    0.53547    0.76977    0.55565
   0.75208    0.55489    0.72794    0.56849    0.76446    0.00334    0.39286    0.60714    0.87459    0.53101    0.59345    0.14292    0.53571    0.60906    0.89286    0.71818    0.85490    0.53547    0.74452    0.63250
   0.54768    0.37071    0.72794    0.56740    0.72563    0.00569    0.25000    0.53571    0.96630    0.64554    0.59345    0.72551    0.39286    0.67009    0.03571    0.50153    0.89948    0.53547    0.74234    0.63250
   0.75208    0.55489    0.72794    0.10714    0.72563    0.20610    0.26084    0.67857    0.74425    0.64554    0.45823    0.34619    0.10714    0.65921    0.96429    0.68991    0.85490    0.53990    0.72695    0.62633
   0.75208    0.55489    0.65615    0.75000    0.72563    0.00569    0.66704    0.95058    0.60139    0.64554    0.60766    0.47475    0.82143    0.65921    0.10714    0.50153    0.94083    0.53547    0.72566    0.62633
   0.75208    0.55489    0.70512    0.03571    0.88473    0.00569    0.95799    0.35367    0.96566    0.64554    0.59345    0.00025    0.25000    0.65878    0.17857    0.28257    0.86161    0.53547    0.74234    0.62633
   0.75208    0.71320    0.70512    0.32143    0.72563    0.46863    0.41893    0.90458    0.93655    0.64554    0.70986    0.66525    0.32143    0.65921    0.39286    0.61510    0.76529    0.53547    0.72922    0.62633
   0.54347    0.69788    0.70512    0.82143    0.72563    0.61575    0.75000    0.98344    0.86420    0.80776    0.75334    0.66525    0.96429    0.65921    0.53571    0.80523    0.87251    0.49146    0.74234    0.70083
   0.75208    0.55489    0.70512    0.46429    0.72563    0.33959    0.88765    0.48631    0.74425    0.71085    0.68756    0.53058    0.04405    0.65921    0.75000    0.61510    0.79272    0.58903    0.74234    0.70083
   0.75208    0.33921    0.70512    0.60714    0.54688    0.00569    0.75000    0.76605    0.89136    0.71085    0.72874    0.96486    0.18788    0.64755    0.32143    0.97197    0.83138    0.53547    0.74234    0.70083
   0.85802    0.55489    0.68105    0.39286    0.62165    0.00569    0.75000    0.39845    0.84077    0.71085    0.68756    0.76411    0.03571    0.65921    0.53394    0.61510    0.83138    0.53547    0.74234    0.70083
   0.75208    0.55489    0.70512    0.53571    0.70089    0.00569    0.66981    0.76605    0.74425    0.80774    0.68756    0.66525    0.19212    0.65921    0.14427    0.61510    0.84090    0.53547    0.73337    0.82692
   0.75208    0.55489    0.70512    0.17857    0.72563    0.00569    0.89846    0.96781    0.74425    0.44644    0.68756    0.66525    0.03571    0.65831    0.81561    0.61510    0.83138    0.52711    0.73337    0.70083
   0.75208    0.43060    0.70512    0.67857    0.72563    0.00569    0.75000    0.96781    0.74425    0.54516    0.65955    0.69148    0.03571    0.65921    0.64803    0.75745    0.83138    0.53547    0.73337    0.77762
   0.75208    0.55489    0.56497    0.96429    0.64455    0.00569    0.75000    0.96781    0.81969    0.71085    0.65955    0.58313    0.01520    0.66019    0.67857    0.61510    0.83138    0.53547    0.71369    0.70083
   0.40651    0.53945    0.81098    0.25000    0.64455    0.00569    0.44391    0.96195    0.74425    0.97872    0.65955    0.62332    0.04544    0.65097    0.67857    0.61510    0.83138    0.53547    0.72489    0.70083
   0.75208    0.53945    0.56424    0.89286    0.64455    0.00249    0.75000    0.96781    0.74425    0.63729    0.65955    0.66525    0.01520    0.65921    0.69944    0.53724    0.83138    0.53547    0.73337    0.70083
   0.75208    0.53945    0.70512    0.92238    0.64455    0.00569    0.75000    0.84319    0.71331    0.63729    0.65955    0.66421    0.00386    0.65921    0.63584    0.61510    0.83138    0.53547    0.73337    0.70083
   0.75208    0.53945    0.59825    0.94816    0.58088    0.00569    0.75000    0.96781    0.71162    0.63729    0.65955    0.36771    0.01520    0.82143    0.88995    0.55356    0.74030    0.53547    0.03571    0.70083
   0.41334    0.53945    0.60653    0.62443    0.67905    0.00569    0.89712    0.96781    0.71162    0.63729    0.65955    0.56895    0.01520    0.53571    0.35349    0.61510    0.83138    0.53547    0.17857    0.70083
   0.57866    0.53772    0.63592    0.56492    0.71013    0.00569    0.75000    0.85904    0.71162    0.53997    0.62998    0.62614    0.01520    0.32143    0.78778    0.61510    0.83138    0.52434    0.75000    0.57667
   0.72102    0.40661    0.67054    0.56492    0.64455    0.00569    0.75000    0.96781    0.64642    0.63729    0.65955    0.50000    0.01520    0.96429    0.67857    0.61510    0.83138    0.56426    0.32143    0.64452
   0.44454    0.53945    0.67054    0.71421    0.64455    0.00569    0.75000    0.98687    0.77812    0.63729    0.65955    0.62614    0.01520    0.60714    0.41938    0.61510    0.91067    0.55986    0.60714    0.66341
   0.72102    0.52293    0.67054    0.64262    0.64455    0.00569    0.87481    0.96781    0.76665    0.71735    0.65621    0.62614    0.00358    0.25000    0.90496    0.61510    0.83138    0.55986    0.53571    0.64452
   0.72102    0.52293    0.67054    0.48888    0.64455    0.00569    0.87242    0.77528    0.71162    0.50163    0.67242    0.61425    0.14038    0.89286    0.67857    0.61510    0.86147    0.59166    0.89286    0.64452
   0.66176    0.68142    0.63751    0.69373    0.61752    0.00569    0.81050    0.77132    0.77122    0.67248    0.66456    0.56008    0.09547    0.10714    0.67857    0.64666    0.86004    0.59166    0.10714    0.63883
   0.43632    0.68142    0.67054    0.56492    0.64455    0.24701    0.81050    0.88344    0.68796    0.65456    0.65955    0.78154    0.09446    0.75000    0.67857    0.61510    0.86004    0.59166    0.46429    0.64452
   0.72102    0.59787    0.67054    0.51962    0.64455    0.07631    0.81050    0.94630    0.71162    0.56736    0.67222    0.70029    0.09446    0.39286    0.67857    0.61510    0.86004    0.59166    0.39286    0.64452
   0.72102    0.61200    0.67054    0.56492    0.67501    0.07256    0.81050    0.76183    0.73545    0.56736    0.65955    0.70029    0.09446    0.03571    0.73392    0.61510    0.86004    0.59166    0.67857    0.64452
   0.72102    0.59787    0.67054    0.30875    0.67501    0.00569    0.76366    0.76183    0.71162    0.56736    0.66649    0.71969    0.19923    0.67857    0.67857    0.61510    0.86004    0.62336    0.25000    0.64452
   0.99159    0.59787    0.65546    0.65813    0.67501    0.14667    0.76366    0.76183    0.71162    0.56736    0.66649    0.70029    0.09446    0.46429    0.34384    0.61510    0.86004    0.59166    0.82143    0.65540
   0.72102    0.59787    0.65521    0.56492    0.70185    0.16303    0.68669    0.76183    0.66725    0.45499    0.66649    0.65395    0.09446    0.17857    0.93624    0.61510    0.88838    0.59166    0.96429    0.61453
   0.50809    0.60358    0.65571    0.56492    0.67501    0.09121    0.76366    0.76183    0.70534    0.56736    0.67424    0.68210    0.41487    0.25528    0.67857    0.57139    0.84599    0.59166    0.04859    0.64452
   0.72102    0.59787    0.67054    0.80357    0.67501    0.09121    0.76366    0.76183    0.71162    0.56736    0.67337    0.68210    0.25105    0.47404    0.67857    0.68121    0.85365    0.59166    0.45267    0.64452
   0.59259    0.59787    0.70796    0.42045    0.67228    0.09121    0.80080    0.74597    0.74422    0.56736    0.67337    0.68210    0.09446    0.03850    0.64199    0.61510    0.84599    0.58799    0.28112    0.64452
   0.72102    0.59787    0.67054    0.65640    0.67501    0.22512    0.80080    0.74597    0.74422    0.56736    0.67337    0.68210    0.12537    0.38036    0.55113    0.61510    0.84599    0.59166    0.45267    0.64452
   0.63022    0.60173    0.65458    0.42045    0.64900    0.22787    0.66531    0.87168    0.74098    0.56736    0.67337    0.68210    0.13165    0.03123    0.67857    0.61510    0.84599    0.59166    0.95065    0.64452
   0.67960    0.59787    0.67394    0.42045    0.68438    0.18879    0.76087    0.74597    0.74098    0.58843    0.67337    0.68210    0.18479    0.02182    0.67857    0.61510    0.84599    0.56829    0.71980    0.64452
   0.99332    0.59787    0.69074    0.37249    0.70220    0.09121    0.79592    0.66794    0.82985    0.56736    0.67337    0.76748    0.19027    0.28144    0.34771    0.61510    0.84599    0.59166    0.54708    0.64452
   0.72102    0.59787    0.67394    0.42045    0.70220    0.09121    0.82428    0.78268    0.74098    0.56736    0.67337    0.74293    0.12537    0.28144    0.52385    0.59672    0.84599    0.59166    0.47066    0.65022
   0.72102    0.59787    0.68206    0.42045    0.68948    0.05196    0.79592    0.87906    0.74098    0.60803    0.66736    0.68210    0.12537    0.33682    0.65631    0.61510    0.84599    0.59166    0.40463    0.65022
   0.61170    0.59787    0.67394    0.42045    0.68948    0.08260    0.85747    0.76192    0.79832    0.58710    0.66991    0.68210    0.12537    0.28144    0.65631    0.61510    0.84599    0.59166    0.47066    0.39286
   0.61170    0.58778    0.68647    0.42045    0.68948    0.09121    0.79592    0.78268    0.78647    0.59324    0.67337    0.70762    0.10667    0.28144    0.49977    0.61510    0.84231    0.59166    0.47066    0.75000
   0.26747    0.59787    0.67394    0.48410    0.68948    0.09121    0.79592    0.78268    0.76376    0.60803    0.67337    0.68210    0.11077    0.24610    0.58128    0.61510    0.86616    0.60573    0.47066    0.82143
   0.61170    0.59787    0.67394    0.48410    0.68948    0.09121    0.93627    0.78268    0.74098    0.60803    0.03571    0.68210    0.07152    0.28144    0.57995    0.61510    0.84599    0.60573    0.24746    0.53571
   0.66736    0.75689    0.67400    0.62524    0.68294    0.09121    0.79592    0.92788    0.74098    0.58714    0.89286    0.68210    0.11077    0.28144    0.65631    0.61510    0.84847    0.60573    0.47066    0.10714
   0.61170    0.65695    0.67394    0.71021    0.68948    0.19570    0.79592    0.78268    0.74098    0.60803    0.60714    0.68210    0.11077    0.28144    0.65631    0.61510    0.84599    0.60573    0.47066    0.96429
   0.61170    0.59787    0.67394    0.85178    0.68948    0.00146    0.79592    0.78268    0.74098    0.60803    0.82143    0.68210    0.11077    0.28144    0.65631    0.61510    0.85385    0.59938    0.47066    0.67857
   0.48958    0.62854    0.67394    0.76430    0.68948    0.04256    0.75192    0.78268    0.74098    0.60803    0.67857    0.69276    0.11077    0.52002    0.55215    0.61510    0.84599    0.60573    0.16981    0.32143
   0.61170    0.59787    0.96429    0.80664    0.68948    0.06645    0.79592    0.78268    0.74098    0.59730    0.53571    0.69276    0.18346    0.40519    0.61442    0.46544    0.84599    0.60573    0.16981    0.03571
   0.61170    0.59787    0.53571    0.76430    0.68948    0.04256    0.79592    0.78268    0.74098    0.60803    0.75000    0.73759    0.13388    0.28144    0.61442    0.61510    0.60714    0.60573    0.06702    0.89286
   0.48741    0.68179    0.32143    0.76430    0.68948    0.04256    0.79592    0.75374    0.74098    0.60803    0.25000    0.69276    0.13388    0.28144    0.61442    0.55304    0.75000    0.60716    0.02854    0.46429
   0.61170    0.59787    0.89286    0.76430    0.68948    0.04256    0.82522    0.78268    0.74098    0.60178    0.46429    0.69276    0.13388    0.28144    0.61442    0.55304    0.96429    0.60716    0.02854    0.17857
   0.61170    0.59787    0.25000    0.76430    0.39286    0.04256    0.79592    0.78268    0.77812    0.59331    0.32143    0.70250    0.19087    0.04786    0.59466    0.55304    0.82143    0.60716    0.02854    0.25000
   0.61170    0.59787    0.39286    0.97611    0.75000    0.04256    0.79592    0.78268    0.74098    0.82143    0.17857    0.60306    0.13388    0.15449    0.61442    0.55304    0.89286    0.60716    0.02854    0.60714
   0.89632    0.59787    0.17857    0.76430    0.82143    0.04256    0.79592    0.78268    0.75333    0.75000    0.39286    0.66262    0.13388    0.21990    0.61442    0.55304    0.32143    0.60716    0.00057    0.92981
   0.61170    0.59787    0.82143    0.83935    0.46429    0.04256    0.77530    0.78268    0.75333    0.03571    0.10714    0.65392    0.13388    0.44571    0.61442    0.55304    0.53571    0.60716    0.00057    0.75000
   0.62773    0.59787    0.60714    0.76430    0.10714    0.04256    0.78907    0.77414    0.75333    0.46429    0.96429    0.65392    0.17299    0.28144    0.61442    0.50234    0.46429    0.60716    0.00057    0.98447
   0.62773    0.59787    0.75000    0.76430    0.03571    0.04256    0.79592    0.77739    0.75333    0.32143    0.99607    0.60043    0.17299    0.28144    0.61442    0.61363    0.67857    0.60716    0.00057    0.66283
   0.62773    0.59787    0.10714    0.73256    0.67857    0.04256    0.79592    0.78268    0.75333    0.89286    0.47458    0.65392    0.17299    0.28144    0.61442    0.57957    0.10714    0.61381    0.00057    0.56328
   0.62773    0.59787    0.67857    0.73256    0.32143    0.08230    0.79592    0.78268    0.75333    0.39286    0.60714    0.65392    0.17299    0.28144    0.61442    0.57957    0.17857    0.61381    0.00057    0.25163
   0.62773    0.59787    0.46429    0.58013    0.96429    0.05543    0.78991    0.75500    0.78545    0.60714    0.34256    0.61406    0.17299    0.28144    0.61442    0.57957    0.03571    0.64932    0.00057    0.79409
   0.62773    0.45531    0.03571    0.73256    0.89286    0.05543    0.79592    0.77222    0.78545    0.10714    0.68579    0.61406    0.17299    0.21191    0.53225    0.57957    0.25000    0.64932    0.00057    0.66283
   0.49857    0.59787    0.59672    0.65662    0.53571    0.05543    0.79592    0.76235    0.76624    0.67857    0.96530    0.61406    0.17299    0.21191    0.58245    0.61450    0.39286    0.64932    0.00057    0.66283
   0.62773    0.59787    0.56598    0.74392    0.17857    0.05543    0.79592    0.77222    0.76624    0.53571    0.71897    0.61406    0.22033    0.15780    0.61442    0.61450    0.31823    0.64932    0.49383    0.66283
   0.62773    0.59787    0.12509    0.73256    0.25000    0.05071    0.79592    0.78987    0.76624    0.96429    0.69467    0.61406    0.14562    0.27282    0.61442    0.61450    0.74056    0.64932    0.31801    0.62439
   0.62773    0.73834    0.33981    0.73256    0.60714    0.07213    0.79931    0.77222    0.76624    0.25000    0.51721    0.61406    0.15004    0.27282    0.61442    0.67472    0.99411    0.64932    0.00057    0.87174
   0.62773    0.59787    0.01878    0.73256    0.66455    0.07213    0.79592    0.77222    0.76624    0.17857    0.56861    0.61406    0.14562    0.23963    0.65557    0.67472    0.96429    0.64932    0.00057    0.87174
   0.62773    0.59787    0.25000    0.73256    0.96429    0.04806    0.79592    0.76360    0.76624    0.76516    0.73240    0.61406    0.14562    0.23963    0.61442    0.65201    0.38555    0.64932    0.00057    0.87174
   0.62773    0.66236    0.25000    0.65907    0.96429    0.06069    0.79592    0.75901    0.76624    0.42228    0.69467    0.61406    0.14562    0.23963    0.61442    0.74997    0.87337    0.64932    0.00057    0.87174
   0.57206    0.59787    0.05504    0.79270    0.96429    0.07213    0.79592    0.77222    0.76624    0.60495    0.49894    0.61406    0.14562    0.23963    0.61442    0.74997    0.98524    0.64932    0.00057    0.87174
   0.62773    0.59787    0.13821    0.73256    0.55491    0.07213    0.79592    0.77222    0.76624    0.42228    0.79679    0.61406    0.14562    0.23963    0.61442    0.74997    0.96429    0.64932    0.00057    0.22983
   0.62773    0.59787    0.36465    0.73256    0.96429    0.07213    0.79592    0.77222    0.76624    0.42228    0.65685    0.61406    0.14562    0.23963    0.61442    0.74997    0.96429    0.72615    0.00057    0.54318
   0.62773    0.53905    0.14202    0.73256    0.79710    0.07213    0.79592    0.77439    0.76624    0.03078    0.65685    0.46967    0.15782    0.23963    0.61442    0.74997    0.96429    0.64932    0.16855    0.22983
   0.62773    0.59787    0.22503    0.69755    0.98307    0.07213    0.79548    0.77222    0.76624    0.50603    0.88453    0.61406    0.15118    0.18882    0.63383    0.74997    0.96429    0.68940    0.00057    0.22983
   0.62773    0.59787    0.14202    0.75691    0.99129    0.05797    0.79592    0.77222    0.76624    0.42228    0.65685    0.61406    0.14808    0.03806    0.61442    0.71260    0.91835    0.46429    0.00057    0.22983
   0.65570    0.59787    0.14202    0.73256    0.96429    0.05797    0.39286    0.75000    0.76624    0.96538    0.65685    0.61406    0.14562    0.03806    0.61442    0.73398    0.96429    0.17857    0.11567    0.22983
   0.62773    0.67506    0.14202    0.73256    0.99926    0.06498    0.96429    0.32143    0.76624    0.42228    0.65685    0.61406    0.14562    0.03806    0.61442    0.74997    0.96429    0.03571    0.00057    0.22983
   0.62773    0.59787    0.14202    0.71558    0.90326    0.05797    0.53571    0.89286    0.80018    0.75224    0.65685    0.56004    0.14562    0.03806    0.61442    0.74997    0.96429    0.10714    0.00057    0.22983
   0.62773    0.63583    0.02149    0.73256    0.96429    0.05797    0.17857    0.03571    0.78356    0.42228    0.65685    0.58715    0.14562    0.03806    0.61442    0.74997    0.96429    0.60714    0.00057    0.22983
   0.60058    0.63583    0.14202    0.73256    0.96429    0.05797    0.67857    0.53571    0.80018    0.42228    0.65685    0.59994    0.14562    0.03806    0.61442    0.74172    0.96429    0.32143    0.00057    0.22983
   0.62773    0.63583    0.14202    0.71508    0.96429    0.06249    0.89286    0.39286    0.80018    0.42228    0.65685    0.58715    0.13167    0.03806    0.61442    0.78303    0.67950    0.75000    0.00057    0.53072
   0.62773    0.63583    0.17904    0.71508    0.99590    0.05797    0.75000    0.82143    0.80018    0.42228    0.65685    0.58715    0.13167    0.03806    0.61442    0.74997    0.81177    0.25000    0.00057    0.22983
   0.62773    0.67455    0.17904    0.71508    0.96429    0.05797    0.25000    0.17857    0.80018    0.42228    0.65685    0.58715    0.13167    0.03806    0.61442    0.74997    0.88967    0.67857    0.00057    0.22983
   0.62773    0.63583    0.17904    0.71508    0.96429    0.05797    0.10714    0.60714    0.80018    0.42228    0.65685    0.58715    0.13167    0.03806    0.61442    0.74997    0.96429    0.39286    0.00057    0.38023
   0.62773    0.63583    0.17904    0.71508    0.96429    0.05797    0.32143    0.46429    0.80018    0.42228    0.74735    0.58715    0.13167    0.03806    0.10714    0.74997    0.96429    0.89286    0.00057    0.22983
   0.62773    0.63583    0.17904    0.69876    0.96429    0.05797    0.82143    0.96429    0.78354    0.42228    0.65685    0.52524    0.13167    0.13455    0.46429    0.74997    0.96429    0.96429    0.00057    0.22983
