   0.45833    0.70833    0.70833    0.29167    0.45833    0.62500    0.70833    0.87500    0.95833    0.29167    0.12500    0.70833    0.62500    0.29167    0.20833    0.95833    0.70833    0.95833    0.70833    0.20833
   0.79167    0.45833    0.95833    0.20833    0.87500    0.20833    0.54167    0.45833    0.79167    0.87500    0.79167    0.87500    0.45833    0.62500    0.87500    0.45833    0.45833    0.12500    0.62500    0.54167
   0.29167    0.62500    0.20833    0.12500    0.70833    0.12500    0.95833    0.20833    0.54167    0.79167    0.54167    0.04167    0.87500    0.04167    0.37500    0.70833    0.20833    0.54167    0.12500    0.62500
   0.62500    0.04167    0.87500    0.45833    0.04167    0.45833    0.79167    0.70833    0.87500    0.54167    0.70833    0.79167    0.04167    0.87500    0.45833    0.87500    0.12500    0.62500    0.04167    0.29167
   0.12500    0.79167    0.45833    0.62500    0.79167    0.70833    0.62500    0.04167    0.37500    0.95833    0.62500    0.45833    0.20833    0.20833    0.04167    0.62500    0.95833    0.70833    0.45833    0.12500
   0.95833    0.12500    0.37500    0.95833    0.62500    0.95833    0.87500    0.62500    0.29167    0.62500    0.04167    0.37500    0.70833    0.45833    0.29167    0.20833    0.37500    0.20833    0.79167    0.95833
   0.04167    0.87500    0.62500    0.04167    0.37500    0.04167    0.12500    0.37500    0.70833    0.37500    0.95833    0.62500    0.29167    0.54167    0.70833    0.79167    0.62500    0.79167    0.20833    0.04167
   0.87500    0.20833    0.54167    0.37500    0.20833    0.29167    0.37500    0.95833    0.62500    0.04167    0.37500    0.54167    0.79167    0.79167    0.95833    0.37500    0.04167    0.29167    0.54167    0.87500
   0.37500    0.95833    0.12500    0.54167    0.95833    0.54167    0.20833    0.29167    0.12500    0.45833    0.29167    0.20833    0.95833    0.12500    0.54167    0.12500    0.87500    0.37500    0.95833    0.70833
   0.70833    0.37500    0.79167    0.87500    0.29167    0.87500    0.04167    0.79167    0.45833    0.20833    0.45833    0.95833    0.12500    0.95833    0.62500    0.29167    0.79167    0.45833    0.87500    0.37500
   0.20833    0.54167    0.04167    0.79167    0.12500    0.79167    0.45833    0.54167    0.20833    0.12500    0.20833    0.12500    0.54167    0.37500    0.12500    0.54167    0.54167    0.87500    0.37500    0.45833
   0.54167    0.29167    0.29167    0.70833    0.54167    0.37500    0.29167    0.12500    0.04167    0.70833    0.87500    0.29167    0.37500    0.70833    0.79167    0.04167    0.29167    0.04167    0.29167    0.79167
   0.09656    0.27696    0.50160    0.36477    0.66770    0.34270    0.06557    0.37751    0.97905    0.12515    0.01408    0.96345    0.99611    0.39939    0.85385    0.79841    0.08578    0.35231    0.00909    0.02588
   0.20833    0.07425    0.38382    0.19451    0.00126    0.78706    0.10649    0.50935    0.87500    0.08629    0.04167    0.93198    0.67334    0.39658    0.75631    0.23517    0.00575    0.62802    0.09625    0.04134
   0.00464    0.00517    0.02579    0.19451    0.88359    0.33018    0.03119    0.90393    0.98211    0.32691    0.00798    0.61189    0.79882    0.99677    0.56442    0.44379    0.40408    0.39001    0.00911    0.61451
   0.00198    0.12366    0.38382    0.31403    0.96360    0.79092    0.02142    0.65798    0.90535    0.29167    0.01500    0.65256    0.87249    0.41609    0.45944    0.44379    0.35640    0.54167    0.16867    0.29301
   0.00464    0.04167    0.65203    0.19451    0.21333    0.79263    0.10649    0.35633    0.38400    0.50430    0.13372    0.21367    0.49331    0.78027    0.26317    0.44379    0.96192    0.69262    0.67458    0.35486
   0.04705    0.08622    0.08954    0.10269    0.45572    0.39375    0.24084    0.24342    0.97331    0.38135    0.30628    0.35741    0.89730    0.41609    0.76137    0.64694    0.40408    0.12067    0.40578    0.45833
   0.25541    0.00847    0.57783    0.13775    0.71710    0.61238    0.23591    0.45125    0.73520    0.18828    0.01500    0.58208    0.87500    0.48694    0.56442    0.41633    0.30948    0.33807    0.49056    0.45143
   0.00464    0.06676    0.49345    0.00446    0.45572    0.62500    0.06469    0.54307    0.69601    0.25900    0.00274    0.59275    0.87500    0.48694    0.56442    0.44379    0.40881    0.53280    0.49056    0.45833
   0.04794    0.38764    0.99672    0.00078    0.70926    0.69881    0.07578    0.41595    0.69601    0.00468    0.01387    0.59275    0.93835    0.04974    0.32861    0.25033    0.26189    0.72305    0.49056    0.25621
   0.11703    0.46619    0.56219    0.00446    0.75243    0.60147    0.06469    0.85555    0.69601    0.45791    0.00274    0.21122    0.63637    0.83972    0.56442    0.41768    0.40657    0.44027    0.58713    0.00500
   0.08366    0.36751    0.57783    0.00446    0.45572    0.50079    0.01845    0.45453    0.69601    0.25900    0.00274    0.46278    0.87500    0.51564    0.71585    0.37792    0.37614    0.54167    0.29545    0.00500
   0.04904    0.34708    0.57783    0.00446    0.45572    0.64511    0.06469    0.37446    0.69601    0.25900    0.00274    0.57022    0.82931    0.51564    0.59231    0.44379    0.37614    0.54167    0.49056    0.00500
   0.08366    0.21006    0.81131    0.40557    0.66272    0.26630    0.06469    0.00032    0.79610    0.00079    0.12163    0.98709    0.63489    0.88892    0.75451    0.93535    0.44630    0.54167    0.71951    0.00500
   0.08366    0.21845    0.48489    0.19104    0.00715    0.01560    0.06469    0.39212    0.69601    0.39425    0.00274    0.59275    0.49606    0.51564    0.22942    0.52134    0.37614    0.58850    0.49056    0.00500
   0.16362    0.26852    0.52592    0.10882    0.31918    0.26630    0.06469    0.45453    0.69601    0.39425    0.12958    0.64325    0.39536    0.51564    0.07308    0.40541    0.37614    0.54167    0.49056    0.17090
   0.16362    0.34708    0.57783    0.04378    0.45572    0.19943    0.06469    0.45453    0.69601    0.39425    0.05227    0.59275    0.31552    0.51564    0.34743    0.46355    0.34470    0.54167    0.54479    0.00500
   0.44338    0.81823    0.57783    0.04378    0.45572    0.26630    0.32251    0.04346    0.81053    0.39425    0.65744    0.60665    0.39536    0.31945    0.22942    0.44396    0.36075    0.48793    0.49056    0.13391
   0.24025    0.34708    0.86352    0.04378    0.45558    0.26630    0.40493    0.00434    0.61120    0.39425    0.39944    0.59873    0.39536    0.30107    0.12456    0.87309    0.52960    0.54167    0.49056    0.01893
   0.24025    0.34708    0.57783    0.04378    0.45572    0.26630    0.46079    0.45453    0.65746    0.36822    0.36652    0.62867    0.39536    0.51564    0.10680    0.52134    0.34470    0.54167    0.46675    0.05675
   0.24025    0.34708    0.57783    0.04378    0.45572    0.25148    0.32251    0.45453    0.65776    0.36822    0.12958    0.59873    0.39536    0.51564    0.30864    0.57685    0.34391    0.54167    0.46675    0.13391
   0.25192    0.44334    0.45246    0.10840    0.45572    0.39432    0.54213    0.78425    0.65776    0.36822    0.27096    0.79528    0.46160    0.35542    0.25623    0.52134    0.34470    0.43163    0.46675    0.24201
   0.24025    0.34708    0.45246    0.04378    0.89241    0.29595    0.22309    0.18989    0.64085    0.36822    0.30936    0.33266    0.39536    0.51564    0.56675    0.48018    0.34470    0.28280    0.36977    0.13391
   0.24025    0.34985    0.53477    0.03106    0.41879    0.17010    0.39127    0.45453    0.65776    0.36822    0.27482    0.46053    0.39536    0.54918    0.25935    0.52134    0.39805    0.28280    0.46675    0.13391
   0.24025    0.36123    0.53477    0.08063    0.45572    0.26630    0.29521    0.45453    0.65776    0.36822    0.30540    0.55032    0.39536    0.54918    0.30864    0.52134    0.37179    0.28280    0.46675    0.13391
   0.59537    0.55878    0.74926    0.13022    0.16783    0.48690    0.29521    0.45453    0.59389    0.36822    0.39498    0.42547    0.39536    0.30520    0.30864    0.51766    0.47587    0.32126    0.46675    0.04185
   0.39012    0.60437    0.51269    0.04378    0.37406    0.39563    0.36506    0.15684    0.54199    0.42207    0.56285    0.22164    0.39536    0.54918    0.30864    0.52134    0.48114    0.37200    0.46675    0.25121
   0.51564    0.48699    0.59328    0.04378    0.32677    0.35961    0.61801    0.54137    0.59389    0.36822    0.34791    0.31991    0.39536    0.27019    0.30864    0.56503    0.37179    0.28280    0.46675    0.13391
   0.38871    0.60437    0.56295    0.04378    0.31882    0.35961    0.31725    0.54137    0.54504    0.36822    0.30540    0.42547    0.39536    0.52655    0.30864    0.50381    0.37179    0.28280    0.46675    0.13391
   0.61560    0.70831    0.34580    0.07910    0.37406    0.45671    0.36062    0.57448    0.54504    0.36822    0.30540    0.42547    0.79684    0.83607    0.30864    0.52134    0.29182    0.27097    0.46675    0.13391
   0.39012    0.60437    0.56295    0.22287    0.37406    0.45128    0.18431    0.84130    0.46104    0.19337    0.30540    0.42547    0.53831    0.22982    0.28942    0.52134    0.28451    0.24253    0.46675    0.15664
   0.30532    0.50857    0.56295    0.11260    0.31721    0.39877    0.24166    0.54137    0.41410    0.32494    0.27440    0.42547    0.42858    0.42844    0.30864    0.52134    0.16122    0.34679    0.46675    0.12693
   0.39012    0.50857    0.56295    0.11260    0.37406    0.39877    0.19316    0.54137    0.51110    0.36822    0.35692    0.42547    0.39536    0.48164    0.31095    0.49448    0.24794    0.28280    0.46675    0.12021
   0.39012    0.50857    0.75173    0.11260    0.57259    0.39877    0.18431    0.38983    0.51110    0.71583    0.30540    0.42547    0.15639    0.48164    0.41686    0.57234    0.24794    0.28280    0.47376    0.10190
   0.39012    0.50857    0.56295    0.11260    0.37406    0.39877    0.18431    0.54137    0.51110    0.61381    0.25633    0.42547    0.11495    0.31180    0.15104    0.55182    0.19699    0.28688    0.46675    0.12693
   0.39012    0.50857    0.56295    0.11260    0.32097    0.39877    0.18431    0.54137    0.38529    0.49112    0.30540    0.42547    0.28108    0.31485    0.29020    0.52134    0.24794    0.28280    0.46675    0.12693
   0.39012    0.50857    0.56295    0.11260    0.37406    0.40221    0.18431    0.54137    0.48327    0.43760    0.28261    0.42547    0.31508    0.43537    0.29020    0.52134    0.24794    0.28280    0.46675    0.12693
   0.39012    0.50857    0.59284    0.18865    0.55174    0.58408    0.18431    0.54137    0.36841    0.66970    0.30540    0.55222    0.27400    0.43537    0.21152    0.52134    0.39010    0.24302    0.51451    0.14801
   0.39012    0.37668    0.56295    0.27555    0.37406    0.33662    0.18431    0.54137    0.45633    0.75254    0.32816    0.54711    0.04305    0.61744    0.24330    0.52134    0.22147    0.31798    0.44177    0.14660
   0.39012    0.42001    0.56295    0.21766    0.37406    0.42180    0.20628    0.54137    0.45633    0.43760    0.30540    0.46867    0.31508    0.37813    0.25577    0.52134    0.24794    0.29355    0.41682    0.13809
   0.39012    0.37668    0.62390    0.21766    0.33827    0.40366    0.18431    0.54137    0.48445    0.43760    0.30540    0.46867    0.31508    0.41011    0.27454    0.52134    0.28027    0.28833    0.43634    0.13140
   0.26658    0.12646    0.46784    0.29170    0.19942    0.40366    0.18431    0.54137    0.44414    0.40148    0.36750    0.05805    0.17473    0.24763    0.29288    0.51688    0.35327    0.28280    0.43634    0.10842
   0.39012    0.37668    0.42711    0.21766    0.57634    0.40366    0.18431    0.87798    0.45633    0.54493    0.24709    0.46867    0.28975    0.28694    0.21185    0.51035    0.31157    0.28303    0.43634    0.12693
   0.31946    0.26557    0.55229    0.21015    0.25166    0.40366    0.18431    0.47258    0.45633    0.49780    0.27055    0.52184    0.35844    0.44480    0.27086    0.51035    0.28027    0.29802    0.43526    0.12693
   0.35834    0.32018    0.52955    0.21766    0.35145    0.39808    0.18431    0.50852    0.45633    0.43760    0.31961    0.49069    0.29285    0.42480    0.29288    0.50578    0.28027    0.28280    0.43634    0.12911
   0.31946    0.37668    0.52955    0.27577    0.33827    0.26439    0.18431    0.07331    0.52349    0.09125    0.30850    0.19928    0.31508    0.31967    0.32246    0.52409    0.26743    0.28280    0.43634    0.11923
   0.20318    0.49268    0.53056    0.26098    0.50332    0.18607    0.31119    0.16950    0.38736    0.12753    0.30540    0.49069    0.31508    0.44480    0.29288    0.51035    0.28027    0.28280    0.41044    0.12496
   0.20318    0.37668    0.52955    0.21766    0.29976    0.32319    0.24928    0.35332    0.43354    0.43760    0.30540    0.55317    0.34026    0.44480    0.29288    0.51035    0.29365    0.28597    0.41772    0.12911
   0.20318    0.36045    0.54469    0.21766    0.31464    0.28546    0.22080    0.21545    0.45633    0.45997    0.30540    0.49069    0.31508    0.47229    0.29288    0.51035    0.27283    0.28563    0.43202    0.12911
   0.06592    0.36045    0.44080    0.14322    0.20883    0.26439    0.35403    0.21545    0.45633    0.43760    0.30540    0.20318    0.36471    0.44480    0.25796    0.51035    0.28027    0.29381    0.39051    0.11619
   0.03561    0.28112    0.52955    0.19080    0.29976    0.26439    0.32129    0.21545    0.30291    0.39253    0.30540    0.49069    0.31508    0.44480    0.25356    0.51035    0.30876    0.29381    0.45910    0.12911
   0.02302    0.32081    0.51012    0.20232    0.25088    0.26439    0.32682    0.21545    0.38149    0.43760    0.29815    0.49069    0.28539    0.44480    0.29051    0.51035    0.28027    0.29910    0.45344    0.13788
   0.12217    0.36045    0.51012    0.20992    0.30657    0.28517    0.32682    0.21545    0.41399    0.43760    0.29815    0.49069    0.33034    0.45257    0.29051    0.51264    0.28027    0.30259    0.44812    0.13690
   0.06592    0.36045    0.52616    0.23809    0.29976    0.28517    0.48141    0.21545    0.38149    0.56260    0.28025    0.99184    0.31508    0.51925    0.25635    0.49440    0.28027    0.29371    0.43634    0.14429
   0.01539    0.36045    0.51012    0.19246    0.28715    0.29940    0.39757    0.21545    0.44967    0.28436    0.30941    0.64530    0.25226    0.44480    0.22076    0.51035    0.27857    0.29548    0.43531    0.13788
   0.01539    0.34775    0.51012    0.20992    0.30249    0.28517    0.28296    0.21545    0.36433    0.43760    0.30155    0.49069    0.31508    0.49898    0.22076    0.49591    0.27386    0.29548    0.44377    0.62500
   0.04938    0.36045    0.50863    0.20992    0.29976    0.28517    0.32682    0.21545    0.38149    0.43760    0.30540    0.49069    0.31508    0.48341    0.22076    0.51378    0.27386    0.29773    0.44495    0.54167
   0.01539    0.36045    0.50863    0.20992    0.29976    0.28517    0.39708    0.21545    0.31611    0.40551    0.30620    0.35084    0.27315    0.48341    0.22076    0.51378    0.27386    0.79167    0.43351    0.79167
   0.01539    0.41905    0.50863    0.20588    0.35142    0.28517    0.35484    0.19011    0.38149    0.51775    0.29815    0.49069    0.31508    0.48341    0.15192    0.51492    0.25587    0.12500    0.43634    0.95833
   0.11521    0.33688    0.50863    0.20017    0.28627    0.30024    0.36477    0.31346    0.40607    0.48200    0.29907    0.50494    0.31508    0.48341    0.24542    0.50961    0.27386    0.70833    0.44011    0.12500
   0.11521    0.36045    0.50863    0.21037    0.31594    0.28517    0.36477    0.21545    0.38149    0.43760    0.30304    0.49069    0.28897    0.48341    0.22076    0.51492    0.27386    0.62500    0.44011    0.70833
   0.11521    0.40887    0.47388    0.21037    0.27263    0.30891    0.36477    0.21545    0.38149    0.43760    0.29815    0.74008    0.20327    0.37866    0.22076    0.51492    0.27386    0.04167    0.43191    0.29167
   0.20664    0.34426    0.50863    0.20536    0.29976    0.28517    0.36076    0.31734    0.29509    0.43760    0.20833    0.35322    0.28897    0.52487    0.23362    0.50997    0.27234    0.54167    0.44011    0.87500
   0.11521    0.36045    0.50152    0.20534    0.29976    0.29670    0.36477    0.26560    0.40721    0.43760    0.62500    0.49069    0.28897    0.46728    0.22076    0.50997    0.27386    0.45833    0.44677    0.04167
   0.11521    0.36167    0.50468    0.20844    0.28120    0.28517    0.36477    0.25637    0.39727    0.43760    0.54167    0.49069    0.28897    0.47695    0.22076    0.50997    0.27410    0.95833    0.44011    0.20833
   0.18042    0.38458    0.50863    0.45833    0.24777    0.26575    0.37702    0.25637    0.34143    0.37900    0.70833    0.49069    0.28897    0.45813    0.19006    0.50997    0.27410    0.37500    0.44011    0.45833
   0.11521    0.36045    0.50863    0.70833    0.26751    0.28087    0.34070    0.25637    0.38149    0.53479    0.04167    0.73095    0.29534    0.35361    0.17335    0.49337    0.27410    0.29167    0.44011    0.37500
   0.07625    0.36045    0.50863    0.37500    0.28120    0.28517    0.36477    0.25637    0.35763    0.43760    0.87500    0.45802    0.30816    0.44553    0.20392    0.49337    0.27374    0.87500    0.44284    0.43195
   0.09221    0.36045    0.50863    0.20833    0.28120    0.28517    0.37223    0.25637    0.38149    0.43760    0.12500    0.47954    0.28893    0.44789    0.20044    0.49337    0.27374    0.20833    0.44284    0.87086
   0.07625    0.36045    0.50863    0.04167    0.31770    0.27139    0.38807    0.43871    0.38149    0.32095    0.95833    0.33400    0.25499    0.45813    0.19006    0.45636    0.62500    0.84539    0.44284    0.35423
   0.07625    0.36045    0.50934    0.87500    0.28120    0.29140    0.37765    0.28158    0.37355    0.37196    0.29167    0.37616    0.27822    0.40274    0.19006    0.45636    0.95833    0.99215    0.44920    0.56042
   0.04608    0.36045    0.50979    0.12500    0.27733    0.28769    0.37223    0.25637    0.38149    0.38353    0.45833    0.47954    0.27822    0.40274    0.19546    0.45283    0.45833    0.52113    0.95833    0.99681
   0.07625    0.36120    0.50863    0.95833    0.28885    0.28517    0.37043    0.25637    0.37940    0.40989    0.37500    0.47954    0.27822    0.40772    0.19006    0.38615    0.12500    0.62500    0.29167    0.40677
   0.08347    0.37892    0.50863    0.79167    0.25864    0.28517    0.41467    0.25637    0.37940    0.40989    0.79167    0.22070    0.27822    0.37039    0.21057    0.30965    0.20833    0.62500    0.45833    0.38826
   0.07625    0.35056    0.50863    0.62500    0.28120    0.28579    0.37223    0.25637    0.39367    0.37491    0.27344    0.35782    0.26760    0.40274    0.19994    0.36599    0.29167    0.74819    0.20833    0.39669
   0.07625    0.36045    0.50863    0.29167    0.28120    0.28886    0.37223    0.29132    0.37940    0.40989    0.80569    0.39700    0.29502    0.43293    0.19552    0.36599    0.70833    0.56970    0.37500    0.09699
   0.07062    0.36045    0.50791    0.54167    0.28120    0.28834    0.37223    0.29132    0.37940    0.40989    0.50503    0.47954    0.28061    0.40274    0.37500    0.30587    0.79167    0.69680    0.87500    0.41630
   0.07062    0.36045    0.20833    0.86634    0.29947    0.29579    0.37223    0.29132    0.37940    0.32178    0.29167    0.30385    0.28061    0.40274    0.04167    0.28059    0.87500    0.62500    0.12500    0.39669
   0.07062    0.36045    0.87500    0.54733    0.26626    0.28834    0.37223    0.32913    0.39554    0.40933    0.29167    0.47954    0.26250    0.39462    0.12500    0.54750    0.54167    0.62500    0.62500    0.39669
   0.08244    0.37475    0.45833    0.30506    0.04167    0.28834    0.37539    0.30541    0.37940    0.37169    0.31119    0.46007    0.28845    0.40274    0.20833    0.41197    0.04167    0.53692    0.79167    0.74556
   0.07576    0.36045    0.62500    0.39710    0.87500    0.28834    0.37223    0.29132    0.37940    0.35950    0.13594    0.47348    0.28235    0.39968    0.29167    0.36441    0.37500    0.53692    0.54167    0.39669
   0.07576    0.33585    0.04167    0.84071    0.20833    0.29976    0.35504    0.32894    0.37940    0.31297    0.31119    0.47348    0.28061    0.39968    0.54167    0.36441    0.10380    0.21137    0.70833    0.39669
   0.05473    0.36045    0.29167    0.96393    0.29167    0.29409    0.37223    0.31186    0.38064    0.32761    0.31574    0.63547    0.28061    0.41564    0.45833    0.36441    0.05644    0.28389    0.04167    0.39669
   0.06549    0.87500    0.70833    0.64066    0.37500    0.29409    0.20833    0.30081    0.39066    0.33900    0.46240    0.47348    0.28213    0.39968    0.70833    0.38860    0.43190    0.04991    0.06245    0.32232
   0.06549    0.70833    0.95833    0.64066    0.54167    0.29409    0.54167    0.29913    0.36936    0.35950    0.66252    0.47348    0.28061    0.38839    0.79167    0.38883    0.12500    0.28389    0.30964    0.39669
   0.07368    0.79167    0.37500    0.24132    0.45833    0.04167    0.70833    0.29132    0.35087    0.29811    0.59360    0.55972    0.29013    0.36923    0.87500    0.43139    0.12500    0.17160    0.00243    0.42234
   0.06549    0.45833    0.54167    0.11439    0.62500    0.54167    0.95833    0.26252    0.36936    0.23543    0.95655    0.47348    0.27985    0.38839    0.95833    0.37500    0.29287    0.03947    0.00407    0.42234
   0.06354    0.62500    0.12500    0.49877    0.70833    0.62500    0.37500    0.29132    0.35270    0.29811    0.73783    0.47348    0.28061    0.38499    0.62500    0.20833    0.23226    0.41030    0.47350    0.42234
   0.06244    0.95833    0.79167    0.64066    0.79167    0.20833    0.12500    0.29429    0.36936    0.29811    0.59360    0.46310    0.28125    0.38499    0.10343    0.04167    0.27315    0.34891    0.00506    0.07656
   0.07488    0.04167    0.85991    0.46135    0.12500    0.70833    0.87500    0.27410    0.32851    0.29811    0.70071    0.46310    0.28125    0.38722    0.01425    0.45833    0.27315    0.34891    0.23660    0.25687
   0.06549    0.37500    0.17971    0.64066    0.95833    0.12500    0.62500    0.27947    0.36936    0.26723    0.59360    0.42751    0.37500    0.35956    0.01652    0.12500    0.27315    0.43389    0.23660    0.25687
   0.05660    0.54167    0.35040    0.55409    0.18234    0.87500    0.04167    0.29064    0.35706    0.26741    0.59360    0.40285    0.20833    0.36935    0.01099    0.29167    0.27315    0.30737    0.23660    0.25687
   0.06549    0.20833    0.39905    0.55409    0.07369    0.29167    0.29167    0.29064    0.36936    0.29811    0.59360    0.46310    0.54167    0.36935    0.01099    0.70833    0.27315    0.43389    0.78381    0.02685
   0.06549    0.29167    0.02797    0.55409    0.20833    0.79167    0.45833    0.29064    0.36936    0.24123    0.59360    0.34404    0.29167    0.36935    0.01099    0.87500    0.27315    0.43389    0.12755    0.25687
   0.37500    0.12500    0.06467    0.55409    0.08879    0.37500    0.79167    0.29064    0.20833    0.33303    0.23366    0.38223    0.95833    0.36935    0.00201    0.54167    0.45573    0.31864    0.23660    0.27735
   0.04167    0.21154    0.20833    0.55409    0.53513    0.45833    0.97897    0.29064    0.62500    0.31897    0.59360    0.42224    0.87500    0.36935    0.01099    0.95833    0.27315    0.30036    0.10883    0.27735
   0.12500    0.26179    0.20833    0.55409    0.41065    0.95833    0.46032    0.29064    0.12500    0.29811    0.50088    0.44268    0.12500    0.36935    0.27945    0.79167    0.29204    0.43389    0.23660    0.42247
   0.70833    0.03321    0.41298    0.81207    0.20833    0.71092    0.55984    0.29626    0.70833    0.29811    0.59360    0.44268    0.04167    0.36935    0.01099    0.62500    0.50452    0.43389    0.23660    0.34482
   0.20833    0.21154    0.29502    0.71916    0.20833    0.91163    0.55984    0.30277    0.95833    0.29811    0.91211    0.44268    0.70833    0.38056    0.00513    0.75081    0.27315    0.37085    0.22243    0.32572
   0.45833    0.61822    0.20833    0.55409    0.65152    0.83379    0.69106    0.29775    0.45833    0.33727    0.56511    0.44268    0.45833    0.36337    0.01099    0.83488    0.27315    0.39559    0.03638    0.84502
   0.54167    0.21154    0.20154    0.55409    0.82485    0.57967    0.55984    0.29298    0.54167    0.29811    0.59360    0.44268    0.79167    0.36111    0.01099    0.37500    0.27315    0.39559    0.03638    0.61511
   0.79167    0.13091    0.11005    0.90158    0.40884    0.57967    0.59999    0.29775    0.04167    0.29811    0.59360    0.44268    0.62500    0.36111    0.01099    0.37500    0.20186    0.49662    0.03638    0.27735
   0.29167    0.21154    0.33142    0.55409    0.50439    0.36716    0.62189    0.29775    0.29167    0.33118    0.33022    0.44268    0.47317    0.36111    0.01099    0.37500    0.27315    0.28921    0.03638    0.27735
   0.87500    0.21154    0.20833    0.49041    0.98899    0.57967    0.34791    0.29775    0.87500    0.33738    0.83050    0.44268    0.47317    0.36111    0.01099    0.51458    0.27315    0.43422    0.10281    0.27735
   0.95833    0.03441    0.20833    0.49041    0.58181    0.57967    0.63929    0.29775    0.37500    0.31012    0.52291    0.44147    0.98561    0.36111    0.16982    0.27319    0.28348    0.42532    0.03638    0.27735
   0.62500    0.31836    0.20833    0.49041    0.50439    0.39080    0.62189    0.29775    0.79167    0.29811    0.51060    0.42201    0.00628    0.54167    0.01333    0.37500    0.27315    0.42532    0.03638    0.27735
   0.65611    0.24827    0.20833    0.49041    0.50439    0.57937    0.62189    0.29775    0.61836    0.29811    0.63252    0.44147    0.45840    0.70833    0.01099    0.51420    0.27315    0.55223    0.00277    0.27735
   0.94570    0.28057    0.17686    0.49041    0.94074    0.31658    0.62189    0.29775    0.07859    0.30355    0.70141    0.44147    0.39134    0.62500    0.01099    0.57519    0.27315    0.42532    0.03638    0.40656
   0.14244    0.31331    0.20833    0.49041    0.50439    0.44047    0.43384    0.29533    0.66207    0.30355    0.52291    0.44147    0.31429    0.79167    0.05889    0.38758    0.27315    0.42532    0.16693    0.09052
   0.37500    0.28057    0.00331    0.40408    0.50439    0.44047    0.62189    0.29775    0.62500    0.27533    0.52291    0.44147    0.57091    0.12500    0.01243    0.30482    0.37610    0.42532    0.08309    0.13202
   0.37500    0.28057    0.02016    0.38775    0.50439    0.79149    0.62189    0.79167    0.89844    0.27533    0.29393    0.44147    0.09048    0.04167    0.01243    0.59892    0.36948    0.44653    0.08309    0.00141
   0.23237    0.42064    0.20833    0.49041    0.47323    0.44047    0.62189    0.95833    0.47968    0.29501    0.37394    0.44147    0.32046    0.95833    0.00012    0.37500    0.33427    0.38927    0.08309    0.09052
   0.37500    0.51370    0.19525    0.49041    0.32220    0.42338    0.98160    0.62500    0.57587    0.27533    0.52291    0.44147    0.33189    0.87500    0.16191    0.25871    0.36588    0.39895    0.08309    0.09052
   0.33614    0.42064    0.19525    0.33539    0.28314    0.44047    0.50576    0.54167    0.62500    0.25881    0.52291    0.40737    0.39134    0.20833    0.00012    0.17279    0.37610    0.33741    0.08309    0.11426
   0.37500    0.42064    0.19525    0.48855    0.23732    0.44047    0.62189    0.29167    0.62500    0.28272    0.52291    0.42477    0.39134    0.37500    0.00012    0.28807    0.37610    0.29233    0.11545    0.11426
   0.37500    0.42064    0.19525    0.39893    0.28314    0.44047    0.38871    0.87500    0.44383    0.29087    0.41171    0.42539    0.18998    0.29167    0.00012    0.25871    0.36093    0.34012    0.05003    0.11426
   0.27915    0.42064    0.19525    0.43000    0.04293    0.46442    0.62189    0.12500    0.50489    0.28272    0.46763    0.44147    0.41999    0.45833    0.00012    0.30802    0.36093    0.36678    0.37221    0.11426
   0.32656    0.44181    0.19525    0.58713    0.18752    0.52386    0.62189    0.70833    0.58819    0.28272    0.46763    0.44147    0.40174    0.10731    0.28149    0.25871    0.37947    0.36678    0.05003    0.11426
   0.57381    0.46679    0.08021    0.57288    0.25328    0.31533    0.62189    0.45833    0.60723    0.29528    0.39168    0.41953    0.44716    0.70833    0.51885    0.12911    0.33420    0.23893    0.05003    0.11426
   0.37499    0.26143    0.13357    0.49041    0.28314    0.44905    0.62189    0.37500    0.60723    0.28771    0.46763    0.42660    0.34648    0.45982    0.28149    0.12911    0.36093    0.30076    0.22393    0.11426
   0.44707    0.26143    0.10590    0.49041    0.28314    0.46442    0.67000    0.04167    0.60723    0.28886    0.49606    0.44147    0.46505    0.17723    0.28149    0.05918    0.36093    0.30076    0.05003    0.28514
   0.37005    0.14444    0.08021    0.39015    0.32758    0.46442    0.62189    0.20833    0.62430    0.28886    0.49606    0.47444    0.41228    0.12306    0.39078    0.17334    0.36093    0.00505    0.05003    0.06385
   0.37005    0.31025    0.08021    0.43589    0.30518    0.46442    0.62189    0.79413    0.48050    0.27098    0.47235    0.45226    0.45489    0.82540    0.36075    0.24486    0.34515    0.12256    0.11285    0.08612
   0.23791    0.38818    0.08021    0.49041    0.32758    0.46442    0.49727    0.74427    0.60723    0.29167    0.58145    0.44147    0.41228    0.33490    0.28149    0.02123    0.36093    0.30076    0.29319    0.06385
   0.42017    0.31025    0.08021    0.49041    0.32758    0.46442    0.65439    0.64801    0.60723    0.87500    0.49606    0.44155    0.41228    0.45227    0.18873    0.12911    0.36093    0.32556    0.21153    0.25778
   0.37005    0.31025    0.08021    0.57162    0.32758    0.46442    0.62189    0.49599    0.59531    0.79167    0.49606    0.44155    0.41228    0.04105    0.37479    0.09767    0.39591    0.30076    0.11285    0.06385
   0.37005    0.31025    0.05912    0.45721    0.31622    0.37868    0.63174    0.22659    0.59454    0.45833    0.49606    0.44155    0.41228    0.40365    0.28149    0.09767    0.36093    0.30076    0.11285    0.07487
   0.45855    0.31025    0.11449    0.45721    0.32758    0.41566    0.75913    0.59590    0.52978    0.04167    0.56348    0.44155    0.41228    0.19784    0.28149    0.09767    0.37656    0.26936    0.06040    0.03697
   0.28499    0.41088    0.08021    0.45721    0.30685    0.41566    0.67635    0.56193    0.50602    0.62500    0.49606    0.44155    0.41228    0.40365    0.28149    0.09767    0.35857    0.27486    0.11285    0.05546
   0.25982    0.31025    0.08021    0.45721    0.32758    0.32723    0.63174    0.56193    0.53851    0.37500    0.50251    0.42323    0.40448    0.40365    0.36719    0.11371    0.36093    0.27486    0.11285    0.06385
   0.20693    0.31025    0.17208    0.42535    0.32758    0.10612    0.60445    0.56193    0.49830    0.95833    0.49606    0.43246    0.35366    0.40232    0.28149    0.11371    0.36093    0.15006    0.11285    0.06876
   0.28499    0.31025    0.25205    0.45721    0.32758    0.32723    0.60445    0.66220    0.47130    0.54167    0.49606    0.44946    0.33673    0.49545    0.29289    0.18533    0.36725    0.25665    0.16897    0.06876
   0.26725    0.48021    0.17208    0.45721    0.39232    0.32723    0.56693    0.62886    0.49830    0.20833    0.49606    0.20833    0.37460    0.40365    0.15033    0.15383    0.36093    0.28652    0.09719    0.06876
   0.26725    0.31025    0.19323    0.48269    0.35942    0.32723    0.60445    0.54436    0.50890    0.12500    0.49606    0.37500    0.37460    0.36556    0.22190    0.18533    0.36734    0.27486    0.11285    0.06876
   0.21678    0.31025    0.26358    0.45835    0.35942    0.32723    0.60445    0.58782    0.50890    0.70833    0.55744    0.54167    0.37460    0.40365    0.27068    0.18533    0.37096    0.26067    0.09811    0.06876
   0.30188    0.13918    0.22310    0.44764    0.35942    0.32723    0.60445    0.56495    0.50890    0.03831    0.49606    0.29167    0.37460    0.39507    0.28826    0.24315    0.36544    0.27486    0.11285    0.06876
   0.26528    0.19378    0.20533    0.44764    0.39960    0.31189    0.53910    0.49082    0.52463    0.49274    0.48573    0.04167    0.38949    0.40365    0.34168    0.27578    0.36295    0.28075    0.11285    0.12284
   0.26725    0.19378    0.37410    0.44764    0.35942    0.25821    0.55047    0.53689    0.50890    0.43754    0.48573    0.12500    0.38252    0.40365    0.30496    0.31229    0.36930    0.27046    0.11285    0.06876
   0.12543    0.25056    0.52367    0.44764    0.36843    0.35600    0.53381    0.53689    0.50890    0.45833    0.44232    0.87500    0.34422    0.40365    0.30350    0.34720    0.36459    0.21686    0.12769    0.07945
   0.26725    0.19378    0.37410    0.44815    0.36212    0.33853    0.67569    0.53689    0.50890    0.47558    0.44232    0.95833    0.41471    0.40365    0.28826    0.26063    0.36778    0.27486    0.12104    0.10022
   0.26725    0.06990    0.37410    0.44815    0.41344    0.32723    0.53381    0.53689    0.50890    0.32550    0.45851    0.70833    0.38252    0.42841    0.28826    0.26063    0.70833    0.28396    0.11285    0.21248
   0.26725    0.19378    0.41469    0.44815    0.38915    0.42310    0.51939    0.55620    0.50890    0.41920    0.44232    0.45833    0.38252    0.47597    0.26916    0.26063    0.87500    0.27486    0.11285    0.17089
   0.39093    0.19378    0.37410    0.44032    0.37509    0.37401    0.51939    0.68961    0.50890    0.45833    0.44232    0.62500    0.44465    0.42841    0.29605    0.39613    0.79167    0.31004    0.11285    0.13384
   0.12894    0.28151    0.37410    0.44032    0.36795    0.35091    0.36297    0.68961    0.50890    0.94986    0.45486    0.79167    0.36868    0.42841    0.29369    0.33698    0.62500    0.27891    0.02227    0.10022
   0.26725    0.20697    0.36428    0.44032    0.31609    0.35847    0.25059    0.68961    0.46182    0.02270    0.45298    0.39406    0.38252    0.42841    0.29369    0.29722    0.45833    0.28418    0.07032    0.20893
   0.26725    0.19378    0.35178    0.44032    0.35942    0.37401    0.43763    0.68961    0.46182    0.25595    0.44652    0.09708    0.38252    0.34159    0.32741    0.29722    0.04167    0.27486    0.08675    0.10022
   0.19629    0.19378    0.29847    0.42922    0.35942    0.37401    0.41353    0.68961    0.30782    0.45833    0.46777    0.45833    0.38252    0.42841    0.29369    0.29722    0.95833    0.30770    0.11285    0.10022
   0.20252    0.26156    0.32899    0.42550    0.35304    0.38423    0.43763    0.68961    0.30782    0.68996    0.43649    0.45833    0.38945    0.45912    0.29369    0.29722    0.54167    0.27486    0.11285    0.15671
   0.23305    0.22233    0.29847    0.42550    0.33290    0.37401    0.36003    0.68961    0.39450    0.36624    0.45530    0.41094    0.38252    0.43743    0.32894    0.29722    0.37500    0.28259    0.14731    0.14749
   0.19629    0.22684    0.29847    0.39310    0.36652    0.35853    0.43763    0.68961    0.21047    0.45833    0.45833    0.45833    0.38252    0.26362    0.26910    0.29722    0.20833    0.26831    0.09946    0.16223
   0.20052    0.19378    0.21002    0.37627    0.36081    0.36231    0.43763    0.98927    0.21434    0.46860    0.20833    0.48935    0.38252    0.43743    0.28891    0.36186    0.12500    0.27908    0.09946    0.14749
   0.19850    0.19378    0.29847    0.39310    0.38232    0.37401    0.43763    0.36591    0.30782    0.46860    0.37500    0.45833    0.38252    0.43743    0.29123    0.36258    0.29167    0.27989    0.10939    0.14749
   0.21741    0.19378    0.27875    0.39310    0.37948    0.36600    0.36115    0.68961    0.26635    0.70189    0.12500    0.03999    0.38252    0.43743    0.29280    0.29722    0.05992    0.28170    0.09946    0.19813
   0.19629    0.19378    0.22118    0.39310    0.37948    0.37401    0.36115    0.67537    0.30782    0.46860    0.95833    0.28926    0.38252    0.43743    0.31468    0.29722    0.09550    0.12500    0.09946    0.19813
   0.19629    0.19705    0.35435    0.39310    0.37948    0.37401    0.36115    0.63035    0.38287    0.37658    0.70833    0.44398    0.38252    0.50431    0.28891    0.39097    0.03829    0.54167    0.09946    0.19813
   0.20404    0.16016    0.27167    0.39310    0.42077    0.37401    0.36115    0.67537    0.30782    0.60373    0.29167    0.45833    0.38252    0.43743    0.30036    0.29722    0.01521    0.95833    0.09946    0.26370
   0.21988    0.22605    0.29847    0.37924    0.37948    0.37401    0.22356    0.67537    0.30782    0.46860    0.04167    0.45833    0.38252    0.44481    0.27632    0.29722    0.10135    0.79167    0.10665    0.21202
   0.19629    0.21264    0.28927    0.34522    0.40831    0.37401    0.32090    0.67537    0.30782    0.41257    0.87500    0.32735    0.38252    0.60716    0.28891    0.29722    0.03829    0.37500    0.54167    0.22873
   0.19629    0.21080    0.29847    0.37924    0.38385    0.37401    0.36115    0.67537    0.26060    0.44153    0.62500    0.41102    0.38252    0.43743    0.29535    0.23007    0.03829    0.70833    0.20833    0.22873
   0.20428    0.21080    0.29847    0.36166    0.38385    0.37401    0.39162    0.67537    0.34250    0.44153    0.79167    0.43216    0.38252    0.43743    0.28891    0.29722    0.00243    0.29167    0.04167    0.22873
   0.20428    0.24556    0.29847    0.35460    0.39364    0.37401    0.30604    0.67537    0.30782    0.44153    0.54167    0.50467    0.38252    0.44261    0.28891    0.26727    0.00663    0.62500    0.29167    0.22873
   0.19926    0.22944    0.29847    0.36166    0.39364    0.37401    0.36115    0.67537    0.31148    0.44944    0.71798    0.43938    0.38252    0.43743    0.28891    0.29722    0.58630    0.20833    0.12500    0.21927
   0.18150    0.21080    0.26997    0.36166    0.38697    0.36062    0.36115    0.48660    0.31148    0.44153    0.35803    0.43216    0.38252    0.43743    0.30308    0.33312    0.31535    0.04167    0.37500    0.22802
   0.18150    0.21080    0.29847    0.36166    0.38697    0.36062    0.36115    0.48660    0.34307    0.57216    0.14891    0.43216    0.54167    0.43743    0.28891    0.27072    0.31535    0.45833    0.62500    0.23515
   0.19008    0.21080    0.28863    0.36632    0.39106    0.36062    0.36115    0.50792    0.34307    0.44504    0.45833    0.62573    0.20833    0.43743    0.28891    0.29722    0.49740    0.87500    0.87500    0.22802
   0.18150    0.23313    0.31029    0.36166    0.38697    0.36062    0.34424    0.50792    0.32581    0.48145    0.03610    0.74394    0.12500    0.43743    0.28891    0.29722    0.50172    0.01282    0.70833    0.22802
   0.18150    0.21080    0.29357    0.35193    0.38550    0.34525    0.36115    0.27649    0.34573    0.48145    0.71977    0.56945    0.62500    0.43743    0.29165    0.29722    0.44632    0.45992    0.95833    0.22802
   0.16439    0.21080    0.29310    0.36166    0.37458    0.36062    0.39516    0.44621    0.32581    0.62352    0.45833    0.56945    0.70833    0.44468    0.29165    0.29722    0.26059    0.37500    0.79167    0.22802
   0.62500    0.21819    0.29132    0.36166    0.38012    0.36062    0.37809    0.30530    0.33741    0.33388    0.45833    0.68075    0.04167    0.43743    0.27072    0.29722    0.31535    0.12919    0.45833    0.22790
   0.29167    0.21819    0.28450    0.37865    0.38012    0.37301    0.37863    0.36998    0.32581    0.43103    0.71960    0.56945    0.95833    0.48626    0.30225    0.29722    0.19272    0.19548    0.00766    0.23868
   0.95833    0.24034    0.28450    0.36166    0.04167    0.37661    0.36115    0.44621    0.32581    0.40840    0.30715    0.56945    0.29167    0.43743    0.29165    0.26980    0.31535    0.19548    0.29167    0.22802
   0.45833    0.18276    0.27761    0.36867    0.54167    0.87500    0.32873    0.44621    0.32581    0.47697    0.30715    0.56945    0.37500    0.43743    0.29254    0.32922    0.34585    0.00106    0.07854    0.22802
   0.87500    0.18276    0.28450    0.36166    0.87500    0.29167    0.36115    0.42149    0.32654    0.31360    0.46845    0.68937    0.87500    0.43743    0.37500    0.29722    0.22641    0.01903    0.29167    0.21788
   0.20833    0.18276    0.28450    0.35996    0.20833    0.37500    0.36115    0.41883    0.32581    0.43103    0.25796    0.60523    0.79167    0.43743    0.20833    0.29722    0.49713    0.10375    0.77219    0.22507
   0.79167    0.20817    0.28450    0.36166    0.70833    0.04167    0.36549    0.44621    0.34620    0.42331    0.30715    0.56945    0.45833    0.43743    0.70833    0.29722    0.35097    0.28006    0.49284    0.22507
   0.12500    0.18276    0.28116    0.36739    0.62500    0.45833    0.36115    0.46219    0.33588    0.43103    0.30715    0.56945    0.59893    0.43743    0.12500    0.29722    0.31535    0.34233    0.81637    0.22507
   0.54167    0.18276    0.28450    0.12500    0.37500    0.20833    0.34624    0.45212    0.33470    0.36724    0.34896    0.56945    0.94358    0.43743    0.45833    0.29722    0.31535    0.10701    0.77219    0.20637
   0.04167    0.18276    0.28450    0.70833    0.29167    0.79167    0.36115    0.46219    0.12500    0.40215    0.30715    0.56945    0.44398    0.43743    0.95833    0.29722    0.39205    0.19548    0.96476    0.21514
   0.70833    0.18922    0.27596    0.04167    0.79167    0.54167    0.36115    0.56639    0.37500    0.39720    0.18084    0.58742    0.44398    0.43655    0.04167    0.33319    0.35306    0.19548    0.36856    0.20637
   0.37500    0.16406    0.28158    0.37500    0.12500    0.95833    0.36115    0.36359    0.29167    0.35467    0.30715    0.56945    0.02445    0.43655    0.54167    0.29722    0.33441    0.19548    0.36856    0.20637
   0.50801    0.19188    0.27898    0.20833    0.45833    0.62500    0.36848    0.46219    0.04167    0.28313    0.30971    0.56945    0.04431    0.43655    0.87500    0.30487    0.41350    0.17862    0.42067    0.22087
   0.20913    0.18276    0.62500    0.54167    0.95833    0.70833    0.36115    0.45066    0.20833    0.32971    0.19458    0.56945    0.32420    0.38767    0.29167    0.30487    0.39898    0.43808    0.16096    0.20637
   0.24562    0.79167    0.12500    0.45833    0.70854    0.12500    0.36115    0.45066    0.45833    0.39720    0.17788    0.57405    0.38004    0.41056    0.79167    0.30487    0.33441    0.58387    0.01219    0.20835
   0.58699    0.95833    0.45833    0.79167    0.13801    0.74611    0.34249    0.39088    0.54167    0.39720    0.23797    0.57405    0.38004    0.42626    0.62500    0.30487    0.33441    0.43808    0.36856    0.19092
   0.96313    0.12500    0.29167    0.62500    0.98702    0.39917    0.36115    0.34203    0.79167    0.36235    0.32886    0.57405    0.18495    0.43655    0.89552    0.54167    0.46430    0.43808    0.33404    0.20637
   0.99374    0.70833    0.04167    0.95833    0.36265    0.37500    0.36115    0.39088    0.95833    0.36135    0.32886    0.57405    0.38004    0.43655    0.07883    0.79167    0.40959    0.51950    0.49220    0.20833
   0.44057    0.62500    0.20833    0.29167    0.53211    0.37500    0.36115    0.39088    0.70833    0.38415    0.27673    0.57405    0.38004    0.43655    0.02082    0.87500    0.40321    0.51550    0.14487    0.87500
   0.41083    0.45833    0.79167    0.87500    0.53211    0.79312    0.36115    0.39088    0.62500    0.38415    0.32886    0.58610    0.38004    0.43655    0.17549    0.37500    0.34482    0.38867    0.36856    0.95833
   0.49321    0.54167    0.95833    0.08677    0.58846    0.23457    0.34924    0.43129    0.87500    0.38415    0.27837    0.50687    0.38004    0.43655    0.18234    0.29167    0.34482    0.43808    0.32388    0.45833
   0.44484    0.37500    0.70833    0.37500    0.53211    0.37500    0.36610    0.40101    0.86688    0.38415    0.27837    0.47251    0.44334    0.42241    0.43942    0.04167    0.34482    0.43808    0.00100    0.62500
   0.41083    0.29167    0.54167    0.25477    0.19302    0.37500    0.36268    0.39088    0.89702    0.38415    0.15586    0.47251    0.47830    0.42666    0.01228    0.95833    0.37561    0.27582    0.14346    0.70833
   0.41083    0.87500    0.87500    0.37500    0.88817    0.10369    0.36115    0.39088    0.74181    0.38415    0.20242    0.43963    0.85978    0.44396    0.01204    0.70833    0.37561    0.36245    0.38481    0.29167
   0.41083    0.04167    0.37500    0.90388    0.68977    0.35324    0.36115    0.39088    0.74181    0.36105    0.27837    0.47251    0.59500    0.43897    0.01228    0.62500    0.30132    0.43808    0.38481    0.37500
   0.12453    0.20833    0.18996    0.56307    0.53211    0.35721    0.36115    0.40225    0.98581    0.38415    0.38970    0.47251    0.47830    0.43655    0.01228    0.12500    0.42136    0.61265    0.32755    0.54167
   0.50739    0.32070    0.12500    0.42000    0.53211    0.35721    0.36236    0.39088    0.27053    0.37562    0.27837    0.43812    0.47830    0.43655    0.01228    0.20833    0.37561    0.43808    0.11530    0.04167
   0.46526    0.87291    0.00992    0.37500    0.59436    0.35721    0.36115    0.39088    0.44883    0.36920    0.27837    0.44628    0.47830    0.43655    0.01228    0.45833    0.35895    0.41059    0.38481    0.12500
   0.50739    0.91398    0.29764    0.37500    0.53211    0.64251    0.36952    0.40599    0.48753    0.37562    0.29115    0.44628    0.23966    0.43655    0.01228    0.12231    0.37561    0.43808    0.33098    0.79167
   0.73193    0.78768    0.12500    0.37500    0.53211    0.50201    0.62500    0.39088    0.74181    0.34968    0.26983    0.44628    0.47830    0.43748    0.01228    0.08224    0.21749    0.43808    0.76654    0.16968
   0.50739    0.39393    0.12500    0.53098    0.49754    0.41256    0.12500    0.43090    0.99186    0.37562    0.27837    0.35056    0.47830    0.70833    0.01228    0.03726    0.28344    0.50627    0.33098    0.56196
   0.50739    0.95515    0.04908    0.51159    0.64272    0.41256    0.54167    0.39088    0.62953    0.37562    0.30056    0.35925    0.54550    0.54167    0.01228    0.33789    0.27019    0.45017    0.33098    0.68537
   0.50739    0.98479    0.04908    0.29349    0.51516    0.60204    0.95833    0.39088    0.65478    0.37562    0.28724    0.35056    0.45860    0.12500    0.64556    0.72397    0.28344    0.45017    0.33098    0.20808
   0.42311    0.76205    0.04908    0.68827    0.53211    0.77087    0.29167    0.39839    0.65478    0.37562    0.24566    0.13232    0.47830    0.20833    0.50522    0.01333    0.15617    0.38216    0.33098    0.74437
   0.53435    0.32710    0.47165    0.51159    0.53211    0.54730    0.79167    0.39088    0.65478    0.37562    0.27837    0.35056    0.47830    0.62500    0.22091    0.33789    0.28344    0.45017    0.17041    0.00638
   0.52267    0.58820    0.20085    0.51159    0.57927    0.42403    0.20833    0.39088    0.56943    0.37562    0.27837    0.35056    0.66407    0.04167    0.22091    0.34226    0.28344    0.38962    0.35743    0.00638
   0.15651    0.64956    0.04908    0.98070    0.49820    0.54730    0.70833    0.39088    0.56943    0.37562    0.27837    0.35056    0.61152    0.95833    0.12067    0.46720    0.28344    0.43001    0.33098    0.00638
   0.52267    0.46831    0.10119    0.57219    0.53211    0.41204    0.04167    0.39088    0.38255    0.37562    0.27837    0.23474    0.47830    0.37500    0.93973    0.62339    0.28344    0.73713    0.33098    0.48789
   0.52267    0.23254    0.04908    0.51159    0.53211    0.62742    0.45833    0.39088    0.00257    0.37562    0.27588    0.39042    0.47830    0.79167    0.22091    0.41852    0.32958    0.43001    0.57971    0.27844
   0.52267    0.46831    0.04908    0.51159    0.53211    0.54730    0.87500    0.39088    0.28600    0.37562    0.27223    0.35056    0.35482    0.87500    0.20090    0.61807    0.28344    0.43001    0.33098    0.14989
   0.52267    0.46831    0.04230    0.51918    0.48971    0.64772    0.37500    0.39088    0.56943    0.35021    0.28247    0.22393    0.35482    0.45833    0.22091    0.87226    0.24222    0.43001    0.32678    0.29180
   0.52267    0.46831    0.04908    0.51918    0.46751    0.54730    0.99546    0.39088    0.56496    0.36410    0.27588    0.22757    0.42492    0.29167    0.22091    0.53307    0.24286    0.18829    0.18939    0.22938
   0.52267    0.16536    0.11880    0.51918    0.46751    0.54730    0.08005    0.38410    0.56943    0.36976    0.28979    0.28886    0.42492    0.94632    0.22263    0.53307    0.30344    0.43001    0.25268    0.14599
   0.52267    0.13112    0.07114    0.51918    0.41278    0.57894    0.35789    0.38410    0.56943    0.36410    0.27588    0.31114    0.42492    0.76514    0.22263    0.57499    0.28344    0.47458    0.28849    0.29180
   0.52267    0.46831    0.07114    0.29398    0.44356    0.54730    0.35789    0.38410    0.56943    0.36410    0.27588    0.28886    0.42492    0.66314    0.22263    0.53307    0.28344    0.44665    0.27891    0.29180
   0.52267    0.46831    0.07114    0.49724    0.41704    0.54730    0.30626    0.38410    0.56943    0.33306    0.27588    0.28886    0.42492    0.66314    0.25144    0.37606    0.28344    0.34699    0.27891    0.95201
   0.52267    0.46831    0.10167    0.54126    0.44356    0.53335    0.35789    0.38317    0.56943    0.36410    0.26357    0.28886    0.42492    0.69893    0.11394    0.42214    0.27024    0.44665    0.27891    0.20935
   0.52267    0.76105    0.07114    0.51918    0.41246    0.53335    0.12004    0.38410    0.56943    0.36410    0.28410    0.28886    0.57595    0.41181    0.17701    0.51775    0.28344    0.46901    0.27891    0.29180
   0.52267    0.46831    0.07114    0.34293    0.43678    0.48886    0.35789    0.20833    0.56943    0.36410    0.28073    0.28886    0.29956    0.66314    0.01873    0.53307    0.25830    0.44665    0.27891    0.29180
   0.52267    0.46831    0.03684    0.44443    0.44378    0.53335    0.17737    0.12500    0.56943    0.36410    0.28073    0.33990    0.42492    0.66314    0.39961    0.53307    0.27035    0.60448    0.27891    0.12151
   0.52267    0.46831    0.07114    0.47925    0.42642    0.54011    0.60940    0.45833    0.44964    0.36410    0.28073    0.28886    0.42492    0.98666    0.17701    0.60476    0.28344    0.42292    0.27891    0.29180
   0.52267    0.46831    0.07114    0.51918    0.44378    0.66498    0.35789    0.95833    0.51438    0.39719    0.28073    0.28886    0.42492    0.36487    0.17701    0.56215    0.28344    0.46022    0.27891    0.29180
   0.52267    0.46831    0.07114    0.46843    0.46312    0.61539    0.35789    0.62500    0.53588    0.37607    0.28074    0.28886    0.42492    0.54543    0.17701    0.53307    0.28344    0.45252    0.27891    0.29180
   0.59403    0.46831    0.10334    0.51918    0.45026    0.57787    0.58335    0.29167    0.51438    0.37079    0.28073    0.28886    0.42492    0.36487    0.17701    0.53307    0.26015    0.44665    0.35542    0.43076
   0.52267    0.46831    0.07114    0.51918    0.45026    0.55982    0.87965    0.70833    0.48800    0.36879    0.29167    0.31821    0.42492    0.01572    0.19166    0.53307    0.30430    0.44665    0.27891    0.39762
   0.52267    0.01696    0.07114    0.50627    0.45026    0.54011    0.46618    0.37500    0.48450    0.36410    0.45833    0.30351    0.37050    0.36487    0.19166    0.53307    0.29233    0.44665    0.27891    0.47458
   0.52267    0.40009    0.07114    0.50627    0.45026    0.51413    0.51290    0.04167    0.51438    0.36410    0.87500    0.28886    0.42492    0.52421    0.19166    0.60127    0.28344    0.44665    0.27891    0.39762
   0.57455    0.46831    0.00557    0.45716    0.45026    0.49484    0.51290    0.54167    0.54650    0.36410    0.62500    0.22700    0.42492    0.44989    0.42031    0.53307    0.28344    0.44665    0.27891    0.53518
   0.52267    0.46831    0.04450    0.45716    0.41609    0.48441    0.51290    0.87500    0.51438    0.36410    0.20833    0.28886    0.42492    0.44989    0.24107    0.53307    0.28344    0.44665    0.34789    0.29087
   0.52267    0.75747    0.07114    0.47543    0.45026    0.42709    0.51290    0.79167    0.51438    0.36410    0.95833    0.28886    0.42492    0.21356    0.21652    0.53307    0.28825    0.44665    0.32570    0.32929
   0.52267    0.46831    0.07114    0.45716    0.43330    0.36149    0.52563    0.98684    0.51438    0.34853    0.04167    0.28886    0.39449    0.21356    0.30954    0.45526    0.28344    0.44665    0.30813    0.32202
   0.52267    0.46831    0.10570    0.41359    0.45472    0.42709    0.51290    0.72512    0.51438    0.36410    0.79167    0.33819    0.39449    0.31939    0.24107    0.45526    0.28344    0.44665    0.32650    0.16648
   0.52267    0.65831    0.07114    0.43246    0.45026    0.42709    0.51290    0.65705    0.51438    0.36410    0.37500    0.33819    0.39449    0.21356    0.24107    0.49796    0.28642    0.44665    0.31716    0.29087
   0.52267    0.46831    0.09374    0.41359    0.45026    0.42709    0.51290    0.90320    0.51438    0.38069    0.12500    0.33819    0.32037    0.21356    0.24107    0.49796    0.29085    0.44665    0.30048    0.23640
   0.58021    0.41876    0.07721    0.36876    0.45026    0.36656    0.51290    0.65851    0.49453    0.36410    0.54167    0.39768    0.39449    0.10932    0.24107    0.47099    0.29085    0.44665    0.30048    0.29087
   0.52267    0.46831    0.07114    0.41359    0.45026    0.40517    0.56384    0.73762    0.52872    0.36410    0.70833    0.36272    0.39909    0.22866    0.24107    0.46361    0.29871    0.46345    0.30048    0.35191
   0.52267    0.49818    0.07774    0.41359    0.45026    0.42709    0.36744    0.55965    0.51438    0.36410    0.03816    0.31194    0.39909    0.22866    0.20374    0.44497    0.29871    0.43020    0.30048    0.29087
   0.52267    0.46831    0.07857    0.41359    0.36869    0.42709    0.48206    0.76651    0.51438    0.36410    0.74326    0.32500    0.39909    0.22463    0.20374    0.41913    0.29871    0.44665    0.30048    0.29087
   0.52267    0.44998    0.07857    0.41359    0.45026    0.42709    0.53703    0.49567    0.51438    0.36410    0.31820    0.33819    0.39909    0.22866    0.20374    0.24841    0.29871    0.44665    0.30682    0.29087
   0.52267    0.46831    0.07857    0.44564    0.45026    0.42709    0.53703    0.51038    0.41558    0.36410    0.39436    0.37242    0.39909    0.22866    0.20374    0.41665    0.31481    0.44665    0.22865    0.36160
   0.52267    0.48052    0.07857    0.41359    0.53118    0.42709    0.53703    0.64786    0.41558    0.36410    0.45833    0.35765    0.39909    0.55063    0.19840    0.33515    0.29871    0.04167    0.25160    0.29641
   0.52267    0.46831    0.07857    0.41950    0.40760    0.39190    0.53703    0.64786    0.32897    0.36410    0.45833    0.37242    0.34367    0.55063    0.19840    0.37765    0.30825    0.70833    0.27544    0.33398
   0.55979    0.46831    0.07857    0.38822    0.42509    0.41015    0.53703    0.46527    0.41558    0.34579    0.45833    0.37242    0.39909    0.55063    0.12372    0.37830    0.30825    0.62500    0.27544    0.31679
   0.49019    0.46831    0.07857    0.38822    0.43722    0.41015    0.66948    0.33738    0.41558    0.36410    0.48319    0.39617    0.37145    0.55063    0.16483    0.37765    0.30825    0.45833    0.27544    0.31679
   0.50607    0.46831    0.08635    0.38822    0.43722    0.41015    0.45000    0.44683    0.32951    0.36410    0.56835    0.37242    0.37145    0.92538    0.16026    0.24311    0.30825    0.79167    0.27544    0.31679
   0.50607    0.44671    0.08167    0.38822    0.43722    0.34894    0.49041    0.46527    0.36321    0.36410    0.51698    0.45833    0.37145    0.55063    0.19840    0.37765    0.31386    0.87500    0.27544    0.31679
   0.48756    0.44671    0.08427    0.38822    0.43571    0.34894    0.53703    0.46527    0.36321    0.36410    0.48319    0.20833    0.37145    0.39380    0.19840    0.37765    0.30825    0.12500    0.27544    0.31679
   0.50607    0.44993    0.08427    0.37094    0.43722    0.20847    0.53703    0.29865    0.36321    0.54167    0.48319    0.12500    0.37145    0.47325    0.17567    0.45474    0.30825    0.20833    0.27544    0.31679
   0.50607    0.44993    0.09226    0.35396    0.43722    0.34894    0.50811    0.37007    0.36321    0.20833    0.48319    0.62500    0.37145    0.47325    0.19840    0.37765    0.30825    0.54167    0.27544    0.31679
   0.50607    0.44993    0.09481    0.38822    0.43722    0.34894    0.51608    0.41793    0.37654    0.29167    0.48319    0.04167    0.37145    0.47325    0.19840    0.34718    0.30825    0.37500    0.27544    0.30033
   0.50607    0.44993    0.08983    0.38822    0.41146    0.34894    0.52688    0.60011    0.36321    0.04167    0.48319    0.70833    0.35202    0.47325    0.19840    0.37765    0.12500    0.29167    0.27544    0.29845
   0.50607    0.44993    0.09002    0.38822    0.43722    0.28320    0.61595    0.46527    0.36321    0.62500    0.44945    0.29167    0.36251    0.47325    0.19840    0.46422    0.04167    0.95833    0.25113    0.27194
   0.50607    0.44993    0.87500    0.37037    0.44445    0.31629    0.49889    0.46527    0.36321    0.87500    0.48319    0.95833    0.36251    0.57849    0.19840    0.37765    0.62500    0.14459    0.30551    0.30033
   0.50607    0.44993    0.62500    0.37037    0.43722    0.31629    0.49889    0.49796    0.36321    0.12500    0.73638    0.37500    0.36251    0.47325    0.19840    0.37765    0.29167    0.06580    0.28908    0.30033
   0.47610    0.44993    0.45833    0.37037    0.42740    0.31629    0.49889    0.49796    0.36321    0.37500    0.47535    0.87500    0.33541    0.47325    0.22738    0.24185    0.45833    0.44101    0.28197    0.30033
   0.50607    0.44993    0.79167    0.37037    0.43722    0.31629    0.35477    0.49796    0.36321    0.95833    0.49380    0.79167    0.36251    0.47325    0.22738    0.29943    0.79167    0.39000    0.27544    0.30033
   0.50607    0.41746    0.29167    0.37037    0.43722    0.31629    0.49889    0.51194    0.30925    0.70833    0.49380    0.54167    0.36251    0.47325    0.22738    0.34050    0.20833    0.12017    0.27544    0.30033
   0.50607    0.45604    0.04167    0.37037    0.43722    0.31629    0.49889    0.51194    0.36321    0.79167    0.49380    0.52703    0.36251    0.47325    0.22252    0.34050    0.54167    0.39000    0.27544    0.30033
   0.50607    0.43901    0.95833    0.38418    0.43722    0.27506    0.49889    0.52687    0.36321    0.45833    0.49380    0.04442    0.36251    0.47325    0.24537    0.34050    0.70833    0.39000    0.27544    0.30033
   0.50607    0.43901    0.70833    0.37037    0.43038    0.34289    0.49889    0.50344    0.36321    0.32559    0.49380    0.37500    0.36251    0.47325    0.20818    0.34050    0.37500    0.39000    0.27544    0.32072
   0.50607    0.43901    0.20833    0.37037    0.45789    0.31629    0.54296    0.49820    0.43216    0.49905    0.49380    0.23481    0.36251    0.47325    0.22738    0.28104    0.95833    0.65767    0.27544    0.30033
   0.50607    0.43901    0.54167    0.37037    0.43722    0.41499    0.52173    0.50579    0.38314    0.72772    0.62819    0.01257    0.34527    0.47325    0.22738    0.34050    0.87500    0.39000    0.27544    0.30033
   0.51324    0.43901    0.37500    0.37037    0.43722    0.31629    0.51631    0.50579    0.37641    0.30361    0.56353    0.37500    0.37683    0.47325    0.21643    0.14970    0.63798    0.46333    0.27827    0.30033
   0.49816    0.43901    0.12500    0.37037    0.44202    0.31629    0.51631    0.50579    0.38314    0.18315    0.49380    0.40458    0.36251    0.47325    0.22738    0.34050    0.12500    0.44838    0.27544    0.29170
   0.54167    0.45637    0.97792    0.37037    0.43722    0.31629    0.51631    0.50579    0.38314    0.32483    0.49380    0.37500    0.36251    0.33625    0.22027    0.31059    0.03910    0.51993    0.28315    0.29170
   0.04167    0.44692    0.48047    0.37037    0.42231    0.28685    0.51631    0.50579    0.38314    0.23841    0.49380    0.63137    0.35353    0.32425    0.22738    0.34050    0.02412    0.44838    0.27930    0.29170
   0.37500    0.44598    0.64453    0.35172    0.43722    0.28685    0.51631    0.50579    0.38314    0.52544    0.49380    0.37500    0.36855    0.39919    0.22738    0.34050    0.02412    0.44838    0.27544    0.28903
   0.29167    0.44598    0.54527    0.37037    0.70833    0.28685    0.51631    0.50579    0.41476    0.35530    0.49380    0.37500    0.36251    0.43631    0.87500    0.34050    0.02412    0.44838    0.54167    0.30172
   0.12500    0.44598    0.82784    0.62500    0.12500    0.28685    0.51631    0.50122    0.35371    0.26141    0.49380    0.32650    0.37500    0.43631    0.70833    0.30798    0.02412    0.44838    0.12500    0.29170
   0.20833    0.44598    0.60807    0.70833    0.79167    0.25359    0.51631    0.50579    0.37069    0.49200    0.55620    0.32650    0.04167    0.40711    0.20833    0.34050    0.02412    0.44838    0.62500    0.29170
   0.79167    0.44598    0.62540    0.04167    0.04167    0.28685    0.51631    0.50579    0.37069    0.49200    0.49380    0.26831    0.45833    0.43631    0.37500    0.34050    0.00937    0.40645    0.79167    0.29167
   0.87500    0.44598    0.60807    0.45833    0.45833    0.95833    0.51631    0.50579    0.37069    0.90585    0.48459    0.34970    0.70833    0.43631    0.54167    0.36789    0.02412    0.36676    0.70833    0.79167
   0.70833    0.44598    0.48370    0.20833    0.37500    0.37500    0.51631    0.50579    0.37069    0.56545    0.40871    0.32650    0.87500    0.43631    0.95833    0.36789    0.00496    0.61954    0.04167    0.04167
   0.62500    0.44598    0.60807    0.12500    0.62500    0.54167    0.51631    0.50579    0.37069    0.49200    0.44367    0.24284    0.79167    0.43631    0.04167    0.36789    0.00496    0.36676    0.95833    0.87500
   0.95833    0.44598    0.60807    0.87500    0.54167    0.29167    0.51631    0.50579    0.37069    0.49200    0.44367    0.09274    0.20833    0.45774    0.45833    0.40324    0.00496    0.36676    0.29167    0.54167
   0.45833    0.44389    0.60807    0.79167    0.95833    0.20833    0.48134    0.50579    0.37069    0.49200    0.44367    0.18438    0.12500    0.45774    0.62500    0.36789    0.00496    0.36676    0.20833    0.37500
   0.06681    0.44389    0.96052    0.54167    0.20833    0.87500    0.48134    0.50579    0.37069    0.49200    0.28618    0.17564    0.29167    0.45774    0.79167    0.36789    0.00496    0.36676    0.37500    0.62500
   0.71173    0.44389    0.60807    0.95833    0.87500    0.12500    0.48134    0.50579    0.37069    0.49200    0.34685    0.18438    0.54167    0.45774    0.29167    0.36789    0.00496    0.04002    0.87500    0.45833
   0.30863    0.44389    0.60807    0.29167    0.29167    0.79167    0.48134    0.51451    0.37069    0.49200    0.38342    0.06583    0.95833    0.45774    0.12500    0.36789    0.00496    0.04002    0.45833    0.12500
   0.29167    0.44389    0.60807    0.37500    0.63056    0.70833    0.48134    0.50579    0.37069    0.49200    0.38342    0.18438    0.62500    0.45774    0.56157    0.36789    0.00496    0.04002    0.36845    0.95833
   0.47511    0.44389    0.24966    0.74838    0.00983    0.45833    0.45654    0.50579    0.37069    0.49200    0.38342    0.18438    0.02638    0.60814    0.00509    0.36789    0.00496    0.04002    0.02855    0.20833
   0.29167    0.43680    0.60807    0.91861    0.03203    0.62500    0.45654    0.50579    0.37069    0.49200    0.38342    0.18438    0.07503    0.36087    0.12820    0.38545    0.00496    0.04002    0.02855    0.70833
   0.31763    0.43680    0.60807    0.62500    0.12500    0.04167    0.45654    0.49613    0.37069    0.47317    0.35038    0.10496    0.37500    0.39071    0.27431    0.36789    0.15315    0.04002    0.02855    0.99158
   0.23575    0.43680    0.60807    0.58179    0.05191    0.34654    0.45654    0.37500    0.38720    0.04473    0.36598    0.14650    0.37500    0.44396    0.63611    0.36789    0.07886    0.04002    0.02855    0.30274
   0.23575    0.43680    0.60807    0.97514    0.05191    0.00883    0.45654    0.70833    0.37069    0.49200    0.36598    0.18438    0.77000    0.53298    0.27431    0.36789    0.07886    0.04002    0.10825    0.30274
   0.23575    0.43680    0.38269    0.33228    0.05191    0.54167    0.45654    0.87500    0.29167    0.49200    0.36598    0.18438    0.37500    0.44396    0.37672    0.36789    0.07886    0.04002    0.02855    0.31511
   0.23575    0.43680    0.49570    0.71957    0.05191    0.54167    0.45654    0.54167    0.45833    0.49200    0.36598    0.18438    0.37500    0.40399    0.37672    0.37500    0.07886    0.04002    0.00030    0.31511
   0.23575    0.62500    0.60807    0.67744    0.05191    0.54167    0.42024    0.95833    0.12500    0.49200    0.36598    0.18438    0.29367    0.44396    0.37672    0.70833    0.07886    0.04002    0.30031    0.30767
   0.23575    0.20833    0.60807    0.71957    0.49841    0.00987    0.42024    0.20833    0.62500    0.49200    0.36598    0.16412    0.37500    0.44396    0.37672    0.54167    0.07886    0.04002    0.30031    0.57287
   0.23575    0.12500    0.60807    0.71957    0.26373    0.19771    0.43823    0.79167    0.95833    0.49200    0.31259    0.18438    0.37500    0.44396    0.37672    0.95833    0.12073    0.29692    0.30031    0.57287
   0.23575    0.04167    0.60807    0.71957    0.15240    0.54167    0.43823    0.04167    0.20833    0.49200    0.36598    0.18438    0.31824    0.44396    0.43387    0.79167    0.07886    0.29692    0.30031    0.57287
