   0.75000    0.17857    0.67857    0.32143    0.60714    0.25000    0.96429    0.32143    0.53571    0.89286    0.46429    0.46429    0.82143    0.89286    0.96429    0.82143    0.75000    0.67857    0.96429    0.10714
   0.53571    0.60714    0.25000    0.75000    0.82143    0.96429    0.67857    0.53571    0.89286    0.46429    0.39286    0.96429    0.53571    0.03571    0.17857    0.53571    0.60714    0.25000    0.53571    0.96429
   0.89286    0.32143    0.53571    0.60714    0.75000    0.82143    0.89286    0.39286    0.03571    0.82143    0.10714    0.10714    0.03571    0.46429    0.53571    0.32143    0.53571    0.96429    0.67857    0.17857
   0.67857    0.03571    0.82143    0.46429    0.32143    0.89286    0.75000    0.03571    0.75000    0.03571    0.96429    0.32143    0.10714    0.67857    0.32143    0.10714    0.96429    0.89286    0.75000    0.53571
   0.39286    0.75000    0.89286    0.17857    0.53571    0.46429    0.39286    0.25000    0.67857    0.25000    0.17857    0.25000    0.25000    0.39286    0.10714    0.96429    0.10714    0.39286    0.17857    0.67857
   0.03571    0.53571    0.96429    0.89286    0.03571    0.67857    0.53571    0.89286    0.17857    0.39286    0.32143    0.17857    0.60714    0.25000    0.25000    0.75000    0.32143    0.17857    0.89286    0.39286
   0.82143    0.10714    0.39286    0.96429    0.89286    0.60714    0.17857    0.17857    0.39286    0.67857    0.75000    0.39286    0.32143    0.82143    0.60714    0.60714    0.17857    0.53571    0.60714    0.25000
   0.17857    0.89286    0.60714    0.03571    0.10714    0.39286    0.82143    0.82143    0.60714    0.32143    0.25000    0.60714    0.67857    0.17857    0.39286    0.39286    0.82143    0.46429    0.39286    0.75000
   0.96429    0.46429    0.03571    0.10714    0.96429    0.32143    0.46429    0.10714    0.82143    0.60714    0.67857    0.82143    0.39286    0.75000    0.75000    0.25000    0.67857    0.82143    0.10714    0.60714
   0.60714    0.25000    0.10714    0.82143    0.46429    0.53571    0.60714    0.75000    0.32143    0.75000    0.82143    0.75000    0.75000    0.60714    0.89286    0.03571    0.89286    0.60714    0.82143    0.32143
   0.32143    0.96429    0.17857    0.53571    0.67857    0.10714    0.25000    0.96429    0.25000    0.96429    0.03571    0.67857    0.89286    0.32143    0.67857    0.89286    0.03571    0.10714    0.25000    0.46429
   0.10714    0.67857    0.46429    0.39286    0.25000    0.17857    0.10714    0.60714    0.96429    0.17857    0.89286    0.89286    0.96429    0.53571    0.46429    0.67857    0.46429    0.03571    0.32143    0.82143
   0.46429    0.39286    0.75000    0.25000    0.17857    0.03571    0.32143    0.46429    0.10714    0.53571    0.60714    0.03571    0.46429    0.96429    0.82143    0.46429    0.39286    0.75000    0.46429    0.03571
   0.25000    0.82143    0.32143    0.67857    0.39286    0.75000    0.03571    0.67857    0.46429    0.10714    0.53571    0.53571    0.17857    0.10714    0.03571    0.17857    0.25000    0.32143    0.03571    0.89286
   0.31363    0.95686    0.17954    0.93372    0.11397    0.00534    0.16035    0.34541    0.12672    0.33392    0.19320    0.85356    0.00039    0.06673    0.09469    0.19464    0.17144    0.25020    0.62976    0.19443
   0.39825    0.28602    0.01145    0.06122    0.00076    0.25000    0.02174    0.06029    0.21144    0.01734    0.08696    0.05470    0.00879    0.39114    0.08870    0.00416    0.60714    0.01690    0.96091    0.00455
   0.29220    0.02729    0.39459    0.37226    0.00682    0.01193    0.58908    0.53585    0.01383    0.15291    0.25112    0.24161    0.30800    0.00015    0.32143    0.12256    0.26965    0.19468    0.97810    0.08770
   0.78314    0.21484    0.53921    0.01839    0.03217    0.02218    0.39286    0.71957    0.37191    0.33392    0.44087    0.42648    0.09418    0.56046    0.32143    0.20604    0.73551    0.55370    0.99936    0.05234
   0.41907    0.75630    0.16068    0.82887    0.06482    0.27434    0.39286    0.11159    0.86082    0.86993    0.42456    0.46429    0.77162    0.96978    0.00019    0.12081    0.93460    0.34717    0.71532    0.55204
   0.39825    0.42348    0.65211    0.25134    0.04275    0.25000    0.03507    0.22078    0.16963    0.09601    0.33982    0.46429    0.52905    0.10380    0.25101    0.19464    0.29632    0.57447    0.52448    0.71057
   0.60960    0.43562    0.39459    0.41322    0.07614    0.13997    0.54370    0.39881    0.21144    0.33392    0.39286    0.57935    0.34677    0.38006    0.27563    0.32612    0.59335    0.14337    0.78371    0.80666
   0.46107    0.45999    0.39459    0.41250    0.06461    0.28211    0.36096    0.41978    0.21144    0.33392    0.31130    0.47352    0.12473    0.54084    0.36227    0.52912    0.60714    0.39570    0.01680    0.55204
   0.61695    0.43562    0.51136    0.13429    0.37915    0.28211    0.39286    0.49072    0.40538    0.04256    0.59940    0.25211    0.30800    0.28049    0.12300    0.21224    0.60714    0.43438    0.11153    0.58697
   0.56909    0.36548    0.10182    0.38932    0.36752    0.02518    0.00837    0.53585    0.08929    0.33392    0.39286    0.48948    0.38852    0.38006    0.53237    0.32612    0.30615    0.22233    0.21759    0.15846
   0.45739    0.37826    0.39459    0.41250    0.29394    0.54582    0.39286    0.43362    0.25481    0.38568    0.39286    0.46429    0.30800    0.38006    0.32143    0.29169    0.48891    0.42969    0.11153    0.55204
   0.48096    0.32904    0.39459    0.41250    0.47188    0.28211    0.39286    0.44678    0.30268    0.45886    0.38386    0.46429    0.26157    0.38006    0.32143    0.32612    0.48891    0.39570    0.02105    0.55204
   0.39825    0.62077    0.39459    0.59902    0.64785    0.28211    0.39286    0.53585    0.58750    0.41262    0.27448    0.46429    0.30800    0.38006    0.32143    0.79802    0.19564    0.47070    0.11153    0.46182
   0.68432    0.44600    0.53490    0.56526    0.84789    0.28211    0.39286    0.53585    0.84157    0.02243    0.42857    0.63554    0.39912    0.38006    0.32143    0.34187    0.48891    0.39570    0.11153    0.65131
   0.39152    0.38638    0.39459    0.48256    0.47188    0.30170    0.44272    0.51377    0.30268    0.38568    0.39286    0.52501    0.30800    0.38006    0.32143    0.39315    0.48891    0.32223    0.59909    0.55204
   0.43967    0.43562    0.41322    0.41250    0.54810    0.25364    0.39286    0.50195    0.30268    0.38568    0.37856    0.46429    0.35963    0.38006    0.35323    0.34187    0.48891    0.50721    0.16368    0.55204
   0.34955    0.44335    0.08112    0.41250    0.99087    0.15374    0.46938    0.38444    0.13490    0.61935    0.37856    0.28272    0.16167    0.30447    0.35323    0.34187    0.48891    0.39570    0.29861    0.55204
   0.46666    0.37477    0.48669    0.41250    0.47188    0.38093    0.39286    0.52370    0.30268    0.09705    0.30502    0.46429    0.31304    0.63247    0.61141    0.34187    0.55867    0.67703    0.29861    0.53658
   0.42365    0.38960    0.36368    0.41250    0.48007    0.38093    0.41472    0.50195    0.30268    0.38568    0.37856    0.46429    0.36639    0.38006    0.35323    0.34187    0.48891    0.39570    0.29861    0.55405
   0.41843    0.38960    0.39459    0.35240    0.46985    0.37397    0.39286    0.50195    0.30268    0.38568    0.37856    0.49354    0.38426    0.38006    0.39097    0.34187    0.48891    0.39570    0.36389    0.53658
   0.41843    0.29387    0.06515    0.45694    0.46985    0.37397    0.25524    0.50195    0.54895    0.39384    0.37856    0.26397    0.39688    0.38006    0.52587    0.35886    0.10067    0.39570    0.36389    0.53658
   0.40531    0.38960    0.39459    0.40790    0.28606    0.37397    0.54395    0.55328    0.51363    0.49682    0.26578    0.46429    0.24588    0.45660    0.35323    0.44557    0.66712    0.67342    0.00212    0.46022
   0.41843    0.38960    0.39459    0.41250    0.57025    0.39476    0.39286    0.55328    0.51204    0.37771    0.37856    0.40235    0.31304    0.38006    0.35323    0.44423    0.43778    0.39570    0.36389    0.53658
   0.38279    0.38666    0.37110    0.42794    0.46985    0.39476    0.42749    0.55328    0.27516    0.38568    0.37856    0.40235    0.29344    0.39054    0.35323    0.31034    0.41376    0.39570    0.36389    0.53658
   0.38279    0.38960    0.49664    0.55663    0.19701    0.29815    0.39279    0.69257    0.27516    0.36161    0.43643    0.48168    0.41860    0.39570    0.35323    0.34187    0.43778    0.27589    0.36389    0.30576
   0.38279    0.38960    0.51081    0.55663    0.46985    0.39476    0.39286    0.55406    0.42460    0.37421    0.37856    0.27864    0.34291    0.11251    0.35323    0.34187    0.38955    0.43274    0.35662    0.53658
   0.38279    0.38353    0.39459    0.55663    0.46985    0.39476    0.39286    0.55328    0.43720    0.35459    0.37856    0.40235    0.36891    0.39054    0.35323    0.30335    0.42880    0.38064    0.43690    0.41124
   0.38279    0.37607    0.40605    0.55663    0.46985    0.39476    0.39286    0.55328    0.38687    0.41723    0.37856    0.41044    0.36891    0.39054    0.35323    0.34187    0.42880    0.39583    0.36389    0.37203
   0.42620    0.38353    0.39459    0.60545    0.36757    0.18608    0.39286    0.55328    0.27344    0.38568    0.37856    0.35721    0.35918    0.17707    0.35323    0.34187    0.42880    0.39552    0.00356    0.41124
   0.38279    0.38353    0.39459    0.43629    0.52625    0.39476    0.42292    0.55328    0.27516    0.26277    0.37856    0.40235    0.35918    0.39054    0.35323    0.34187    0.29031    0.39583    0.36389    0.11924
   0.38279    0.38353    0.39459    0.43629    0.48015    0.35235    0.38393    0.55328    0.38933    0.38568    0.40663    0.40235    0.35918    0.39054    0.35426    0.34993    0.48008    0.39583    0.36389    0.41124
   0.37550    0.40175    0.39459    0.43629    0.46985    0.42602    0.38431    0.55328    0.33221    0.38150    0.37856    0.40235    0.37580    0.39054    0.35323    0.34187    0.42880    0.39583    0.32292    0.41124
   0.55455    0.20932    0.39459    0.43629    0.56398    0.52104    0.34751    0.54088    0.27516    0.38150    0.37856    0.19180    0.05032    0.75661    0.36508    0.34187    0.42880    0.39583    0.65208    0.43196
   0.38279    0.38353    0.39459    0.39761    0.39515    0.36715    0.39286    0.55328    0.27516    0.38150    0.37856    0.40235    0.35918    0.44234    0.35323    0.34187    0.45301    0.38691    0.17007    0.41124
   0.38279    0.38353    0.39459    0.51991    0.47667    0.36715    0.39286    0.55328    0.27516    0.38150    0.37856    0.40235    0.35918    0.39054    0.35323    0.34187    0.44713    0.40035    0.32229    0.41124
   0.38279    0.36966    0.39459    0.43629    0.46985    0.36715    0.39286    0.55328    0.27516    0.38150    0.37856    0.40235    0.35918    0.39054    0.35323    0.34187    0.44125    0.39583    0.36389    0.41124
   0.38279    0.38353    0.39459    0.11766    0.46985    0.39001    0.44973    0.45031    0.28589    0.38150    0.37856    0.81424    0.42372    0.39054    0.35323    0.34187    0.43151    0.40829    0.28644    0.19360
   0.38279    0.40133    0.42335    0.50608    0.46985    0.36715    0.32634    0.44229    0.27750    0.38150    0.37856    0.40235    0.35918    0.39054    0.33055    0.34187    0.51619    0.34666    0.36389    0.52206
   0.38279    0.38353    0.39459    0.50608    0.46985    0.37201    0.41005    0.40935    0.32921    0.38150    0.41980    0.40235    0.32664    0.39054    0.35323    0.34187    0.44125    0.43013    0.38322    0.41124
   0.38279    0.38353    0.39459    0.50608    0.45892    0.36715    0.39286    0.40935    0.28589    0.38414    0.37459    0.40235    0.37889    0.38077    0.35323    0.31982    0.43586    0.41624    0.38322    0.41124
   0.42494    0.39626    0.28040    0.28972    0.46985    0.35468    0.46314    0.40935    0.28589    0.39349    0.39919    0.40235    0.31632    0.49383    0.35588    0.34187    0.43356    0.45394    0.38322    0.41124
   0.38123    0.39626    0.45297    0.34889    0.46128    0.37981    0.41793    0.25594    0.28589    0.38150    0.37459    0.34158    0.35918    0.39054    0.35323    0.34187    0.44125    0.39583    0.44375    0.41124
   0.36627    0.39626    0.35601    0.46484    0.46128    0.37981    0.39286    0.40935    0.28589    0.38150    0.37459    0.40235    0.35842    0.39054    0.35323    0.40305    0.43262    0.39583    0.38322    0.33439
   0.39191    0.39626    0.36486    0.46163    0.46128    0.39512    0.39286    0.40935    0.28589    0.39089    0.37459    0.40235    0.36583    0.35755    0.35323    0.36449    0.43262    0.40077    0.38322    0.41124
   0.38279    0.34504    0.39459    0.50608    0.46594    0.28717    0.39286    0.40935    0.28589    0.38150    0.46012    0.73019    0.44107    0.11981    0.35791    0.47644    0.43262    0.39583    0.38322    0.67736
   0.40302    0.39626    0.39459    0.50282    0.45925    0.37981    0.39286    0.49872    0.30083    0.38150    0.34190    0.28429    0.35918    0.46518    0.35079    0.34187    0.43119    0.39583    0.36976    0.41124
   0.38279    0.39626    0.39459    0.37964    0.46128    0.37981    0.39286    0.37447    0.28589    0.38150    0.36104    0.40235    0.35918    0.42066    0.35323    0.36093    0.43262    0.39583    0.38236    0.41124
   0.38279    0.39626    0.38365    0.50608    0.46128    0.37981    0.38513    0.37447    0.29595    0.38150    0.36454    0.40235    0.35918    0.39054    0.35323    0.35815    0.44032    0.39583    0.38236    0.41124
   0.38279    0.36644    0.38365    0.53876    0.46128    0.36867    0.38272    0.30837    0.26147    0.38150    0.34967    0.09805    0.36823    0.46256    0.35186    0.34187    0.47018    0.39583    0.38236    0.41124
   0.38279    0.36644    0.37240    0.50608    0.46128    0.35498    0.38513    0.37447    0.31057    0.38318    0.36454    0.40235    0.36799    0.39054    0.35921    0.34187    0.43023    0.40737    0.38236    0.41124
   0.38279    0.36644    0.38365    0.50608    0.46128    0.38331    0.38513    0.37447    0.27756    0.38150    0.36454    0.40235    0.35918    0.39054    0.35323    0.34634    0.42590    0.39583    0.38236    0.41124
   0.39096    0.37181    0.38365    0.48744    0.46693    0.36867    0.39064    0.37447    0.27028    0.38150    0.36454    0.40235    0.36262    0.39054    0.35323    0.34634    0.43262    0.40190    0.39793    0.41124
   0.39128    0.37181    0.38365    0.40688    0.46128    0.36867    0.38513    0.32429    0.26805    0.37335    0.36454    0.21214    0.35872    0.39054    0.35323    0.34634    0.43262    0.39583    0.36536    0.66707
   0.38388    0.37181    0.38139    0.48744    0.46128    0.36867    0.39740    0.37447    0.28057    0.37716    0.36454    0.54519    0.36262    0.39054    0.35323    0.34634    0.43262    0.40352    0.32705    0.09264
   0.38279    0.37799    0.38139    0.48744    0.46128    0.36867    0.38513    0.37447    0.28345    0.37956    0.36454    0.37799    0.36262    0.39054    0.35323    0.34634    0.42777    0.39616    0.38236    0.41124
   0.38947    0.37181    0.38139    0.48001    0.45534    0.36867    0.38513    0.37447    0.30183    0.38150    0.36454    0.40693    0.36262    0.39054    0.35323    0.34634    0.42777    0.39583    0.37388    0.41124
   0.38947    0.37181    0.38139    0.48744    0.45534    0.36867    0.38513    0.37447    0.27756    0.38150    0.36454    0.37664    0.36262    0.44613    0.35637    0.39395    0.39429    0.40270    0.37388    0.41124
   0.38947    0.37181    0.38139    0.49684    0.44309    0.36867    0.38513    0.37447    0.27756    0.38150    0.36321    0.40235    0.36262    0.18249    0.35495    0.34634    0.39429    0.39583    0.37388    0.30004
   0.38947    0.37073    0.38139    0.49684    0.45534    0.34814    0.38513    0.37447    0.29247    0.38150    0.36289    0.40235    0.36262    0.47244    0.35323    0.34634    0.37978    0.39920    0.37388    0.41124
   0.38947    0.37181    0.38139    0.49503    0.45534    0.38237    0.38321    0.37447    0.28022    0.89286    0.37237    0.40235    0.36262    0.39054    0.35488    0.34634    0.40989    0.39583    0.37388    0.40473
   0.38889    0.37181    0.36034    0.49684    0.45534    0.36867    0.40239    0.01000    0.30496    0.17857    0.34929    0.39163    0.36262    0.39054    0.25000    0.34634    0.40989    0.39583    0.39829    0.40473
   0.38947    0.37181    0.38139    0.49684    0.45534    0.36867    0.36784    0.19105    0.29247    0.60714    0.37624    0.40235    0.36262    0.37496    0.89286    0.34634    0.40989    0.40141    0.37388    0.24190
   0.17857    0.37181    0.38139    0.48596    0.45534    0.36867    0.38513    0.39895    0.29077    0.32143    0.36915    0.40235    0.36262    0.39054    0.60714    0.33351    0.38361    0.40317    0.37388    0.39046
   0.10714    0.37181    0.38139    0.49684    0.45534    0.36867    0.38513    0.38860    0.27653    0.53571    0.37838    0.40235    0.36262    0.39054    0.96429    0.34634    0.40989    0.40264    0.37388    0.39984
   0.39286    0.37181    0.37305    0.49684    0.45534    0.37406    0.38513    0.45264    0.33203    0.25000    0.35768    0.40235    0.36262    0.27727    0.32143    0.34634    0.40989    0.39312    0.35862    0.59177
   0.03571    0.37991    0.38139    0.48752    0.45534    0.36867    0.37795    0.37447    0.29247    0.03571    0.36454    0.40235    0.36262    0.36857    0.17857    0.34634    0.37661    0.39583    0.37388    0.39984
   0.46429    0.37181    0.37788    0.49840    0.45534    0.36867    0.38513    0.37447    0.29082    0.96429    0.36784    0.40235    0.36262    0.39054    0.53571    0.34634    0.40989    0.53571    0.37388    0.39984
   0.25000    0.37181    0.39286    0.48154    0.45534    0.36867    0.38122    0.37447    0.29247    0.75000    0.37220    0.40235    0.36504    0.40074    0.46429    0.34634    0.40102    0.39286    0.37388    0.38600
   0.32143    0.37181    0.53571    0.48154    0.53571    0.36322    0.38415    0.24313    0.29884    0.46429    0.37035    0.40235    0.36262    0.40945    0.82143    0.34634    0.40989    0.89286    0.37388    0.39984
   0.67857    0.37181    0.10714    0.48154    0.25000    0.36322    0.38122    0.39728    0.29247    0.67857    0.36454    0.41073    0.36262    0.39054    0.67857    0.34634    0.40989    0.25000    0.37388    0.39984
   0.75000    0.37181    0.75000    0.48154    0.67857    0.36322    0.38122    0.38775    0.29247    0.39286    0.36799    0.40235    0.67857    0.39692    0.03571    0.34752    0.39150    0.67857    0.37388    0.38024
   0.53571    0.37181    0.03571    0.48154    0.89286    0.36322    0.38305    0.37447    0.29204    0.82143    0.37248    0.40235    0.82143    0.39776    0.39286    0.34634    0.40989    0.82143    0.37388    0.39984
   0.96429    0.37181    0.82143    0.46135    0.03571    0.36322    0.38122    0.32182    0.28336    0.10714    0.32143    0.40235    0.89286    0.39054    0.10714    0.34590    0.40714    0.03571    0.37388    0.42669
   0.60714    0.37181    0.67857    0.46135    0.60714    0.36322    0.67857    0.37447    0.30212    0.03187    0.75000    0.40235    0.96429    0.44748    0.75000    0.34590    0.40989    0.96429    0.37388    0.37411
   0.89286    0.37181    0.32143    0.43930    0.82143    0.36322    0.25000    0.37962    0.29247    0.30941    0.89286    0.40235    0.46429    0.39054    0.26093    0.34590    0.40099    0.17857    0.37388    0.39984
   0.82143    0.37117    0.17857    0.44851    0.17857    0.36322    0.89286    0.37572    0.29247    0.19999    0.60714    0.40309    0.39286    0.40067    0.00840    0.34590    0.40588    0.32143    0.37388    0.39984
   0.18108    0.36445    0.96429    0.44851    0.39286    0.36322    0.82143    0.37447    0.29247    0.32204    0.82143    0.40215    0.75000    0.41092    0.18171    0.35267    0.41685    0.75000    0.36093    0.45588
   0.88401    0.37181    0.25000    0.40974    0.96429    0.32143    0.39286    0.37447    0.28329    0.08872    0.03571    0.40235    0.25000    0.39054    0.32143    0.35267    0.40989    0.10714    0.36065    0.39984
   0.39286    0.37181    0.89286    0.36183    0.10714    0.75000    0.03571    0.37447    0.29969    0.78458    0.53571    0.39992    0.60714    0.38204    0.32143    0.35267    0.46429    0.60714    0.36780    0.34424
   0.42452    0.37327    0.46429    0.40974    0.32143    0.53571    0.46429    0.37447    0.29674    0.32143    0.46429    0.39286    0.53571    0.39054    0.35677    0.34979    0.03571    0.46429    0.37077    0.40812
   0.39286    0.75000    0.60714    0.40974    0.75000    0.17857    0.53571    0.37447    0.29969    0.32143    0.96429    0.10714    0.03571    0.39054    0.32143    0.34979    0.17857    0.12958    0.37388    0.37513
   0.24501    0.32143    0.08802    0.37631    0.46429    0.60714    0.96429    0.39627    0.29969    0.05393    0.17857    0.67857    0.10714    0.39054    0.32143    0.34979    0.89286    0.09501    0.89286    0.40247
   0.39286    0.10714    0.32386    0.37619    0.21089    0.96429    0.60714    0.38071    0.29969    0.31758    0.39286    0.46429    0.17857    0.39054    0.74008    0.34979    0.39286    0.29387    0.82143    0.39984
   0.38320    0.39286    0.04126    0.40974    0.00326    0.89286    0.17857    0.38071    0.29408    0.37113    0.10714    0.03571    0.32143    0.38330    0.03043    0.35151    0.32143    0.45536    0.03571    0.39984
   0.15151    0.53571    0.77452    0.40974    0.06787    0.10714    0.10714    0.38071    0.29969    0.32143    0.25000    0.75000    0.63868    0.34639    0.18366    0.34979    0.25000    0.50163    0.75000    0.39984
   0.63357    0.96429    0.39286    0.39250    0.18210    0.03571    0.75000    0.38071    0.39286    0.18214    0.67857    0.17857    0.00660    0.38330    0.35425    0.34979    0.75000    0.45536    0.53571    0.34997
   0.45990    0.82143    0.02812    0.39250    0.07489    0.39286    0.32143    0.38951    0.46429    0.17555    0.10930    0.82143    0.24173    0.38330    0.35425    0.10714    0.67857    0.45536    0.39286    0.39984
   0.25938    0.17857    0.35994    0.39250    0.28767    0.82143    0.07153    0.37770    0.67857    0.32143    0.13313    0.25000    0.39393    0.37800    0.26212    0.53571    0.60714    0.45536    0.67857    0.38701
   0.50072    0.03571    0.35994    0.39250    0.25000    0.46429    0.04652    0.38071    0.96429    0.32143    0.03571    0.96429    0.21521    0.38330    0.35425    0.96429    0.10714    0.43376    0.32143    0.30615
   0.36550    0.46429    0.35994    0.39250    0.28233    0.25000    0.03571    0.96429    0.82143    0.54600    0.17492    0.53571    0.94788    0.34284    0.35425    0.82143    0.82143    0.45536    0.60714    0.38701
   0.39286    0.60714    0.46237    0.37243    0.28233    0.67857    0.08224    0.46429    0.25000    0.37685    0.80570    0.32143    0.42007    0.41818    0.44780    0.60714    0.96429    0.45536    0.46429    0.38701
   0.33904    0.89286    0.35994    0.37243    0.28233    0.58035    0.08224    0.25000    0.10714    0.31018    0.02050    0.89286    0.39286    0.38330    0.35425    0.32143    0.53571    0.45536    0.25000    0.38701
   0.44986    0.67857    0.38071    0.37243    0.28233    0.92588    0.08224    0.39286    0.89286    0.31018    0.28557    0.60714    0.26992    0.38330    0.41654    0.25000    0.36921    0.56767    0.96429    0.35857
   0.39286    0.25000    0.03681    0.37243    0.20301    0.19855    0.07654    0.32143    0.75000    0.28700    0.28557    0.83001    0.04098    0.37683    0.36043    0.75000    0.11189    0.45536    0.17857    0.38701
   0.39286    0.70436    0.35994    0.35945    0.44711    0.77320    0.06241    0.10714    0.17857    0.31018    0.85394    0.00732    0.16235    0.37555    0.36043    0.67857    0.36921    0.45536    0.10714    0.38701
   0.38546    0.07956    0.26598    0.34650    0.37787    0.58035    0.08224    0.82143    0.03571    0.31018    0.11376    0.09082    0.26992    0.37555    0.36043    0.39286    0.36921    0.45536    0.03146    0.35935
   0.35921    0.63464    0.35994    0.34925    0.28233    0.87963    0.00580    0.17857    0.32143    0.34423    0.14982    0.08511    0.09558    0.39527    0.36043    0.17857    0.36021    0.45536    0.01006    0.38701
   0.39959    0.32143    0.50555    0.35945    0.32092    0.47422    0.07037    0.89286    0.53571    0.34423    0.21156    0.82266    0.36381    0.37555    0.36043    0.03571    0.93312    0.62556    0.08788    0.33598
   0.38546    0.03806    0.35994    0.35945    0.47372    0.58035    0.11078    0.67857    0.60714    0.30420    0.46045    0.59246    0.19118    0.36529    0.38507    0.46429    0.36921    0.28132    0.03571    0.38701
   0.38546    0.13426    0.33709    0.35945    0.55906    0.70240    0.12389    0.60714    0.19086    0.33931    0.47842    0.51108    0.26992    0.37555    0.36043    0.89286    0.36921    0.49341    0.03571    0.38701
   0.38546    0.32143    0.44003    0.34301    0.39843    0.53710    0.45775    0.75000    0.00061    0.34423    0.47596    0.39286    0.29282    0.39999    0.36043    0.23271    0.17971    0.41846    0.01604    0.38701
   0.40954    0.32143    0.30153    0.35945    0.35832    0.56557    0.29240    0.53571    0.59936    0.51060    0.47596    0.72676    0.55602    0.35915    0.36043    0.17857    0.43492    0.51694    0.03571    0.38701
   0.40954    0.48128    0.34519    0.35119    0.35832    0.58035    0.23612    0.03571    0.43479    0.35256    0.47596    0.39286    0.17929    0.35915    0.62459    0.02300    0.36921    0.45536    0.04121    0.37455
   0.40221    0.32143    0.33709    0.37021    0.35832    0.58035    0.12292    0.07303    0.81997    0.34423    0.31844    0.39286    0.26992    0.35915    0.36043    0.17897    0.38819    0.44301    0.01026    0.37455
   0.40954    0.36184    0.32400    0.35945    0.35832    0.61619    0.29240    0.10315    0.23788    0.34332    0.47596    0.39837    0.28936    0.34560    0.36043    0.17857    0.11304    0.46826    0.23189    0.37455
   0.39747    0.32143    0.31282    0.35945    0.35832    0.58035    0.34496    0.06587    0.57644    0.34332    0.48989    0.30569    0.28936    0.34560    0.36043    0.17857    0.38819    0.46826    0.03571    0.37455
   0.40784    0.21523    0.06916    0.35945    0.56996    0.58035    0.37316    0.10714    0.51011    0.29396    0.75530    0.39286    0.28936    0.32102    0.75436    0.15387    0.38819    0.46826    0.03571    0.37455
   0.40231    0.32143    0.31282    0.35628    0.35832    0.58035    0.32720    0.06820    0.24547    0.34332    0.47596    0.42638    0.28936    0.34560    0.35446    0.17857    0.33033    0.46826    0.12299    0.37455
   0.40231    0.32961    0.28451    0.67857    0.35832    0.45615    0.58210    0.50476    0.51011    0.34332    0.47596    0.35261    0.35394    0.34560    0.36043    0.47800    0.64001    0.79198    0.01573    0.37455
   0.40231    0.32143    0.26881    0.46429    0.35832    0.45615    0.37316    0.13479    0.45431    0.34332    0.47990    0.69854    0.33871    0.34560    0.40294    0.12727    0.38819    0.11737    0.10876    0.37455
   0.41257    0.18168    0.31282    0.89286    0.24539    0.45615    0.37316    0.12008    0.45431    0.34332    0.47596    0.42169    0.30414    0.34560    0.07216    0.39992    0.42123    0.46826    0.03571    0.37778
   0.39788    0.25549    0.33710    0.60714    0.35832    0.59257    0.37316    0.35758    0.45431    0.36816    0.47596    0.39286    0.28936    0.34560    0.22884    0.39992    0.38819    0.47371    0.03571    0.37455
   0.43523    0.32143    0.33710    0.75000    0.35832    0.45615    0.37316    0.50517    0.80887    0.34332    0.47596    0.41452    0.28936    0.34560    0.31526    0.73779    0.34692    0.46826    0.03571    0.37455
   0.34938    0.30442    0.33710    0.03571    0.35832    0.45615    0.37316    0.50517    0.31158    0.34332    0.47596    0.48346    0.32103    0.34560    0.36043    0.09712    0.38819    0.43228    0.03571    0.37782
   0.38410    0.33531    0.33710    0.17857    0.35832    0.45615    0.37316    0.47526    0.49767    0.34332    0.33753    0.56875    0.28936    0.34560    0.36043    0.36433    0.40994    0.43825    0.09040    0.37455
   0.37757    0.32143    0.33710    0.82143    0.35832    0.47610    0.37316    0.04038    0.49767    0.34332    0.47596    0.41452    0.28936    0.34560    0.36043    0.36433    0.38819    0.46826    0.18787    0.36986
   0.35616    0.32143    0.28918    0.96429    0.35832    0.38756    0.53518    0.82462    0.35534    0.34332    0.48942    0.41452    0.28936    0.34560    0.32503    0.92393    0.39702    0.34779    0.03859    0.36032
   0.37117    0.32143    0.91715    0.25000    0.35832    0.45615    0.37316    0.47526    0.49767    0.34332    0.47596    0.41452    0.28936    0.34560    0.42330    0.36433    0.45435    0.41603    0.18787    0.33866
   0.37117    0.33522    0.33710    0.39286    0.46789    0.47575    0.35914    0.41028    0.47772    0.34332    0.54070    0.19202    0.28936    0.34560    0.36043    0.36433    0.33165    0.43442    0.21202    0.36986
   0.37117    0.36400    0.43951    0.10714    0.35832    0.45615    0.59767    0.59318    0.96772    0.35714    0.46655    0.41208    0.28936    0.34560    0.36043    0.36433    0.39702    0.44409    0.50925    0.37718
   0.35537    0.30029    0.38761    0.53571    0.35832    0.45615    0.37316    0.32879    0.49767    0.34332    0.44573    0.41452    0.55295    0.35696    0.36043    0.36433    0.39702    0.40619    0.21202    0.36986
   0.37117    0.30029    0.65357    0.32143    0.35832    0.45615    0.37316    0.41025    0.49767    0.34332    0.46655    0.41452    0.30274    0.34560    0.36043    0.57800    0.33361    0.40021    0.21202    0.36986
   0.37117    0.25419    0.33710    0.18877    0.42342    0.45615    0.37316    0.45659    0.49016    0.34332    0.46655    0.45910    0.28936    0.34790    0.39083    0.31277    0.46086    0.35024    0.21202    0.36986
   0.37117    0.30712    0.41290    0.01137    0.27237    0.42375    0.37316    0.45659    0.49016    0.34332    0.46655    0.41452    0.28936    0.35023    0.36043    0.45486    0.41281    0.38163    0.21202    0.36986
   0.37117    0.30029    0.38395    0.46429    0.36740    0.49256    0.37316    0.45659    0.45051    0.34636    0.46655    0.39550    0.00688    0.34790    0.36043    0.36433    0.44992    0.38401    0.21202    0.36986
   0.35762    0.31081    0.34297    0.46429    0.37377    0.45428    0.37316    0.45659    0.49016    0.27282    0.46655    0.39550    0.50786    0.34790    0.36043    0.03805    0.39702    0.40021    0.21202    0.37642
   0.37117    0.30029    0.38395    0.72564    0.35832    0.45615    0.37316    0.46774    0.49016    0.41315    0.46655    0.35185    0.23626    0.34790    0.36043    0.27775    0.39702    0.40021    0.21202    0.36986
   0.37117    0.28714    0.38395    0.46429    0.35832    0.41585    0.18019    0.32886    0.49016    0.34332    0.46655    0.39550    0.34449    0.35165    0.36043    0.31697    0.41498    0.36158    0.49724    0.36986
   0.37117    0.30029    0.38395    0.48887    0.35832    0.45615    0.62278    0.45659    0.65468    0.34332    0.46655    0.39550    0.34449    0.35094    0.36043    0.31697    0.39702    0.41249    0.39160    0.17857
   0.37117    0.30029    0.53150    0.50127    0.35832    0.45615    0.37316    0.45659    0.49016    0.34332    0.48460    0.39550    0.34449    0.53571    0.38823    0.31697    0.38333    0.40021    0.37174    0.53571
   0.38096    0.30299    0.38395    0.01461    0.35832    0.44523    0.37316    0.50628    0.49016    0.34332    0.46655    0.46296    0.34449    0.10714    0.36043    0.31697    0.37223    0.40021    0.39532    0.03571
   0.37117    0.29401    0.36977    0.64631    0.35832    0.44523    0.37316    0.43055    0.52030    0.34332    0.44444    0.34993    0.36951    0.03571    0.36043    0.31697    0.39702    0.40021    0.37174    0.25000
   0.37117    0.30299    0.36977    0.48887    0.35832    0.44523    0.15040    0.31167    0.49016    0.34332    0.42247    0.39550    0.44146    0.75000    0.36043    0.31697    0.39702    0.40021    0.46084    0.60714
   0.37117    0.30299    0.36977    0.48887    0.35055    0.43391    0.37316    0.38081    0.49016    0.34332    0.44444    0.39550    0.18439    0.17857    0.36043    0.31697    0.39702    0.41816    0.37174    0.89286
   0.37117    0.30299    0.36977    0.08610    0.35832    0.42494    0.37316    0.41576    0.49016    0.34332    0.45458    0.39550    0.34449    0.39286    0.35784    0.30053    0.39702    0.40802    0.46860    0.32143
   0.37117    0.32230    0.37800    0.27669    0.35832    0.43391    0.37316    0.45659    0.49016    0.34332    0.44287    0.40214    0.34449    0.67857    0.36043    0.31697    0.39702    0.40021    0.44950    0.67857
   0.37117    0.30299    0.36977    0.46036    0.35832    0.43391    0.37316    0.45659    0.45696    0.34332    0.44444    0.39550    0.18056    0.32143    0.36043    0.31697    0.39702    0.40021    0.20294    0.10714
   0.37117    0.29725    0.36977    0.46036    0.35832    0.41701    0.37316    0.45659    0.49016    0.34332    0.44444    0.28181    0.34449    0.60714    0.36043    0.31697    0.39702    0.43816    0.33886    0.39286
   0.37197    0.29103    0.36977    0.46036    0.35561    0.45811    0.37316    0.43710    0.49016    0.34332    0.44444    0.39550    0.34449    0.82143    0.36043    0.31697    0.39702    0.40021    0.33886    0.75000
   0.37117    0.30299    0.36977    0.61388    0.35832    0.43391    0.40257    0.63048    0.56407    0.34332    0.44444    0.39550    0.34449    0.25000    0.36043    0.31697    0.39702    0.40021    0.53577    0.96429
   0.37804    0.30741    0.36977    0.46036    0.35832    0.43391    0.37316    0.45659    0.46352    0.34332    0.44444    0.39550    0.34449    0.96429    0.36043    0.36720    0.40857    0.39920    0.42906    0.46429
   0.37117    0.29826    0.30647    0.42157    0.35832    0.40981    0.37316    0.44087    0.46352    0.34332    0.43242    0.39550    0.34449    0.89286    0.36043    0.25434    0.40177    0.41227    0.33886    0.82143
   0.37117    0.30299    0.45698    0.15974    0.36355    0.43391    0.37316    0.44087    0.46352    0.34332    0.48031    0.39550    0.34449    0.46429    0.36043    0.31697    0.39702    0.40248    0.33886    0.95073
   0.82143    0.30299    0.36977    0.50942    0.37307    0.44474    0.37316    0.44087    0.40568    0.34332    0.40414    0.38605    0.34449    0.28741    0.27710    0.31998    0.39702    0.40021    0.32366    0.04657
   0.96429    0.30299    0.30758    0.42157    0.35707    0.43391    0.37316    0.44087    0.46352    0.34332    0.44444    0.38605    0.34449    0.29828    0.46436    0.30743    0.37655    0.40021    0.33886    0.53571
   0.53571    0.29826    0.42700    0.42157    0.35533    0.43391    0.37316    0.44087    0.44145    0.34332    0.44444    0.38605    0.34449    0.02664    0.36043    0.36692    0.39702    0.60714    0.33886    0.53571
   0.75000    0.28034    0.36977    0.25804    0.35832    0.43391    0.37895    0.44087    0.44145    0.34332    0.44444    0.38605    0.34449    0.28476    0.36043    0.31998    0.39702    0.96429    0.33886    0.01914
   0.60714    0.29826    0.36977    0.30631    0.35832    0.41818    0.37316    0.44087    0.44145    0.34332    0.44444    0.38605    0.34449    0.49967    0.36043    0.33098    0.39702    0.17857    0.18581    0.60818
   0.10714    0.29826    0.36977    0.42157    0.35718    0.43391    0.46713    0.44087    0.44145    0.34332    0.44444    0.38605    0.34449    0.15874    0.36043    0.31998    0.41236    0.67857    0.33886    0.53571
   0.67857    0.29826    0.36977    0.42157    0.35832    0.43391    0.35866    0.44087    0.44145    0.34332    0.44444    0.38605    0.34449    0.29828    0.36043    0.36770    0.39702    0.53571    0.33886    0.53571
   0.32143    0.32157    0.36977    0.28812    0.35832    0.43391    0.36244    0.44087    0.44145    0.34165    0.44857    0.26496    0.34449    0.29828    0.36043    0.31998    0.39702    0.25000    0.36184    0.53571
   0.89286    0.29826    0.36977    0.43585    0.35832    0.41496    0.37316    0.44087    0.32670    0.34332    0.44444    0.42320    0.34449    0.15293    0.36043    0.31998    0.39702    0.89286    0.28093    0.53571
   0.39286    0.29601    0.37908    0.42157    0.35832    0.41496    0.37316    0.44087    0.44145    0.34332    0.44444    0.38605    0.34449    0.29828    0.37204    0.31998    0.39702    0.10714    0.63182    0.53571
   0.25000    0.29601    0.32757    0.42734    0.35832    0.41496    0.37316    0.44087    0.45232    0.33476    0.44444    0.38605    0.34449    0.64763    0.37657    0.31998    0.39691    0.75000    0.33886    0.53571
   0.46429    0.29601    0.36977    0.39031    0.32143    0.40090    0.38036    0.44087    0.44145    0.34840    0.44588    0.38605    0.34449    0.29357    0.41069    0.31998    0.39702    0.46429    0.29315    0.57213
   0.03571    0.29601    0.36977    0.42734    0.17857    0.39945    0.37316    0.44087    0.44145    0.35091    0.44444    0.38605    0.34449    0.29828    0.37657    0.32526    0.17857    0.32143    0.33886    0.53571
   0.17857    0.29601    0.36977    0.42734    0.03571    0.41496    0.37316    0.44087    0.44145    0.17857    0.44444    0.37889    0.19748    0.29828    0.37657    0.32526    0.60714    0.82143    0.33886    0.52977
   0.18197    0.29601    0.36977    0.43463    0.53571    0.40257    0.37316    0.44087    0.44145    0.03571    0.44444    0.37889    0.48591    0.34841    0.38098    0.32526    0.67857    0.03571    0.37361    0.52977
   0.10038    0.96429    0.36977    0.42734    0.25000    0.42693    0.37316    0.43028    0.42821    0.89286    0.44487    0.37889    0.36698    0.20255    0.38098    0.32526    0.46429    0.39286    0.43183    0.77189
   0.04986    0.89286    0.32143    0.42734    0.60714    0.41496    0.37316    0.43028    0.44145    0.25000    0.89286    0.37889    0.36698    0.27507    0.38098    0.32526    0.89286    0.10810    0.37361    0.25865
   0.00088    0.17857    0.53571    0.42734    0.89286    0.41496    0.37316    0.35016    0.44145    0.39286    0.17857    0.37889    0.36698    0.29828    0.38883    0.32526    0.25000    0.06062    0.37361    0.65395
   0.84549    0.67857    0.89286    0.42734    0.10714    0.41496    0.37724    0.46319    0.44145    0.32143    0.03571    0.37889    0.37509    0.38017    0.38098    0.33540    0.03571    0.10714    0.37361    0.52977
   0.18036    0.53571    0.39286    0.42734    0.39286    0.41496    0.36035    0.43028    0.46832    0.53571    0.67857    0.37889    0.37509    0.35054    0.38098    0.32526    0.96429    0.01685    0.33356    0.94670
   0.00225    0.60714    0.03571    0.42734    0.75000    0.41496    0.37316    0.50133    0.44145    0.46429    0.75000    0.38275    0.37509    0.71154    0.38098    0.32526    0.75000    0.45149    0.37361    0.56114
   0.22691    0.75000    0.17857    0.42734    0.46429    0.41639    0.37316    0.42946    0.40660    0.67857    0.46429    0.37889    0.36179    0.21391    0.38098    0.34119    0.10714    0.96968    0.37361    0.52977
   0.57029    0.25000    0.75000    0.42734    0.96429    0.41639    0.37316    0.43028    0.44145    0.60714    0.39286    0.37889    0.37509    0.30645    0.38098    0.35582    0.53571    0.32414    0.37361    0.52977
   0.22691    0.39286    0.25000    0.25168    0.82143    0.41567    0.38565    0.41211    0.43481    0.75000    0.60714    0.37889    0.37509    0.30645    0.42587    0.32526    0.32143    0.57264    0.37361    0.56348
   0.28426    0.46429    0.82143    0.52483    0.67857    0.41639    0.37316    0.43028    0.44145    0.10714    0.53571    0.37889    0.37509    0.40881    0.35883    0.32526    0.39286    0.45149    0.37361    0.52977
   0.28426    0.32143    0.96429    0.35816    0.05659    0.41639    0.37316    0.43028    0.44145    0.96429    0.25000    0.37759    0.37509    0.40881    0.38098    0.32526    0.82143    0.45149    0.37361    0.55455
   0.37953    0.82143    0.60714    0.40690    0.00511    0.40544    0.37316    0.43028    0.44145    0.82143    0.32143    0.37759    0.37509    0.40881    0.38098    0.32526    0.03787    0.45149    0.34241    0.50429
   0.28426    0.10714    0.10714    0.42734    0.03571    0.39802    0.37316    0.43028    0.44145    0.20432    0.96429    0.37759    0.37509    0.40881    0.38098    0.33217    0.62486    0.46489    0.36097    0.38722
   0.25508    0.03571    0.46429    0.42734    0.03571    0.40544    0.35031    0.43028    0.44145    0.01833    0.82143    0.37759    0.37509    0.48239    0.38098    0.33217    0.15232    0.90698    0.36097    0.32856
   0.28426    0.24552    0.67857    0.42734    0.03571    0.40544    0.41082    0.43028    0.44145    0.06458    0.10714    0.37759    0.37509    0.40881    0.38408    0.33901    0.25000    0.90595    0.36097    0.38387
   0.28426    0.05506    0.97088    0.42734    0.27779    0.39743    0.36195    0.43028    0.45108    0.23147    0.05381    0.37759    0.37509    0.40881    0.38098    0.33217    0.65024    0.46489    0.36097    0.41974
   0.19795    0.34099    0.01033    0.42734    0.08158    0.40390    0.37316    0.43028    0.42501    0.22024    0.60053    0.37759    0.39301    0.40881    0.38098    0.32815    0.07181    0.46489    0.36849    0.41974
   0.28426    0.34099    0.28240    0.42734    0.00390    0.40390    0.36743    0.43028    0.43989    0.32143    0.89286    0.37759    0.36608    0.41834    0.38098    0.32787    0.25000    0.06699    0.38552    0.33736
   0.28426    0.95285    0.39286    0.42734    0.53593    0.40390    0.37316    0.43028    0.43989    0.32143    0.89286    0.37076    0.37144    0.40881    0.38098    0.32787    0.13572    0.23437    0.30963    0.41974
   0.07319    0.34099    0.08079    0.42734    0.13837    0.39888    0.37286    0.43028    0.43989    0.32143    0.27155    0.37076    0.37509    0.40881    0.38098    0.32573    0.25000    0.46489    0.36849    0.41974
   0.66973    0.21725    0.14639    0.42734    0.31487    0.39888    0.37071    0.43028    0.43989    0.41071    0.14098    0.37076    0.37509    0.43032    0.39422    0.32787    0.25000    0.46489    0.36849    0.32039
   0.28426    0.34099    0.39286    0.42734    0.39526    0.39888    0.37316    0.43028    0.43989    0.32143    0.27155    0.37076    0.37509    0.40881    0.38098    0.32392    0.31934    0.35228    0.36849    0.62918
   0.28426    0.33572    0.39286    0.42734    0.86554    0.39747    0.37316    0.43028    0.42848    0.32143    0.30426    0.37076    0.37509    0.50149    0.38098    0.32787    0.40527    0.20082    0.36849    0.40882
   0.28426    0.78465    0.48780    0.42734    0.77944    0.39888    0.37316    0.43028    0.43989    0.32143    0.48161    0.37076    0.37509    0.37472    0.38098    0.32787    0.31934    0.52953    0.36849    0.41974
   0.12814    0.34099    0.60673    0.42734    0.39526    0.39888    0.36964    0.42007    0.96429    0.22385    0.70012    0.38016    0.37509    0.44051    0.38098    0.17857    0.13911    0.46489    0.36849    0.19024
   0.28426    0.39123    0.37532    0.42734    0.48219    0.67857    0.37316    0.34108    0.17857    0.03796    0.06638    0.37603    0.37509    0.40881    0.38098    0.60714    0.31934    0.39163    0.43106    0.41974
   0.28426    0.58193    0.39286    0.42734    0.00652    0.53571    0.37316    0.42007    0.39286    0.39212    0.36836    0.37076    0.39501    0.40881    0.37308    0.25000    0.35789    0.46489    0.36849    0.41974
   0.23662    0.80613    0.51927    0.42734    0.57486    0.10714    0.37316    0.42007    0.32143    0.32143    0.36836    0.37076    0.35872    0.40881    0.38098    0.10714    0.57509    0.46489    0.36849    0.43925
   0.28426    0.56685    0.22657    0.43069    0.39526    0.39286    0.37008    0.42007    0.25000    0.59250    0.36836    0.46429    0.37509    0.40881    0.38927    0.32143    0.35789    0.46489    0.37248    0.41974
   0.28426    0.39123    0.43975    0.43069    0.43048    0.17857    0.37316    0.42007    0.46429    0.59250    0.36836    0.96429    0.37509    0.47327    0.38927    0.96429    0.58455    0.46489    0.39363    0.41974
   0.28426    0.62470    0.34973    0.43069    0.39526    0.96429    0.46429    0.42311    0.10714    0.70895    0.36836    0.25000    0.37509    0.43314    0.38785    0.53571    0.39366    0.43526    0.37248    0.41974
   0.07642    0.62470    0.00132    0.43069    0.39526    0.25000    0.17857    0.17857    0.89286    0.59250    0.37774    0.32143    0.37509    0.40881    0.38785    0.46429    0.38218    0.47947    0.37248    0.39161
   0.28426    0.62470    0.34973    0.43069    0.39526    0.75000    0.03571    0.03571    0.53571    0.59250    0.22479    0.39286    0.37509    0.40881    0.38496    0.03571    0.39366    0.49063    0.37248    0.41974
   0.28426    0.62470    0.34973    0.44891    0.43370    0.03571    0.32143    0.67857    0.75000    0.59250    0.47674    0.17857    0.37509    0.40053    0.38785    0.67857    0.53152    0.46489    0.37248    0.52521
   0.28426    0.62232    0.34973    0.41860    0.39526    0.82143    0.89286    0.25000    0.67857    0.59250    0.37774    0.89286    0.37509    0.40130    0.38351    0.89286    0.39366    0.46489    0.38357    0.46059
   0.28426    0.91289    0.34973    0.42653    0.55003    0.60714    0.60714    0.46429    0.60714    0.59250    0.37774    0.10714    0.32143    0.40881    0.38785    0.75000    0.36692    0.46489    0.38744    0.44297
   0.47531    0.53768    0.34894    0.43069    0.39526    0.89286    0.75000    0.10714    0.82143    0.86979    0.39842    0.82143    0.60714    0.40881    0.38785    0.39286    0.39366    0.46489    0.41230    0.51700
   0.28426    0.46936    0.34973    0.42743    0.39526    0.46429    0.25000    0.39286    0.03571    0.37009    0.39842    0.60714    0.10714    0.40881    0.46429    0.82143    0.39366    0.46489    0.38744    0.41974
   0.28426    0.53768    0.34973    0.42856    0.39526    0.32143    0.39286    0.60714    0.25357    0.49445    0.35324    0.67857    0.75000    0.36887    0.17857    0.02258    0.39366    0.46489    0.38744    0.41974
   0.28426    0.53768    0.09228    0.42714    0.52083    0.34390    0.10714    0.89286    0.06611    0.41627    0.63301    0.75000    0.53571    0.40881    0.75000    0.02123    0.39366    0.46489    0.38744    0.42616
   0.28426    0.53768    0.34973    0.43026    0.39526    0.91386    0.67857    0.53571    0.43600    0.19749    0.39842    0.03571    0.17857    0.40881    0.03571    0.14203    0.39366    0.45191    0.38744    0.42616
   0.28426    0.53768    0.34973    0.42196    0.39526    0.37990    0.96429    0.75000    0.25000    0.45329    0.39842    0.53571    0.03571    0.40881    0.60714    0.23950    0.45249    0.45191    0.43151    0.42815
   0.28426    0.94795    0.34973    0.42714    0.37921    0.05164    0.82143    0.32143    0.20929    0.37009    0.43592    0.99295    0.96429    0.42723    0.89286    0.00493    0.39366    0.38243    0.38744    0.42616
   0.28426    0.53768    0.34973    0.42714    0.39526    0.41982    0.53571    0.96429    0.09517    0.37009    0.33500    0.19153    0.82143    0.40741    0.32143    0.14552    0.39366    0.45530    0.38744    0.42616
   0.28426    0.53768    0.34973    0.67857    0.39526    0.37990    0.82185    0.82143    0.25000    0.37009    0.32176    0.00508    0.46429    0.40881    0.67857    0.23950    0.39366    0.46384    0.38744    0.42616
   0.28426    0.53768    0.40360    0.82143    0.47603    0.37990    0.05733    0.14595    0.25000    0.37009    0.39842    0.16236    0.25000    0.39664    0.10714    0.24817    0.39366    0.45530    0.38744    0.42616
   0.28426    0.56497    0.34973    0.10714    0.39526    0.37990    0.49655    0.06038    0.49543    0.40613    0.37749    0.32143    0.89286    0.42994    0.39286    0.38721    0.39366    0.45530    0.38744    0.42616
   0.28426    0.53768    0.34973    0.53571    0.39526    0.37990    0.30278    0.08451    0.05303    0.37009    0.39842    0.32143    0.39286    0.40881    0.96429    0.05966    0.39366    0.45530    0.38744    0.42616
   0.28426    0.53768    0.34973    0.60714    0.39526    0.37990    0.74731    0.00285    0.33549    0.37009    0.39842    0.36930    0.67857    0.40876    0.25000    0.08608    0.31845    0.45530    0.38744    0.42616
   0.28426    0.53768    0.34973    0.75000    0.36936    0.29557    0.17043    0.00984    0.25000    0.37009    0.39842    0.32143    0.88637    0.40881    0.82143    0.10857    0.41855    0.49893    0.38744    0.42616
   0.29773    0.53768    0.34973    0.96429    0.39526    0.37990    0.46429    0.10714    0.25441    0.37009    0.39842    0.36329    0.23172    0.40881    0.53571    0.44074    0.41271    0.45530    0.38744    0.42616
   0.60943    0.53768    0.34973    0.03571    0.39526    0.67439    0.46429    0.10714    0.22215    0.44120    0.24304    0.32143    0.11776    0.40881    0.64501    0.05055    0.30885    0.45530    0.38744    0.42616
   0.45248    0.53768    0.45602    0.25000    0.39526    0.37990    0.46429    0.00067    0.33792    0.11651    0.39842    0.32143    0.32143    0.40881    0.27659    0.00688    0.41271    0.45530    0.38744    0.42616
   0.35802    0.53574    0.22486    0.39286    0.51078    0.37990    0.22575    0.51893    0.25000    0.37009    0.39842    0.32143    0.32143    0.40881    0.07898    0.00127    0.41271    0.39806    0.38744    0.42616
   0.30657    0.18595    0.37904    0.46429    0.43562    0.37990    0.54659    0.51893    0.25000    0.33247    0.39842    0.03622    0.19012    0.39666    0.46429    0.00688    0.41271    0.45530    0.38744    0.42616
   0.30657    0.53768    0.34973    0.89286    0.39526    0.37990    0.35112    0.53965    0.25000    0.31050    0.54577    0.24379    0.50198    0.40881    0.72723    0.00688    0.41271    0.45530    0.38744    0.42616
   0.30657    0.53768    0.49248    0.17857    0.39526    0.09996    0.43498    0.34069    0.25000    0.37009    0.39842    0.28801    0.63999    0.40881    0.46429    0.14034    0.54077    0.50290    0.38744    0.57698
   0.30657    0.56597    0.34973    0.32143    0.40618    0.45168    0.43940    0.98033    0.25000    0.37009    0.39842    0.30273    0.49597    0.41815    0.28527    0.14034    0.35460    0.38912    0.37182    0.42616
   0.30657    0.53768    0.34973    0.66733    0.40618    0.37990    0.31728    0.29337    0.12473    0.37009    0.39842    0.58778    0.62828    0.40224    0.38154    0.57930    0.41271    0.45530    0.37182    0.42616
   0.30657    0.53768    0.34973    0.01155    0.40055    0.37990    0.35112    0.51893    0.25000    0.37009    0.39842    0.40800    0.60124    0.67857    0.92055    0.23733    0.41271    0.45530    0.82143    0.42616
   0.30657    0.48937    0.34973    0.00704    0.40618    0.37990    0.48095    0.51893    0.25000    0.37009    0.46251    0.32143    0.56209    0.17857    0.71628    0.14034    0.41271    0.45530    0.75000    0.25458
   0.30657    0.55723    0.34973    0.25000    0.40618    0.37990    0.45003    0.51893    0.25000    0.37009    0.39842    0.33374    0.50198    0.10714    0.68784    0.14034    0.41271    0.45530    0.10714    0.42616
   0.30657    0.53768    0.34973    0.55574    0.40618    0.37990    0.39960    0.41824    0.25000    0.37009    0.39270    0.30497    0.50198    0.60714    0.46429    0.14034    0.41271    0.45530    0.32143    0.42616
   0.19325    0.43309    0.34973    0.11238    0.40618    0.56694    0.39960    0.41824    0.25000    0.37009    0.39842    0.33374    0.50198    0.96429    0.28054    0.14034    0.41271    0.45649    0.03571    0.42616
   0.30657    0.43309    0.34973    0.20580    0.42208    0.37990    0.39960    0.49669    0.36097    0.37009    0.39842    0.36595    0.50198    0.25000    0.46429    0.14034    0.41271    0.45649    0.53571    0.42616
   0.30657    0.43309    0.34973    0.25000    0.40618    0.37990    0.36570    0.31673    0.19942    0.37009    0.39968    0.38275    0.50198    0.53571    0.46429    0.14034    0.41271    0.45649    0.39286    0.42616
   0.30657    0.43309    0.34973    0.25000    0.40618    0.37038    0.38379    0.41824    0.26494    0.37009    0.39842    0.36595    0.50750    0.46429    0.46429    0.03474    0.40874    0.45649    0.60714    0.42616
   0.30657    0.43309    0.34973    0.00281    0.40618    0.43531    0.35738    0.41824    0.25000    0.37009    0.40394    0.36625    0.50198    0.75000    0.86885    0.14034    0.40874    0.45649    0.46429    0.42616
   0.30657    0.43309    0.34973    0.17282    0.40618    0.48529    0.35738    0.41824    0.28059    0.37009    0.39842    0.36595    0.50152    0.03571    0.46429    0.07970    0.40874    0.45649    0.96429    0.50189
   0.30657    0.37201    0.34973    0.43271    0.40618    0.37990    0.35738    0.41824    0.28059    0.37009    0.39724    0.36595    0.50152    0.39286    0.50345    0.14034    0.40874    0.45649    0.67857    0.39286
   0.30657    0.57315    0.34973    0.07629    0.40618    0.43073    0.35738    0.41824    0.28059    0.37009    0.39842    0.36595    0.50152    0.89286    0.49307    0.17704    0.40874    0.45649    0.89286    0.42616
   0.30657    0.43309    0.34028    0.25125    0.40618    0.13406    0.35738    0.53833    0.28059    0.37009    0.39842    0.42607    0.50152    0.82143    0.24919    0.02337    0.42267    0.45649    0.25000    0.42616
   0.30657    0.45379    0.34973    0.25000    0.40618    0.43073    0.38775    0.36966    0.26126    0.37009    0.39842    0.36595    0.50152    0.32143    0.32919    0.12854    0.40874    0.45649    0.17857    0.42616
   0.30657    0.49509    0.34973    0.25000    0.40618    0.43073    0.35738    0.21279    0.28059    0.37009    0.39842    0.36595    0.50152    0.70934    0.41149    0.14034    0.40874    0.45649    0.08877    0.43109
   0.30657    0.43309    0.34973    0.25000    0.40618    0.43073    0.35738    0.55477    0.28059    0.37009    0.39842    0.38042    0.50152    0.24016    0.41149    0.14034    0.40874    0.45649    0.32143    0.42616
   0.30657    0.43309    0.34973    0.25000    0.40618    0.72888    0.35738    0.36966    0.28059    0.37009    0.39842    0.40280    0.43318    0.56573    0.75365    0.25654    0.40167    0.45649    0.01085    0.42396
   0.30657    0.43309    0.32845    0.19520    0.40618    0.43073    0.35738    0.36966    0.28059    0.37009    0.39842    0.36595    0.50152    0.25000    0.40904    0.25654    0.40167    0.45649    0.68085    0.42396
   0.30657    0.45440    0.36334    0.25000    0.38753    0.43073    0.25056    0.36966    0.28059    0.37009    0.39347    0.36595    0.40617    0.09158    0.41149    0.24155    0.40167    0.45649    0.32143    0.42225
   0.30657    0.43309    0.34973    0.25000    0.40447    0.43073    0.35738    0.36966    0.23401    0.37009    0.39842    0.23355    0.50152    0.65343    0.41149    0.25654    0.39619    0.45649    0.32143    0.42221
   0.30657    0.43309    0.34973    0.18407    0.40618    0.43073    0.35738    0.40439    0.28059    0.37009    0.39842    0.36595    0.45764    0.32616    0.41134    0.27849    0.39619    0.45649    0.32143    0.42396
   0.30657    0.43309    0.35146    0.25000    0.40618    0.43073    0.35210    0.36966    0.28059    0.37009    0.39229    0.40531    0.50152    0.28407    0.42037    0.27849    0.39619    0.45426    0.32143    0.42477
   0.30657    0.43309    0.34973    0.28722    0.40618    0.43073    0.35738    0.36966    0.28059    0.37009    0.39842    0.36595    0.50152    0.40863    0.41149    0.29108    0.39619    0.45426    0.21501    0.42477
   0.30657    0.43309    0.34834    0.28722    0.40618    0.43073    0.35738    0.36966    0.33622    0.37009    0.39842    0.36595    0.50152    0.53693    0.41149    0.29108    0.38966    0.43864    0.65186    0.75000
   0.00857    0.43309    0.37109    0.25157    0.40618    0.43073    0.35738    0.36966    0.28059    0.37009    0.39842    0.36595    0.50152    0.32616    0.41149    0.33774    0.39619    0.42161    0.24008    0.39286
   0.30657    0.43309    0.33999    0.28722    0.40618    0.43073    0.40881    0.36966    0.28059    0.37009    0.38797    0.38624    0.50152    0.32616    0.41149    0.32880    0.39619    0.42161    0.42097    0.10714
   0.30657    0.43309    0.34599    0.28722    0.40618    0.43073    0.22450    0.36966    0.28059    0.37009    0.60714    0.37937    0.50152    0.32616    0.41149    0.40162    0.39619    0.42161    0.34151    0.96429
   0.30657    0.42520    0.34613    0.28722    0.40618    0.43073    0.38303    0.48073    0.28059    0.37009    0.82143    0.37937    0.50152    0.43456    0.41149    0.32880    0.39619    0.39252    0.43779    0.82143
   0.64537    0.43309    0.34973    0.28722    0.40210    0.43073    0.35738    0.36966    0.28059    0.37009    0.25000    0.37937    0.55231    0.32616    0.41149    0.32880    0.39619    0.42161    0.41172    0.67857
   0.30657    0.43309    0.34973    0.28722    0.40210    0.43073    0.35738    0.36966    0.28059    0.37009    0.67857    0.37937    0.48181    0.32616    0.41149    0.39693    0.39619    0.42161    0.41172    0.46429
   0.30657    0.43309    0.34601    0.28722    0.40210    0.43073    0.35738    0.36966    0.28059    0.37009    0.96429    0.37434    0.48181    0.32616    0.41149    0.27448    0.39619    0.42161    0.40408    0.53571
   0.30657    0.43309    0.82143    0.34723    0.40210    0.43073    0.35738    0.32594    0.28059    0.37009    0.46429    0.37434    0.48181    0.32616    0.41149    0.32880    0.39283    0.42161    0.40408    0.32143
   0.30657    0.43309    0.03571    0.28722    0.40210    0.43073    0.35738    0.36966    0.28059    0.37474    0.10714    0.33411    0.48181    0.35613    0.50624    0.32880    0.89286    0.42161    0.40408    0.17857
   0.30657    0.43309    0.89286    0.25545    0.40210    0.43073    0.35738    0.36966    0.28059    0.35448    0.89286    0.37434    0.48181    0.35613    0.37175    0.32880    0.82143    0.42161    0.36209    0.03571
   0.30657    0.43309    0.39286    0.49383    0.40210    0.43073    0.35738    0.43701    0.28059    0.37009    0.53571    0.37434    0.47026    0.35613    0.41149    0.32880    0.46429    0.42161    0.36209    0.89286
   0.30657    0.43309    0.25000    0.28722    0.67857    0.43073    0.35738    0.36966    0.28059    0.37009    0.03571    0.44455    0.47026    0.35613    0.41149    0.26257    0.96429    0.42161    0.36209    0.60714
   0.30657    0.43309    0.46429    0.28722    0.96429    0.43073    0.35385    0.36966    0.31060    0.10714    0.32143    0.37434    0.47026    0.35613    0.41149    0.40509    0.67857    0.42161    0.36209    0.25000
   0.30657    0.43309    0.32143    0.28722    0.53571    0.36487    0.35738    0.35799    0.29231    0.53571    0.75000    0.37434    0.47026    0.35613    0.41149    0.32880    0.39286    0.41047    0.36209    0.02507
   0.30657    0.43309    0.67857    0.22557    0.82143    0.47268    0.36775    0.36966    0.29231    0.96429    0.17857    0.37434    0.47026    0.53965    0.41149    0.32880    0.25000    0.41047    0.36209    0.01529
   0.30657    0.30596    0.53571    0.28722    0.60714    0.43073    0.36242    0.36966    0.29231    0.75000    0.39286    0.37434    0.46289    0.24875    0.42909    0.32880    0.75000    0.41047    0.36209    0.83325
   0.46470    0.55381    0.75000    0.28722    0.75000    0.43073    0.35738    0.36966    0.30424    0.82143    0.67820    0.37434    0.46289    0.45045    0.41149    0.32880    0.60714    0.41047    0.36209    0.39286
   0.30657    0.43309    0.60714    0.28722    0.10714    0.43073    0.35738    0.36966    0.30424    0.60714    0.22650    0.37434    0.46289    0.38995    0.34290    0.32880    0.32143    0.39391    0.36209    0.85360
   0.27147    0.43309    0.10714    0.29005    0.89286    0.43073    0.35738    0.36966    0.30982    0.32143    0.01030    0.37434    0.38317    0.35613    0.45128    0.32880    0.03571    0.39391    0.30683    0.20112
   0.30657    0.43309    0.96429    0.28722    0.25000    0.43073    0.36195    0.36966    0.30982    0.67857    0.52290    0.36482    0.46289    0.35613    0.41986    0.32880    0.53571    0.39391    0.36209    0.39286
   0.30657    0.43309    0.17857    0.28722    0.39286    0.43073    0.35738    0.36966    0.30982    0.39286    0.25000    0.36482    0.46289    0.35613    0.41149    0.32880    0.17857    0.39391    0.36209    0.39286
   0.30657    0.43309    0.00772    0.28722    0.17857    0.43073    0.36522    0.36966    0.30982    0.17857    0.25000    0.36482    0.46289    0.35613    0.41149    0.32880    0.10714    0.38582    0.36209    0.39286
   0.30657    0.43309    0.25000    0.28722    0.46429    0.43073    0.34973    0.36966    0.30982    0.25000    0.25000    0.36482    0.46289    0.35613    0.41149    0.32880    0.28358    0.38582    0.36209    0.39286
   0.32510    0.43309    0.02098    0.28722    0.03571    0.43073    0.36099    0.37777    0.30982    0.03571    0.25000    0.36482    0.46289    0.36436    0.41149    0.32880    0.01781    0.38582    0.39505    0.18863
   0.30657    0.43309    0.34562    0.28722    0.32143    0.43073    0.36018    0.36966    0.34976    0.46429    0.25000    0.36482    0.46289    0.36436    0.41149    0.32880    0.46429    0.38582    0.36209    0.39286
   0.30657    0.43309    0.14235    0.31961    0.10236    0.42738    0.35738    0.36966    0.30982    0.89286    0.25000    0.36482    0.46289    0.36436    0.41149    0.32880    0.43844    0.38582    0.36209    0.39286
   0.30657    0.41630    0.21938    0.28722    0.25000    0.43073    0.35738    0.38389    0.30982    0.30823    0.25000    0.36482    0.46289    0.36436    0.41149    0.32880    0.27905    0.38582    0.00175    0.39286
   0.30657    0.43309    0.13967    0.28722    0.03815    0.43073    0.36368    0.36966    0.30982    0.16015    0.27674    0.52947    0.46289    0.38170    0.41149    0.32880    0.19954    0.38582    0.36209    0.39286
   0.30657    0.43309    0.25000    0.28722    0.25000    0.43073    0.36368    0.36966    0.30982    0.00037    0.27674    0.36482    0.46289    0.36436    0.41149    0.32880    0.69849    0.38582    0.42415    0.39286
   0.30657    0.43309    0.25000    0.28722    0.25000    0.43073    0.37286    0.36966    0.30982    0.16015    0.27674    0.36482    0.46289    0.36436    0.41149    0.32880    0.38590    0.36673    0.31521    0.39286
   0.30657    0.43309    0.19426    0.28722    0.25000    0.43073    0.36368    0.36966    0.30982    0.27047    0.27674    0.36482    0.47102    0.36436    0.41149    0.32880    0.38590    0.38582    0.36209    0.39286
   0.30657    0.43309    0.25000    0.28722    0.42939    0.43073    0.36368    0.36966    0.30982    0.27047    0.27674    0.36482    0.46289    0.36436    0.41149    0.22376    0.38590    0.45969    0.36209    0.39286
   0.30657    0.43309    0.25000    0.28722    0.10716    0.43073    0.36368    0.36966    0.30982    0.27047    0.48959    0.36482    0.46289    0.36436    0.41149    0.39442    0.38590    0.38582    0.36209    0.39286
   0.30657    0.43309    0.25000    0.28722    0.24554    0.43073    0.36368    0.36966    0.30982    0.14228    0.27674    0.38086    0.46289    0.36436    0.41149    0.32880    0.38590    0.53571    0.37324    0.77381
   0.30657    0.43309    0.25000    0.27860    0.25000    0.43073    0.17857    0.75000    0.30982    0.27047    0.19018    0.35635    0.44416    0.36436    0.41149    0.32880    0.04739    0.25000    0.37324    0.39286
   0.30657    0.43309    0.25000    0.32201    0.32517    0.43073    0.60714    0.10714    0.30982    0.56778    0.38872    0.36482    0.44416    0.36436    0.41149    0.32880    0.38590    0.89286    0.37324    0.39286
   0.27082    0.43309    0.25000    0.28722    0.19561    0.43073    0.96429    0.32143    0.30982    0.58211    0.27674    0.36482    0.44416    0.36436    0.41149    0.32880    0.38590    0.17857    0.37324    0.39286
   0.34077    0.43309    0.50406    0.28722    0.25000    0.43073    0.25000    0.82143    0.30982    0.56778    0.35905    0.36482    0.44416    0.36436    0.41149    0.32880    0.38590    0.96429    0.37324    0.66004
   0.30657    0.43309    0.09659    0.28722    0.25000    0.43073    0.46429    0.46429    0.30982    0.56778    0.27674    0.36482    0.44416    0.51065    0.41149    0.32880    0.47605    0.39286    0.37324    0.14468
   0.31229    0.43309    0.25000    0.28722    0.25000    0.43073    0.89286    0.60714    0.30982    0.56778    0.32181    0.36482    0.44416    0.36436    0.41149    0.32880    0.46409    0.32143    0.37324    0.39286
   0.31229    0.43309    0.25000    0.28722    0.25000    0.43073    0.67857    0.96429    0.30982    0.56778    0.32181    0.42594    0.43739    0.28042    0.41149    0.32880    0.38590    0.67857    0.37324    0.39286
   0.31229    0.43309    0.25000    0.28722    0.25000    0.42351    0.32143    0.03571    0.30982    0.56778    0.32181    0.33679    0.43739    0.38825    0.41149    0.32880    0.38590    0.60714    0.37324    0.39286
   0.31229    0.43309    0.25000    0.28722    0.25000    0.41774    0.10714    0.39286    0.31880    0.56778    0.32181    0.36482    0.43739    0.38825    0.41149    0.32880    0.62179    0.03571    0.66703    0.39286
   0.31229    0.43309    0.25000    0.28722    0.25000    0.41774    0.53571    0.53571    0.30982    0.99816    0.32181    0.36482    0.43739    0.38825    0.17857    0.32880    0.29110    0.82143    0.37324    0.39286
   0.31229    0.43309    0.25000    0.28722    0.25000    0.41774    0.75000    0.17857    0.30982    0.32801    0.32181    0.36482    0.43739    0.38825    0.89286    0.32880    0.42502    0.10714    0.37324    0.39286
