   0.03571    0.03571    0.03571    0.03571    0.03571    0.03571    0.03571    0.03571    0.03571    0.03571    0.03571    0.03571    0.03571    0.03571    0.03571    0.03571    0.03571    0.03571    0.03571    0.03571
   0.10714    0.10714    0.10714    0.10714    0.10714    0.10714    0.10714    0.10714    0.10714    0.10714    0.10714    0.10714    0.10714    0.10714    0.10714    0.10714    0.10714    0.10714    0.10714    0.10714
   0.17857    0.17857    0.17857    0.17857    0.17857    0.17857    0.17857    0.17857    0.17857    0.17857    0.17857    0.17857    0.17857    0.17857    0.17857    0.17857    0.17857    0.17857    0.17857    0.17857
   0.25000    0.25000    0.25000    0.25000    0.25000    0.25000    0.25000    0.25000    0.25000    0.25000    0.25000    0.25000    0.25000    0.25000    0.25000    0.25000    0.25000    0.25000    0.25000    0.25000
   0.32143    0.32143    0.32143    0.32143    0.32143    0.32143    0.32143    0.32143    0.32143    0.32143    0.32143    0.32143    0.32143    0.32143    0.32143    0.32143    0.32143    0.32143    0.32143    0.32143
   0.39286    0.39286    0.39286    0.39286    0.39286    0.39286    0.39286    0.39286    0.39286    0.39286    0.39286    0.39286    0.39286    0.39286    0.39286    0.39286    0.39286    0.39286    0.39286    0.39286
   0.46429    0.46429    0.46429    0.46429    0.46429    0.46429    0.46429    0.46429    0.46429    0.46429    0.46429    0.46429    0.46429    0.46429    0.46429    0.46429    0.46429    0.46429    0.46429    0.46429
   0.53571    0.53571    0.53571    0.53571    0.53571    0.53571    0.53571    0.53571    0.53571    0.53571    0.53571    0.53571    0.53571    0.53571    0.53571    0.53571    0.53571    0.53571    0.53571    0.53571
   0.60714    0.60714    0.60714    0.60714    0.60714    0.60714    0.60714    0.60714    0.60714    0.60714    0.60714    0.60714    0.60714    0.60714    0.60714    0.60714    0.60714    0.60714    0.60714    0.60714
   0.67857    0.67857    0.67857    0.67857    0.67857    0.67857    0.67857    0.67857    0.67857    0.67857    0.67857    0.67857    0.67857    0.67857    0.67857    0.67857    0.67857    0.67857    0.67857    0.67857
   0.75000    0.75000    0.75000    0.75000    0.75000    0.75000    0.75000    0.75000    0.75000    0.75000    0.75000    0.75000    0.75000    0.75000    0.75000    0.75000    0.75000    0.75000    0.75000    0.75000
   0.82143    0.82143    0.82143    0.82143    0.82143    0.82143    0.82143    0.82143    0.82143    0.82143    0.82143    0.82143    0.82143    0.82143    0.82143    0.82143    0.82143    0.82143    0.82143    0.82143
   0.89286    0.89286    0.89286    0.89286    0.89286    0.89286    0.89286    0.89286    0.89286    0.89286    0.89286    0.89286    0.89286    0.89286    0.89286    0.89286    0.89286    0.89286    0.89286    0.89286
   0.96429    0.96429    0.96429    0.96429    0.96429    0.96429    0.96429    0.96429    0.96429    0.96429    0.96429    0.96429    0.96429    0.96429    0.96429    0.96429    0.96429    0.96429    0.96429    0.96429
   0.04014    0.01381    0.15742    0.28320    0.26180    0.17805    0.00779    0.65133    0.07924    0.27303    0.06266    0.06504    0.05972    0.02721    0.13048    0.18537    0.09185    0.05443    0.04739    0.07435
   0.03420    0.68891    0.10278    0.15568    0.01027    0.02297    0.08516    0.16843    0.55841    0.02597    0.10714    0.05139    0.06308    0.01428    0.02564    0.11868    0.01024    0.02406    0.08170    0.04669
   0.05376    0.03397    0.04489    0.01611    0.07226    0.08030    0.58454    0.00403    0.67800    0.22588    0.14378    0.03571    0.56279    0.15849    0.25000    0.01286    0.01806    0.59754    0.02317    0.17788
   0.03420    0.17857    0.00311    0.04386    0.26180    0.01466    0.21548    0.00403    0.55841    0.27303    0.10714    0.07183    0.46911    0.09568    0.17914    0.36587    0.08042    0.17792    0.00776    0.47241
   0.48572    0.32918    0.04489    0.01499    0.40771    0.14394    0.27794    0.00403    0.52325    0.56392    0.56100    0.03571    0.30323    0.01856    0.72879    0.43251    0.10714    0.17792    0.53342    0.17932
   0.00285    0.05288    0.04489    0.15667    0.26180    0.01818    0.00100    0.00403    0.55841    0.19154    0.01416    0.15850    0.93128    0.19721    0.29406    0.06079    0.72721    0.02273    0.28607    0.02645
   0.06883    0.17857    0.09906    0.01132    0.26180    0.01391    0.21548    0.00403    0.30500    0.27303    0.10714    0.03297    0.37973    0.09568    0.25000    0.18537    0.01177    0.17792    0.28607    0.08644
   0.03420    0.19697    0.22759    0.01611    0.26180    0.03571    0.21548    0.07159    0.26681    0.27303    0.10345    0.15845    0.56279    0.15122    0.25000    0.14688    0.01918    0.17792    0.25606    0.17932
   0.03420    0.32289    0.52305    0.01611    0.05321    0.17765    0.11180    0.00403    0.30500    0.05787    0.00860    0.03571    0.37095    0.09568    0.27579    0.18537    0.01918    0.01637    0.25606    0.51522
   0.03420    0.06688    0.29795    0.64907    0.38380    0.17765    0.21548    0.00403    0.30500    0.65881    0.28997    0.03571    0.84878    0.09568    0.21942    0.06794    0.02656    0.43228    0.02600    0.17932
   0.03420    0.11648    0.09906    0.01611    0.15471    0.20816    0.14773    0.00403    0.44215    0.15240    0.03786    0.03571    0.06968    0.01240    0.25000    0.18537    0.01918    0.03587    0.25606    0.02507
   0.23025    0.18019    0.09906    0.01611    0.05321    0.17765    0.17590    0.01928    0.44215    0.00794    0.14147    0.01754    0.17871    0.32975    0.27426    0.18537    0.01280    0.25100    0.48073    0.07947
   0.26399    0.32948    0.25766    0.05490    0.09737    0.44956    0.15883    0.16937    0.44215    0.35259    0.16793    0.15691    0.03453    0.34043    0.55543    0.18537    0.01280    0.25822    0.02482    0.17932
   0.03420    0.07765    0.22649    0.42029    0.05321    0.17765    0.00154    0.08622    0.42385    0.02813    0.10714    0.44780    0.48512    0.28933    0.08378    0.18537    0.01280    0.17792    0.09778    0.17932
   0.00262    0.24909    0.09906    0.01611    0.05321    0.04426    0.15883    0.08828    0.44215    0.22293    0.12736    0.01520    0.37095    0.19972    0.17636    0.18537    0.01280    0.01450    0.15659    0.01355
   0.03420    0.15411    0.09906    0.00028    0.05321    0.17765    0.15883    0.00403    0.44215    0.15240    0.10714    0.17661    0.37095    0.22867    0.16783    0.18537    0.00445    0.17792    0.20846    0.17932
   0.03047    0.14295    0.09906    0.01611    0.37347    0.18210    0.06140    0.01044    0.96099    0.15536    0.01780    0.30687    0.25310    0.89339    0.03164    0.59836    0.10391    0.17792    0.25923    0.50276
   0.03420    0.20241    0.05225    0.01611    0.49440    0.11446    0.36504    0.00403    0.30719    0.15240    0.10714    0.21541    0.19348    0.22867    0.16783    0.18537    0.00445    0.05697    0.23440    0.17932
   0.07883    0.17857    0.23047    0.04644    0.07522    0.20129    0.07038    0.00600    0.44215    0.16768    0.10714    0.14902    0.10864    0.21278    0.05605    0.05114    0.03873    0.17792    0.23440    0.05963
   0.09808    0.15861    0.09354    0.03733    0.05321    0.16983    0.15224    0.00600    0.44215    0.16768    0.10714    0.14902    0.19348    0.21278    0.16783    0.27456    0.00445    0.17792    0.23440    0.25633
   0.20993    0.06920    0.09906    0.18915    0.05321    0.16009    0.16930    0.00600    0.27515    0.16562    0.10714    0.40645    0.58414    0.74946    0.16783    0.18537    0.00445    0.45375    0.23440    0.03771
   0.14310    0.18600    0.06909    0.01611    0.05321    0.16983    0.10144    0.00600    0.44215    0.13107    0.09943    0.25473    0.01325    0.50706    0.23408    0.18537    0.13726    0.17792    0.11771    0.03898
   0.12364    0.15861    0.14632    0.05635    0.05321    0.16983    0.11188    0.00600    0.27357    0.16768    0.10714    0.12336    0.26666    0.21278    0.14071    0.18537    0.00445    0.12221    0.23440    0.07747
   0.13934    0.15861    0.07371    0.04074    0.11510    0.16983    0.11188    0.00600    0.44215    0.18858    0.10714    0.12336    0.19348    0.21278    0.16783    0.18537    0.00445    0.17792    0.23440    0.17932
   0.12785    0.17701    0.01635    0.09760    0.02358    0.16983    0.11188    0.05967    0.44215    0.02119    0.11126    0.12336    0.19348    0.21278    0.10885    0.18537    0.00445    0.17792    0.67521    0.13344
   0.16992    0.21569    0.09906    0.09760    0.05321    0.32977    0.19278    0.00600    0.68278    0.26651    0.15494    0.12336    0.19348    0.21278    0.11799    0.18537    0.00445    0.17792    0.23440    0.17932
   0.13934    0.15861    0.09906    0.01663    0.05321    0.10030    0.11188    0.00600    0.44215    0.16768    0.17858    0.12336    0.19348    0.25224    0.16783    0.20786    0.00445    0.17792    0.23440    0.12676
   0.13934    0.16706    0.09906    0.04664    0.10392    0.23268    0.11188    0.00600    0.38256    0.16768    0.15740    0.13146    0.19348    0.21278    0.16783    0.17858    0.00445    0.15948    0.23440    0.12676
   0.13934    0.14006    0.10449    0.09760    0.05321    0.14042    0.11188    0.00600    0.44215    0.04818    0.18310    0.12336    0.17757    0.51898    0.11846    0.18537    0.18340    0.08086    0.23440    0.12676
   0.13934    0.21595    0.13817    0.06524    0.03662    0.16983    0.11188    0.00600    0.71334    0.16768    0.15494    0.00516    0.13711    0.21278    0.14309    0.14741    0.00445    0.15948    0.10888    0.05634
   0.13934    0.14006    0.11349    0.00222    0.03448    0.18418    0.11188    0.00600    0.44215    0.16768    0.15494    0.13985    0.17757    0.21278    0.14302    0.17353    0.00445    0.15948    0.27694    0.10722
   0.13934    0.14006    0.12358    0.12678    0.05321    0.15605    0.09502    0.00600    0.40729    0.16768    0.14379    0.16153    0.17757    0.21278    0.16783    0.18537    0.00124    0.14261    0.17217    0.12676
   0.13934    0.14006    0.12358    0.44983    0.05321    0.16983    0.11188    0.25170    0.47409    0.15013    0.05450    0.01003    0.17757    0.21278    0.14193    0.18537    0.00445    0.15263    0.23440    0.12676
   0.13934    0.16779    0.15168    0.20676    0.03975    0.16983    0.11188    0.24556    0.62898    0.14858    0.19856    0.13985    0.17757    0.21278    0.16783    0.19426    0.00445    0.16967    0.40702    0.12676
   0.13934    0.16278    0.12358    0.12678    0.08408    0.16983    0.11188    0.00600    0.54296    0.15013    0.14287    0.10914    0.17757    0.21278    0.16783    0.18537    0.00396    0.15948    0.23440    0.12676
   0.13934    0.14006    0.12358    0.11673    0.05321    0.14425    0.12219    0.00600    0.47514    0.15013    0.14287    0.10914    0.17757    0.21278    0.16783    0.20977    0.00402    0.15948    0.19859    0.12676
   0.14626    0.22172    0.10153    0.11673    0.08718    0.07231    0.11188    0.01846    0.46591    0.12299    0.17875    0.16596    0.17757    0.21278    0.16783    0.18537    0.09268    0.15948    0.04217    0.01838
   0.15454    0.07595    0.12683    0.11673    0.04271    0.15979    0.11188    0.02641    0.47264    0.21046    0.14287    0.10914    0.13508    0.21278    0.16783    0.18537    0.00402    0.14852    0.19859    0.24190
   0.13934    0.17016    0.12358    0.10858    0.04968    0.18213    0.11188    0.02641    0.52885    0.15013    0.14287    0.03387    0.17757    0.21278    0.16071    0.18537    0.00522    0.16393    0.16937    0.12676
   0.12117    0.15189    0.12358    0.16549    0.04271    0.19215    0.11188    0.02641    0.46591    0.15013    0.14287    0.10914    0.13565    0.21278    0.16125    0.18537    0.00402    0.15948    0.16937    0.12676
   0.13934    0.15189    0.12358    0.20432    0.04271    0.16983    0.11944    0.02641    0.46591    0.15013    0.14287    0.19861    0.32329    0.21278    0.14387    0.21590    0.00402    0.15948    0.13259    0.12676
   0.17651    0.15189    0.12358    0.11673    0.07904    0.16983    0.13078    0.09993    0.46591    0.13680    0.14287    0.21808    0.17757    0.21278    0.16783    0.18537    0.00402    0.15948    0.16937    0.12676
   0.13934    0.13095    0.12358    0.07974    0.07904    0.16983    0.11188    0.00557    0.52298    0.15013    0.14287    0.10914    0.20253    0.21278    0.15930    0.18537    0.00402    0.15948    0.18280    0.36361
   0.13934    0.15189    0.12358    0.11673    0.07904    0.16983    0.11188    0.02641    0.44730    0.15013    0.14287    0.10914    0.17757    0.20787    0.16564    0.18537    0.00022    0.15948    0.17926    0.12676
   0.13934    0.15189    0.10142    0.06583    0.13156    0.21316    0.11188    0.02641    0.53159    0.15013    0.14287    0.10914    0.17757    0.39642    0.15679    0.18537    0.02512    0.15948    0.16937    0.05619
   0.13934    0.15189    0.12358    0.11673    0.05552    0.16983    0.11188    0.02641    0.44730    0.16287    0.14287    0.10914    0.11908    0.21278    0.16783    0.18537    0.03394    0.17515    0.12736    0.09116
   0.13934    0.15189    0.12358    0.06029    0.05871    0.16983    0.11188    0.06665    0.47926    0.16287    0.14287    0.10914    0.17757    0.21278    0.16497    0.18537    0.02512    0.14927    0.16937    0.12676
   0.13934    0.15189    0.12358    0.11673    0.10483    0.16983    0.11188    0.04059    0.44730    0.16287    0.14703    0.10914    0.17757    0.21278    0.16024    0.18537    0.02512    0.15948    0.16937    0.10796
   0.13934    0.15189    0.12358    0.17366    0.10390    0.17015    0.15175    0.00203    0.44730    0.16850    0.14703    0.32656    0.17757    0.00366    0.16497    0.16702    0.02512    0.14993    0.14426    0.12676
   0.13934    0.15189    0.12358    0.11673    0.09662    0.20863    0.10095    0.04059    0.44730    0.16287    0.14703    0.10914    0.15859    0.09080    0.16866    0.18537    0.02512    0.15235    0.16937    0.54546
   0.13934    0.15189    0.12358    0.11673    0.07904    0.18294    0.10095    0.04059    0.44730    0.16287    0.14917    0.10914    0.17237    0.21278    0.16497    0.18537    0.02512    0.15948    0.16937    0.21357
   0.13934    0.15189    0.12358    0.11673    0.07904    0.17015    0.10095    0.04059    0.44730    0.16287    0.14703    0.10914    0.17391    0.18809    0.16351    0.18537    0.02512    0.15464    0.16937    0.12676
   0.13934    0.14515    0.13888    0.11673    0.07904    0.15724    0.10095    0.04059    0.40927    0.17029    0.11194    0.10914    0.17391    0.11992    0.16040    0.14130    0.02810    0.15948    0.16937    0.11338
   0.13934    0.14642    0.13932    0.11673    0.07804    0.17015    0.07494    0.04059    0.48022    0.16579    0.12438    0.12669    0.16260    0.18809    0.16593    0.22980    0.02810    0.14787    0.16937    0.10814
   0.13815    0.15189    0.13932    0.11673    0.08966    0.17015    0.10607    0.09035    0.44730    0.16394    0.17563    0.10914    0.16260    0.16284    0.16593    0.15018    0.04996    0.15848    0.19112    0.12676
   0.13934    0.15189    0.14133    0.11673    0.07904    0.17645    0.10095    0.06226    0.44107    0.16287    0.14703    0.10914    0.16789    0.16284    0.16188    0.17308    0.04996    0.15948    0.16937    0.15879
   0.13880    0.20510    0.13932    0.11673    0.07904    0.13890    0.10095    0.28227    0.44730    0.16287    0.14703    0.14861    0.16789    0.16284    0.16593    0.17308    0.08689    0.15948    0.21172    0.17539
   0.13934    0.15189    0.15961    0.11673    0.07904    0.13890    0.10095    0.06226    0.44730    0.15825    0.14703    0.10914    0.16789    0.16284    0.15560    0.10808    0.10363    0.15936    0.15756    0.15879
   0.14044    0.15189    0.13932    0.11673    0.07904    0.14965    0.10095    0.06226    0.43496    0.15825    0.14703    0.15082    0.16961    0.16284    0.16593    0.17308    0.13066    0.15948    0.16937    0.16619
   0.13934    0.15341    0.13932    0.11673    0.07904    0.13890    0.10388    0.06226    0.44438    0.03571    0.14703    0.08230    0.16789    0.16284    0.16593    0.17887    0.08689    0.15948    0.16937    0.16619
   0.13007    0.15189    0.13932    0.16426    0.08270    0.13890    0.10611    0.06226    0.43496    0.10714    0.12960    0.12983    0.15427    0.16284    0.03571    0.14112    0.08689    0.16145    0.20736    0.00823
   0.14676    0.15189    0.13932    0.04844    0.08049    0.13890    0.10095    0.18096    0.43496    0.17857    0.14703    0.10914    0.16789    0.06074    0.10714    0.18590    0.08689    0.15948    0.16937    0.16619
   0.03571    0.14859    0.13932    0.16177    0.07904    0.13033    0.10880    0.06226    0.44349    0.25000    0.15593    0.10914    0.15959    0.19556    0.17857    0.17308    0.10708    0.15948    0.16937    0.16619
   0.10714    0.15966    0.13932    0.10984    0.07904    0.13890    0.10095    0.06226    0.43496    0.32143    0.14703    0.10914    0.16789    0.17672    0.25000    0.17308    0.08689    0.15948    0.16489    0.16619
   0.17857    0.15189    0.15047    0.11673    0.08473    0.16801    0.08314    0.06226    0.43496    0.39286    0.14703    0.11260    0.16789    0.16284    0.32143    0.14603    0.11608    0.15167    0.20056    0.16619
   0.25000    0.15189    0.15386    0.11673    0.08473    0.13890    0.09627    0.05311    0.43463    0.46429    0.14703    0.10914    0.15870    0.16284    0.39286    0.17308    0.06468    0.15948    0.17543    0.03253
   0.32143    0.16054    0.13932    0.11673    0.08473    0.13890    0.10095    0.06226    0.44460    0.53571    0.14703    0.10914    0.16789    0.16284    0.46429    0.17308    0.11785    0.03571    0.16937    0.16619
   0.39286    0.15804    0.03571    0.11673    0.08473    0.13890    0.09855    0.06226    0.44420    0.60714    0.14703    0.10914    0.16789    0.16284    0.53571    0.17308    0.08434    0.10714    0.16937    0.16619
   0.46429    0.16893    0.10714    0.11673    0.03571    0.14481    0.09086    0.06226    0.43496    0.67857    0.13924    0.10914    0.16789    0.16284    0.60714    0.18155    0.08689    0.17857    0.13173    0.16619
   0.53571    0.15804    0.17857    0.09637    0.10714    0.13620    0.10138    0.12594    0.43496    0.75000    0.14703    0.10914    0.16789    0.16284    0.67857    0.18027    0.08689    0.25000    0.18712    0.16619
   0.60714    0.15804    0.25000    0.11673    0.17857    0.15082    0.09855    0.06226    0.43496    0.82143    0.14703    0.11132    0.03571    0.19215    0.75000    0.17308    0.08689    0.32143    0.16807    0.22435
   0.67857    0.15804    0.32143    0.12283    0.25000    0.15082    0.09855    0.06226    0.43496    0.89286    0.14708    0.10914    0.10714    0.16284    0.82143    0.17308    0.07936    0.39286    0.16937    0.18492
   0.75000    0.15804    0.39286    0.12283    0.32143    0.15082    0.10057    0.00304    0.43496    0.96429    0.03571    0.10914    0.17857    0.16284    0.89286    0.17308    0.08689    0.46429    0.18314    0.23374
   0.82143    0.16817    0.46429    0.12283    0.39286    0.15082    0.03571    0.06226    0.43300    0.13765    0.10714    0.10914    0.25000    0.16284    0.96429    0.17308    0.07776    0.53571    0.16937    0.14175
   0.89286    0.16074    0.53571    0.12283    0.46429    0.15082    0.10714    0.06226    0.43657    0.74296    0.17857    0.11075    0.32143    0.17242    0.18223    0.17308    0.08689    0.60714    0.16937    0.16619
   0.96429    0.15825    0.60714    0.12283    0.53571    0.15082    0.17857    0.06226    0.43496    0.09864    0.25000    0.10978    0.39286    0.17242    0.40757    0.17455    0.08689    0.67857    0.16937    0.16619
   0.26731    0.15804    0.67857    0.12283    0.60714    0.15082    0.25000    0.08620    0.43496    0.06976    0.32143    0.10914    0.46429    0.17680    0.03480    0.17112    0.07604    0.75000    0.17773    0.16619
   0.03390    0.16136    0.75000    0.12283    0.67857    0.03571    0.32143    0.08224    0.43496    0.52421    0.39286    0.10914    0.53571    0.17242    0.37730    0.17112    0.08689    0.82143    0.16937    0.16619
   0.03044    0.16108    0.82143    0.12283    0.75000    0.10714    0.39286    0.06226    0.43496    0.25000    0.46429    0.10914    0.60714    0.17242    0.55603    0.17112    0.03571    0.89286    0.16937    0.16619
   0.17857    0.15804    0.89286    0.12283    0.82143    0.17857    0.46429    0.06226    0.43496    0.27381    0.53571    0.03571    0.67857    0.17242    0.98939    0.17112    0.10714    0.96429    0.16937    0.17616
   0.03336    0.03571    0.96429    0.14873    0.89286    0.25000    0.53571    0.06226    0.43471    0.27381    0.60714    0.10714    0.75000    0.24984    0.24719    0.17568    0.17857    0.03786    0.15870    0.16619
   0.60900    0.10714    0.31943    0.12283    0.96429    0.32143    0.60714    0.06226    0.44383    0.24700    0.67857    0.17857    0.82143    0.12682    0.00579    0.17112    0.25000    0.04310    0.03571    0.16619
   0.17857    0.17857    0.03571    0.12283    0.16951    0.39286    0.67857    0.06226    0.43612    0.35965    0.75000    0.25000    0.89286    0.15694    0.23992    0.17112    0.32143    0.11581    0.10714    0.16619
   0.19635    0.25000    0.03571    0.13243    0.12721    0.46429    0.75000    0.06226    0.43778    0.27381    0.82143    0.32143    0.96429    0.17242    0.24719    0.17112    0.39286    0.03571    0.17857    0.16619
   0.17857    0.32143    0.10234    0.12283    0.10714    0.53571    0.82143    0.08906    0.43496    0.27381    0.89286    0.39286    0.30998    0.17242    0.30713    0.17354    0.46429    0.22920    0.25000    0.03964
   0.04515    0.39286    0.17327    0.12283    0.00181    0.60714    0.89286    0.06226    0.03571    0.42002    0.96429    0.46429    0.01701    0.14869    0.24719    0.17112    0.53571    0.04329    0.32143    0.16619
   0.26487    0.46429    0.07898    0.12283    0.70175    0.67857    0.96429    0.06226    0.10714    0.16364    0.96030    0.53571    0.45465    0.14869    0.34442    0.03571    0.60714    0.03571    0.39286    0.16619
   0.01701    0.53571    0.11305    0.12283    0.26246    0.75000    0.98273    0.06226    0.17857    0.35770    0.04370    0.60714    0.33637    0.13806    0.24719    0.10714    0.67857    0.03571    0.46429    0.16619
   0.14999    0.60714    0.15314    0.12572    0.38429    0.82143    0.10644    0.06226    0.25000    0.15094    0.06104    0.67857    0.50878    0.14869    0.31651    0.17857    0.75000    0.40296    0.53571    0.10860
   0.09835    0.67857    0.42002    0.11093    0.10714    0.89286    0.52984    0.03571    0.32143    0.27381    0.24669    0.75000    0.61222    0.14869    0.24719    0.25000    0.82143    0.03571    0.60714    0.16619
   0.12870    0.75000    0.09191    0.12283    0.10714    0.96429    0.30976    0.10714    0.39286    0.09891    0.24669    0.82143    0.47932    0.14869    0.11803    0.32143    0.89286    0.02072    0.67857    0.16619
   0.17857    0.82143    0.03419    0.12742    0.01291    0.17728    0.30976    0.17857    0.46429    0.17665    0.03157    0.89286    0.56416    0.12805    0.24719    0.39286    0.96429    0.01204    0.75000    0.17704
   0.12834    0.89286    0.20099    0.12742    0.12903    0.89941    0.04662    0.25000    0.53571    0.20087    0.34005    0.96429    0.51690    0.14869    0.24719    0.46429    0.13126    0.28493    0.82143    0.16619
   0.17586    0.96429    0.28054    0.14719    0.12903    0.05463    0.00250    0.32143    0.60714    0.11289    0.34005    0.66687    0.42120    0.14869    0.24719    0.53571    0.06452    0.03571    0.89286    0.16619
   0.17857    0.10282    0.19332    0.12742    0.12903    0.01818    0.30976    0.39286    0.67857    0.04200    0.23816    0.00368    0.62545    0.15063    0.60964    0.60714    0.00701    0.03571    0.96429    0.16619
   0.16519    0.08905    0.15314    0.12742    0.25035    0.23368    0.97158    0.46429    0.75000    0.22804    0.91570    0.03571    0.51690    0.15843    0.73018    0.67857    0.13715    0.03571    0.18245    0.16619
   0.16519    0.03129    0.12234    0.21089    0.12903    0.12438    0.44268    0.53571    0.82143    0.20087    0.22412    0.03571    0.34579    0.15843    0.24719    0.75000    0.33983    0.03571    0.47121    0.16619
   0.16519    0.14428    0.11955    0.09511    0.11827    0.41517    0.47648    0.60714    0.89286    0.20087    0.34005    0.03571    0.58142    0.15843    0.24719    0.82143    0.12589    0.02324    0.01847    0.22228
   0.16519    0.13347    0.14719    0.12742    0.06072    0.12178    0.30976    0.67857    0.96429    0.20087    0.74265    0.03684    0.51690    0.15843    0.24722    0.89286    0.25839    0.09454    0.00408    0.17017
   0.16519    0.09376    0.14719    0.12742    0.00978    0.12178    0.25967    0.75000    0.01514    0.20087    0.13374    0.00932    0.51690    0.15843    0.00233    0.96429    0.01394    0.03571    0.55026    0.16619
   0.22334    0.10714    0.14719    0.10004    0.07858    0.12178    0.21558    0.82143    0.10714    0.20087    0.08396    0.03571    0.52843    0.15843    0.24719    0.74184    0.13715    0.04995    0.09135    0.16619
   0.16519    0.00710    0.13896    0.13942    0.11827    0.01377    0.21558    0.89286    0.02641    0.22814    0.03250    0.03571    0.55711    0.15843    0.24719    0.41357    0.32529    0.03571    0.25320    0.17225
   0.16519    0.09639    0.14719    0.13942    0.12677    0.08905    0.16494    0.96429    0.06763    0.20087    0.08396    0.03571    0.51690    0.15843    0.53363    0.75578    0.13715    0.06976    0.25320    0.16619
   0.15731    0.02825    0.14719    0.13942    0.14997    0.30247    0.37048    0.31486    0.03627    0.19485    0.03499    0.03571    0.50286    0.15906    0.24719    0.75000    0.13938    0.06976    0.53245    0.17194
   0.16519    0.10714    0.19139    0.13942    0.13073    0.02362    0.63614    0.01875    0.02641    0.21195    0.08396    0.00719    0.26813    0.15843    0.24719    0.14969    0.13938    0.06976    0.11234    0.17243
   0.14332    0.03114    0.19139    0.13338    0.13073    0.01358    0.21558    0.02722    0.02641    0.21195    0.08396    0.33046    0.01028    0.15843    0.23170    0.24877    0.15493    0.13709    0.25320    0.16619
   0.14332    0.07368    0.19139    0.13942    0.13073    0.12178    0.20778    0.44250    0.12087    0.21195    0.08396    0.14101    0.26813    0.15843    0.00365    0.45085    0.13938    0.00472    0.25320    0.16619
   0.15371    0.26434    0.27787    0.13942    0.13073    0.30623    0.86961    0.68556    0.38028    0.21195    0.09630    0.26915    0.24394    0.15843    0.00291    0.02166    0.13938    0.13277    0.26211    0.16619
   0.18476    0.13518    0.25645    0.03571    0.13073    0.09417    0.07152    0.39286    0.12087    0.21195    0.09630    0.10217    0.26813    0.17265    0.23170    0.24877    0.13415    0.06976    0.40441    0.17201
   0.15371    0.11820    0.19139    0.10714    0.13073    0.00147    0.20778    0.44844    0.12087    0.18190    0.10791    0.14101    0.30410    0.18992    0.23170    0.24877    0.18593    0.06976    0.13982    0.16619
   0.16806    0.00787    0.17578    0.17857    0.13073    0.12611    0.20778    0.39286    0.18083    0.21195    0.02108    0.14101    0.30864    0.15843    0.14502    0.01535    0.13938    0.00440    0.28703    0.16619
   0.16073    0.10714    0.17578    0.25000    0.41965    0.08814    0.07996    0.27862    0.57205    0.21195    0.00486    0.14101    0.26813    0.15843    0.23170    0.01535    0.13938    0.04009    0.28703    0.16619
   0.15371    0.13803    0.17578    0.32143    0.13073    0.12611    0.20778    0.00666    0.12087    0.21195    0.17225    0.14101    0.49943    0.15694    0.23170    0.01535    0.13938    0.03657    0.38368    0.16619
   0.15371    0.13803    0.17578    0.39286    0.09254    0.17349    0.20778    0.15956    0.12087    0.31701    0.12292    0.14101    0.01928    0.14664    0.23170    0.05291    0.13938    0.06976    0.28703    0.16619
   0.15371    0.19818    0.34700    0.46429    0.13073    0.14416    0.20778    0.15956    0.12087    0.21195    0.09630    0.14101    0.30371    0.15843    0.23170    0.13139    0.10036    0.06976    0.30869    0.16619
   0.15371    0.19527    0.17578    0.53571    0.23213    0.08051    0.26817    0.07943    0.56622    0.21195    0.14001    0.09528    0.28583    0.15624    0.22365    0.13139    0.17618    0.05484    0.28703    0.16619
   0.15371    0.15548    0.17578    0.60714    0.19189    0.12611    0.39520    0.15956    0.25985    0.19996    0.10307    0.14101    0.28583    0.15843    0.23170    0.24797    0.13938    0.06976    0.28703    0.16619
   0.17864    0.15548    0.17578    0.67857    0.15293    0.12611    0.20778    0.15956    0.19659    0.13115    0.12552    0.23448    0.17860    0.15843    0.23170    0.13139    0.13938    0.06976    0.34820    0.16619
   0.20418    0.18741    0.17578    0.75000    0.13073    0.10514    0.20778    0.15956    0.14175    0.19996    0.09630    0.14101    0.28567    0.15843    0.23170    0.13139    0.17554    0.06976    0.31015    0.16619
   0.16518    0.15548    0.17578    0.82143    0.13073    0.12611    0.04604    0.44465    0.12087    0.19996    0.07069    0.14101    0.17860    0.15577    0.23170    0.13139    0.13938    0.06976    0.31015    0.16619
   0.14315    0.17396    0.17639    0.89286    0.13073    0.12611    0.00701    0.15956    0.12087    0.19996    0.07069    0.14101    0.02995    0.13610    0.23170    0.42689    0.13938    0.06976    0.31015    0.16619
   0.17654    0.19374    0.17578    0.96429    0.14769    0.10677    0.20778    0.15956    0.12087    0.19996    0.11474    0.14101    0.17860    0.15843    0.23170    0.04457    0.08257    0.06976    0.31015    0.16619
   0.16518    0.11664    0.17578    0.11398    0.22470    0.12611    0.20778    0.15956    0.12087    0.19996    0.12440    0.15922    0.17860    0.15843    0.23170    0.13139    0.13938    0.06976    0.31015    0.16619
   0.16518    0.17396    0.17578    0.05197    0.13073    0.06609    0.31075    0.15956    0.02759    0.19996    0.12440    0.09073    0.17860    0.15666    0.23170    0.13139    0.13938    0.06976    0.31015    0.16619
   0.16518    0.17973    0.20366    0.01931    0.13073    0.17863    0.03357    0.00458    0.07025    0.19996    0.12440    0.14101    0.08478    0.15843    0.23170    0.70478    0.14484    0.06976    0.30238    0.16619
   0.16518    0.18157    0.57223    0.01931    0.12904    0.12611    0.26188    0.15956    0.12087    0.19996    0.12440    0.14101    0.17860    0.15843    0.23170    0.13139    0.13938    0.06976    0.42059    0.16619
   0.16729    0.18189    0.20366    0.18420    0.13073    0.12611    0.17852    0.15956    0.12087    0.19996    0.12440    0.14101    0.17860    0.15843    0.23170    0.14572    0.08923    0.06976    0.25766    0.16619
   0.16518    0.17396    0.20366    0.18626    0.13073    0.12611    0.17852    0.15956    0.33101    0.19996    0.16464    0.14101    0.17860    0.15843    0.23170    0.13139    0.17375    0.07069    0.15321    0.16526
   0.16518    0.17396    0.18646    0.15570    0.13073    0.12611    0.17852    0.15956    0.12087    0.19996    0.06562    0.14101    0.15798    0.15843    0.23170    0.14513    0.12747    0.09472    0.26500    0.03571
   0.17860    0.17396    0.20366    0.18234    0.14246    0.12611    0.11293    0.15956    0.08493    0.19996    0.10633    0.14101    0.17860    0.03571    0.23170    0.03602    0.13938    0.02908    0.25766    0.10714
   0.16518    0.18359    0.20366    0.15570    0.13073    0.13366    0.17298    0.15956    0.15387    0.22643    0.12440    0.14101    0.17860    0.10714    0.51464    0.13139    0.13938    0.06976    0.25766    0.17857
   0.16268    0.18359    0.20366    0.43938    0.13073    0.13188    0.56926    0.33226    0.12087    0.17155    0.10690    0.14101    0.17860    0.17857    0.01224    0.13139    0.12685    0.07311    0.25766    0.25000
   0.15447    0.19932    0.20366    0.01333    0.13073    0.13188    0.17298    0.15956    0.12087    0.18038    0.10690    0.14101    0.17860    0.25000    0.23170    0.41841    0.11920    0.06976    0.25766    0.32143
   0.16356    0.18359    0.20084    0.19078    0.13429    0.13188    0.17298    0.12447    0.12087    0.18038    0.10690    0.14101    0.00121    0.32143    0.23170    0.13139    0.13938    0.06976    0.25766    0.39286
   0.16518    0.18359    0.20366    0.65203    0.14512    0.14090    0.16772    0.20811    0.13495    0.18038    0.10690    0.24790    0.17860    0.39286    0.13305    0.00954    0.13938    0.05759    0.20065    0.46429
   0.16518    0.18413    0.20575    0.12039    0.13779    0.13188    0.16772    0.01963    0.12087    0.18038    0.10690    0.06684    0.17860    0.46429    0.23170    0.15515    0.13776    0.06061    0.48848    0.53571
   0.16518    0.18240    0.20366    0.15570    0.13779    0.13188    0.12998    0.15956    0.12087    0.18038    0.10690    0.16717    0.17860    0.53571    0.15274    0.13139    0.13938    0.06976    0.25766    0.60714
   0.16991    0.18359    0.20366    0.15570    0.13779    0.13188    0.16772    0.15956    0.12087    0.18038    0.10690    0.10093    0.17860    0.60714    0.15274    0.13139    0.13938    0.06525    0.22424    0.67857
   0.16518    0.14438    0.20366    0.02413    0.13779    0.13188    0.16772    0.13842    0.12087    0.18038    0.10690    0.15723    0.12205    0.67857    0.14770    0.15445    0.13863    0.06976    0.22424    0.75000
   0.16518    0.20634    0.20366    0.15570    0.14697    0.12082    0.16772    0.15956    0.15788    0.18038    0.10690    0.14101    0.03094    0.75000    0.15274    0.14059    0.13428    0.06599    0.22424    0.82143
   0.15854    0.17758    0.20366    0.18687    0.13570    0.11862    0.41827    0.17707    0.14300    0.18038    0.08849    0.16068    0.16746    0.82143    0.15274    0.13139    0.13938    0.06976    0.00449    0.89286
   0.16518    0.18359    0.29349    0.15570    0.13779    0.11862    0.16772    0.15956    0.14300    0.18038    0.10690    0.12986    0.12205    0.89286    0.15274    0.13139    0.13938    0.06976    0.22424    0.96429
   0.16518    0.18359    0.30302    0.02253    0.13779    0.12909    0.16772    0.15956    0.13717    0.18038    0.10690    0.14101    0.12205    0.96429    0.06829    0.13139    0.13938    0.06976    0.22424    0.12903
   0.03571    0.18359    0.10376    0.15570    0.13779    0.10447    0.16772    0.15956    0.13717    0.18038    0.10690    0.14362    0.16464    0.05122    0.24206    0.13139    0.13938    0.06249    0.06805    0.02106
   0.10714    0.18285    0.24781    0.15570    0.13807    0.11862    0.16772    0.15361    0.13717    0.17428    0.10690    0.14593    0.00690    0.09352    0.15274    0.10901    0.13938    0.08028    0.23713    0.10239
   0.17857    0.18359    0.19174    0.15570    0.13779    0.11405    0.16772    0.15361    0.13717    0.18038    0.10690    0.12288    0.00603    0.09303    0.15274    0.21121    0.13938    0.03571    0.06879    0.01148
   0.25000    0.19117    0.21567    0.22863    0.12608    0.11251    0.17962    0.15535    0.13717    0.18700    0.10690    0.14593    0.12205    0.02352    0.15274    0.13139    0.13800    0.10714    0.23713    0.44163
   0.32143    0.18359    0.20366    0.15570    0.13779    0.11862    0.16772    0.15361    0.13717    0.18701    0.11146    0.14593    0.12205    0.09352    0.15274    0.13139    0.13755    0.17857    0.23713    0.19335
   0.39286    0.18359    0.20366    0.15570    0.13779    0.11402    0.16772    0.13637    0.13717    0.18038    0.10654    0.15877    0.12205    0.05885    0.15274    0.13139    0.13938    0.25000    0.32470    0.10239
   0.46429    0.18583    0.18320    0.15570    0.13779    0.11862    0.16772    0.17792    0.13717    0.18038    0.10690    0.14593    0.12205    0.44608    0.15274    0.10316    0.13938    0.32143    0.32470    0.08282
   0.53571    0.18359    0.20366    0.15570    0.13779    0.12418    0.16772    0.10561    0.13717    0.18038    0.10690    0.14593    0.12205    0.44608    0.15274    0.13139    0.13938    0.39286    0.32470    0.13394
   0.60714    0.18359    0.20366    0.32824    0.13779    0.12418    0.19751    0.13637    0.06644    0.18038    0.09604    0.14593    0.12205    0.44608    0.11420    0.13139    0.13917    0.46429    0.63305    0.09516
   0.67857    0.18359    0.20366    0.10294    0.13779    0.12418    0.16772    0.13637    0.22658    0.18282    0.11541    0.15182    0.09869    0.84131    0.17246    0.13139    0.13938    0.53571    0.32470    0.13394
   0.75000    0.18359    0.20366    0.15570    0.13958    0.12418    0.16772    0.13164    0.12024    0.18038    0.11541    0.17628    0.12205    0.47826    0.17246    0.13139    0.13938    0.60714    0.29833    0.00010
   0.82143    0.17806    0.20366    0.15570    0.03571    0.12418    0.16772    0.13164    0.15012    0.18038    0.11771    0.15182    0.12205    0.44608    0.18765    0.13139    0.13938    0.67857    0.29833    0.53699
   0.89286    0.18359    0.20695    0.15570    0.10714    0.12418    0.16772    0.13164    0.13717    0.18038    0.11541    0.15182    0.12205    0.83572    0.17717    0.13139    0.03571    0.75000    0.29833    0.13394
   0.96429    0.18359    0.20780    0.15570    0.17857    0.11627    0.16772    0.13164    0.13717    0.03571    0.11541    0.15182    0.09910    0.25361    0.17717    0.05560    0.10714    0.82143    0.21233    0.09107
   0.54481    0.18359    0.20366    0.15570    0.25000    0.12418    0.16102    0.13164    0.13717    0.10714    0.11440    0.17306    0.12205    0.02510    0.17717    0.13139    0.17857    0.89286    0.21233    0.09107
   0.00186    0.03571    0.20366    0.15570    0.32143    0.12418    0.16102    0.13164    0.13717    0.17857    0.11684    0.15182    0.12205    0.25361    0.17717    0.13139    0.25000    0.96429    0.21233    0.08820
   0.43782    0.10714    0.03571    0.15570    0.39286    0.12418    0.16102    0.13164    0.13717    0.25000    0.03571    0.15182    0.12205    0.25361    0.17717    0.14214    0.32143    0.02031    0.07486    0.08008
   0.39286    0.17857    0.10714    0.15570    0.46429    0.13739    0.16102    0.14201    0.11235    0.32143    0.10714    0.15182    0.18187    0.07351    0.17717    0.13139    0.39286    0.04176    0.21233    0.09107
   0.32757    0.25000    0.17857    0.15570    0.53571    0.12418    0.16102    0.13164    0.13717    0.39286    0.17857    0.15182    0.12205    0.25361    0.17717    0.13139    0.46429    0.41105    0.21233    0.18445
   0.39286    0.32143    0.25000    0.15570    0.60714    0.12418    0.16102    0.13164    0.13717    0.46429    0.25000    0.15182    0.12205    0.38034    0.19873    0.13139    0.53571    0.18809    0.16608    0.09107
   0.39286    0.39286    0.32143    0.15570    0.67857    0.12418    0.16102    0.13164    0.13717    0.53571    0.32143    0.15182    0.12205    0.08570    0.17717    0.13957    0.60714    0.02893    0.51822    0.05490
   0.39286    0.46429    0.39286    0.15570    0.75000    0.13579    0.13972    0.13164    0.13717    0.60714    0.39286    0.14944    0.04687    0.25361    0.17717    0.11343    0.67857    0.02893    0.21233    0.00222
   0.39286    0.53571    0.46429    0.15570    0.82143    0.13579    0.16102    0.13164    0.13717    0.67857    0.46429    0.15182    0.17195    0.13755    0.17717    0.13139    0.75000    0.02893    0.21233    0.09107
   0.39286    0.60714    0.53571    0.15570    0.89286    0.13579    0.15342    0.11401    0.13717    0.75000    0.53571    0.15182    0.12205    0.13755    0.17717    0.13139    0.82143    0.02893    0.21233    0.09107
   0.39286    0.67857    0.60714    0.15570    0.96429    0.13579    0.16102    0.22497    0.12290    0.82143    0.60714    0.15182    0.12205    0.13755    0.16616    0.13139    0.89286    0.30914    0.37916    0.09107
   0.39286    0.75000    0.67857    0.15570    0.40382    0.13579    0.16102    0.13164    0.13717    0.89286    0.67857    0.15182    0.12205    0.13755    0.19970    0.13139    0.96429    0.15748    0.10085    0.09107
   0.40414    0.82143    0.75000    0.15570    0.08052    0.13579    0.15931    0.13164    0.13717    0.96429    0.75000    0.15182    0.12205    0.08207    0.16247    0.13139    0.19671    0.07389    0.12710    0.09107
   0.78793    0.89286    0.82143    0.16371    0.01366    0.14792    0.15931    0.13164    0.13717    0.29460    0.82143    0.15182    0.12290    0.10495    0.17717    0.13139    0.01304    0.07389    0.21233    0.09107
   0.32124    0.96429    0.89286    0.15570    0.17857    0.13351    0.15931    0.13164    0.13717    0.84747    0.89286    0.15182    0.12290    0.10495    0.17717    0.13139    0.24244    0.07389    0.21233    0.09107
   0.39286    0.92165    0.96429    0.16927    0.59748    0.13351    0.15931    0.13164    0.13717    0.35326    0.96429    0.15182    0.12290    0.07093    0.17717    0.13139    0.04166    0.44006    0.21233    0.09107
   0.00432    0.26022    0.02330    0.10283    0.01636    0.13351    0.15931    0.13164    0.13717    0.39724    0.17529    0.15182    0.12902    0.17321    0.17116    0.13139    0.39286    0.01401    0.21233    0.09107
   0.02012    0.45022    0.14875    0.15570    0.17857    0.13351    0.15931    0.13164    0.13717    0.10812    0.37816    0.15182    0.11485    0.10495    0.17717    0.13139    0.06920    0.14628    0.19948    0.08237
   0.39286    0.41118    0.02090    0.15570    0.17857    0.13351    0.12903    0.14052    0.13253    0.06252    0.03238    0.15182    0.12290    0.25063    0.17160    0.13139    0.39286    0.07389    0.18816    0.08791
   0.39286    0.42861    0.20688    0.15570    0.22428    0.13351    0.18382    0.13164    0.12172    0.39286    0.02314    0.15182    0.12290    0.01420    0.16363    0.13139    0.53946    0.07389    0.19948    0.09107
   0.41869    0.06831    0.70521    0.15103    0.17857    0.13351    0.16670    0.13164    0.14526    0.29994    0.12321    0.15182    0.12290    0.10495    0.16667    0.13139    0.39286    0.07040    0.19948    0.09107
   0.39286    0.06831    0.05296    0.15103    0.15093    0.13351    0.15931    0.13164    0.13253    0.21526    0.12321    0.15182    0.12290    0.10495    0.17160    0.13139    0.17928    0.02598    0.19948    0.09107
   0.32956    0.00896    0.20029    0.15103    0.11555    0.13351    0.15931    0.19080    0.13253    0.44822    0.12321    0.15182    0.12290    0.10495    0.17160    0.13139    0.24001    0.07389    0.12810    0.09107
   0.32956    0.48547    0.20688    0.15103    0.12425    0.13351    0.15931    0.13164    0.13253    0.29994    0.12321    0.14697    0.12290    0.10495    0.16090    0.13139    0.37305    0.07389    0.19948    0.09107
   0.32956    0.25385    0.20688    0.15103    0.02064    0.13351    0.15931    0.13164    0.13944    0.30149    0.38897    0.16965    0.12267    0.07288    0.16716    0.13139    0.21295    0.07389    0.19948    0.09107
   0.23138    0.27873    0.00778    0.15103    0.01533    0.13601    0.15931    0.13164    0.03571    0.30038    0.02505    0.15182    0.12267    0.10495    0.17157    0.03571    0.21295    0.05509    0.19948    0.14574
   0.32956    0.09493    0.23812    0.15103    0.18220    0.03571    0.15931    0.13164    0.10714    0.20953    0.12321    0.15182    0.12267    0.10495    0.17251    0.10714    0.16531    0.04788    0.14973    0.09107
   0.32956    0.08492    0.09666    0.15103    0.71928    0.10714    0.15931    0.13164    0.17857    0.30149    0.12321    0.15182    0.13545    0.10495    0.17160    0.17857    0.16531    0.07389    0.20576    0.09107
   0.32956    0.01573    0.02269    0.15009    0.11555    0.17857    0.15931    0.13164    0.25000    0.30149    0.07669    0.15182    0.12267    0.11472    0.16716    0.25000    0.11012    0.07389    0.19948    0.09107
   0.32956    0.09493    0.09666    0.15009    0.02697    0.25000    0.15931    0.13164    0.32143    0.11910    0.12321    0.03571    0.10762    0.10495    0.16150    0.32143    0.05202    0.07389    0.19948    0.09107
   0.32956    0.18949    0.02914    0.14300    0.11555    0.32143    0.15931    0.05924    0.39286    0.11910    0.12321    0.10714    0.12267    0.10495    0.16150    0.39286    0.16531    0.05110    0.19686    0.09107
   0.32956    0.02074    0.12212    0.15009    0.20574    0.39286    0.03571    0.19735    0.46429    0.02190    0.12321    0.17857    0.12267    0.10495    0.16150    0.46429    0.16531    0.13346    0.19948    0.09107
   0.51395    0.02074    0.12212    0.15009    0.11555    0.46429    0.10714    0.03571    0.53571    0.11910    0.12709    0.25000    0.12196    0.10495    0.15884    0.53571    0.17137    0.05110    0.18304    0.09107
   0.32956    0.02074    0.25246    0.15135    0.11555    0.53571    0.17857    0.10714    0.60714    0.34814    0.05822    0.32143    0.12196    0.10495    0.16150    0.60714    0.22212    0.05110    0.19948    0.09107
   0.32956    0.02074    0.12212    0.15009    0.11555    0.60714    0.25000    0.17857    0.67857    0.09363    0.24986    0.39286    0.12196    0.10495    0.16150    0.67857    0.22212    0.12518    0.18576    0.09107
   0.30864    0.02074    0.12212    0.15009    0.11555    0.67857    0.32143    0.25000    0.75000    0.00800    0.03124    0.46429    0.12196    0.10495    0.16150    0.75000    0.22212    0.05104    0.18576    0.09107
   0.30864    0.02074    0.12212    0.14589    0.11555    0.75000    0.39286    0.32143    0.82143    0.09363    0.12709    0.53571    0.03571    0.09040    0.16150    0.82143    0.35552    0.07560    0.15828    0.09107
   0.30864    0.00222    0.30620    0.15009    0.11892    0.82143    0.46429    0.39286    0.89286    0.15606    0.12709    0.60714    0.10714    0.14087    0.16150    0.89286    0.46063    0.07560    0.15828    0.09107
   0.27615    0.00222    0.21186    0.15009    0.20999    0.89286    0.53571    0.46429    0.96429    0.09363    0.03849    0.67857    0.17857    0.14087    0.03571    0.96429    0.15588    0.07560    0.15828    0.09107
   0.26291    0.04924    0.15819    0.15097    0.11892    0.96429    0.60714    0.53571    0.20169    0.03498    0.19176    0.75000    0.25000    0.11448    0.10714    0.35036    0.11691    0.00671    0.15828    0.09107
   0.02770    0.00222    0.30088    0.15009    0.11892    0.09755    0.67857    0.60714    0.43833    0.09363    0.10116    0.82143    0.32143    0.14087    0.17857    0.03932    0.15588    0.08369    0.15828    0.09107
   0.26291    0.00222    0.15819    0.15956    0.11892    0.01876    0.75000    0.67857    0.27837    0.09363    0.18510    0.89286    0.39286    0.14087    0.25000    0.03472    0.15588    0.08369    0.15828    0.09107
   0.21925    0.00222    0.12730    0.15009    0.11892    0.09338    0.82143    0.75000    0.18476    0.25116    0.12709    0.96429    0.46429    0.14087    0.32143    0.26141    0.15588    0.14133    0.15828    0.09107
   0.21925    0.00222    0.15819    0.14048    0.41830    0.00365    0.89286    0.82143    0.33128    0.09363    0.12709    0.04174    0.53571    0.14087    0.39286    0.14017    0.17388    0.08369    0.15828    0.09107
   0.02037    0.00222    0.15819    0.14917    0.11892    0.09338    0.96429    0.89286    0.32143    0.09363    0.12709    0.00391    0.60714    0.14087    0.46429    0.39461    0.15588    0.08369    0.15828    0.09212
   0.21925    0.00222    0.15819    0.03571    0.11892    0.21122    0.52024    0.96429    0.17545    0.09363    0.11542    0.11861    0.67857    0.14087    0.53571    0.37108    0.14507    0.08465    0.15828    0.09107
   0.21925    0.00222    0.15819    0.10714    0.11892    0.24986    0.03571    0.38124    0.17545    0.09363    0.14497    0.25000    0.75000    0.14087    0.60714    0.35331    0.15588    0.07824    0.15828    0.03525
   0.21925    0.00222    0.15819    0.17857    0.18833    0.09338    0.03571    0.63941    0.01809    0.09363    0.12709    0.24750    0.82143    0.14087    0.67857    0.26141    0.15588    0.07824    0.15828    0.14867
   0.21925    0.00222    0.46622    0.25000    0.11892    0.09338    0.01526    0.10156    0.21373    0.07770    0.11790    0.29169    0.89286    0.14087    0.75000    0.26141    0.12362    0.07824    0.15828    0.10732
   0.21925    0.00222    0.15819    0.32143    0.11892    0.04623    0.48472    0.68697    0.17596    0.09363    0.12709    0.35634    0.96429    0.13889    0.82143    0.26141    0.15588    0.12344    0.15828    0.10732
   0.19669    0.00222    0.17526    0.39286    0.09433    0.09338    0.03571    0.01654    0.17545    0.20797    0.12709    0.29169    0.13413    0.15061    0.89286    0.26141    0.15588    0.07824    0.15828    0.10732
   0.19669    0.00222    0.15819    0.46429    0.11892    0.09338    0.03571    0.21916    0.26474    0.20797    0.13190    0.25411    0.00947    0.14087    0.96429    0.34598    0.15588    0.07824    0.15828    0.10732
   0.10905    0.00222    0.15819    0.53571    0.11892    0.62894    0.03571    0.12001    0.21519    0.20797    0.12709    0.01427    0.03571    0.14087    0.23343    0.97752    0.34505    0.07824    0.15828    0.10732
   0.19669    0.00222    0.15819    0.60714    0.23232    0.09338    0.18193    0.21916    0.17545    0.20797    0.12709    0.29169    0.03571    0.13079    0.11937    0.26141    0.15588    0.07824    0.15828    0.10732
   0.19669    0.00222    0.15819    0.67857    0.11892    0.09338    0.17942    0.15633    0.17545    0.20797    0.12709    0.29169    0.46341    0.14930    0.03571    0.26141    0.14820    0.07824    0.15828    0.17592
   0.19669    0.00222    0.15819    0.75000    0.03216    0.05575    0.03571    0.06290    0.15370    0.20797    0.13567    0.29169    0.44771    0.14087    0.43375    0.49209    0.14820    0.07824    0.15828    0.17719
   0.19669    0.00222    0.15819    0.82143    0.11892    0.03847    0.12310    0.01003    0.17545    0.20797    0.13567    0.31367    0.03571    0.13745    0.00949    0.26141    0.14820    0.07824    0.15828    0.10732
   0.19669    0.00222    0.22826    0.89286    0.11892    0.05575    0.34270    0.25642    0.12480    0.31459    0.13567    0.19818    0.00332    0.13902    0.00125    0.26141    0.14820    0.07824    0.15828    0.10732
   0.18167    0.00222    0.09279    0.96429    0.11892    0.05575    0.21295    0.15633    0.27417    0.20797    0.13567    0.29169    0.03571    0.14087    0.00125    0.26141    0.14820    0.07824    0.15828    0.10732
   0.17186    0.00222    0.15819    0.81970    0.11601    0.05575    0.07150    0.15633    0.14420    0.20797    0.13301    0.22714    0.03571    0.13232    0.00125    0.26141    0.14820    0.07824    0.15828    0.10732
   0.69192    0.00222    0.15819    0.60714    0.07776    0.05575    0.15072    0.01669    0.17545    0.18704    0.13567    0.19868    0.03571    0.03571    0.14481    0.26141    0.19373    0.07824    0.03571    0.10732
   0.17186    0.00222    0.09813    0.79099    0.11892    0.05575    0.08279    0.14489    0.24052    0.18704    0.18739    0.24424    0.07944    0.10714    0.00125    0.26141    0.07562    0.07824    0.10714    0.10732
   0.17186    0.00222    0.15819    0.60714    0.11892    0.05575    0.25024    0.17154    0.21409    0.18704    0.13753    0.22204    0.04602    0.17857    0.00125    0.26141    0.19764    0.07824    0.17857    0.10732
   0.17186    0.00222    0.15819    0.53561    0.11892    0.02540    0.15072    0.14489    0.25898    0.18704    0.13567    0.14238    0.03571    0.25000    0.01655    0.62155    0.14820    0.07824    0.25000    0.10732
   0.17186    0.09240    0.24214    0.96778    0.11892    0.05575    0.15072    0.02622    0.14725    0.18704    0.15875    0.16314    0.00175    0.32143    0.01655    0.04562    0.14820    0.07824    0.32143    0.10732
   0.17186    0.09240    0.15819    0.64776    0.11892    0.22661    0.15072    0.29411    0.17545    0.18704    0.13567    0.15791    0.02564    0.39286    0.36221    0.35371    0.14820    0.07824    0.39286    0.10732
   0.17186    0.09465    0.15819    0.60714    0.12677    0.08095    0.15072    0.14489    0.20969    0.11756    0.13283    0.15070    0.11803    0.46429    0.04010    0.19173    0.14820    0.07824    0.46429    0.10732
   0.14166    0.09240    0.15819    0.00112    0.11892    0.08095    0.15072    0.22266    0.17545    0.18704    0.13567    0.00201    0.08824    0.53571    0.04010    0.19173    0.14820    0.07824    0.53571    0.10732
   0.17186    0.21883    0.12235    0.35922    0.11892    0.08095    0.15072    0.14603    0.19330    0.18704    0.13567    0.16091    0.02564    0.60714    0.13951    0.19173    0.14820    0.09359    0.60714    0.10732
   0.17186    0.09240    0.15819    0.60714    0.11892    0.08095    0.01479    0.18378    0.17545    0.18704    0.13567    0.15791    0.03323    0.67857    0.04010    0.19173    0.15053    0.09359    0.67857    0.11902
   0.17186    0.09240    0.15819    0.60714    0.13517    0.08095    0.21286    0.14603    0.17545    0.18704    0.13567    0.18388    0.02190    0.75000    0.08283    0.19173    0.14820    0.13113    0.75000    0.10732
   0.15205    0.09240    0.15819    0.69665    0.13517    0.08095    0.16333    0.14603    0.17545    0.18704    0.13567    0.07026    0.02190    0.82143    0.04010    0.19173    0.15165    0.09359    0.82143    0.08749
   0.17186    0.09240    0.15819    0.60714    0.13517    0.08095    0.16333    0.14603    0.17545    0.18704    0.13567    0.15791    0.11395    0.89286    0.42179    0.19173    0.15165    0.09359    0.89286    0.10732
   0.17186    0.21113    0.15819    0.33502    0.13517    0.08095    0.19386    0.14603    0.17545    0.23675    0.13567    0.15791    0.09102    0.96429    0.04010    0.21711    0.15165    0.09359    0.96429    0.10732
   0.17186    0.09240    0.16455    0.46311    0.13517    0.08095    0.16333    0.14603    0.18912    0.17852    0.13567    0.15791    0.01390    0.00424    0.07114    0.19173    0.15165    0.09359    0.01041    0.10772
   0.17186    0.09240    0.15819    0.15983    0.13517    0.08095    0.16333    0.28385    0.17545    0.16600    0.13567    0.24823    0.04592    0.32052    0.13442    0.19829    0.15165    0.10897    0.02723    0.10732
   0.49830    0.09240    0.15819    0.19050    0.13517    0.08095    0.16333    0.14603    0.17545    0.17376    0.14181    0.15791    0.02190    0.07672    0.13442    0.19173    0.15165    0.12044    0.01685    0.10732
   0.10201    0.09240    0.16191    0.19050    0.13517    0.08095    0.31749    0.14603    0.20453    0.01871    0.11853    0.15791    0.04299    0.39286    0.13442    0.19173    0.15165    0.10897    0.02723    0.10732
   0.17186    0.09240    0.15819    0.19050    0.13517    0.00954    0.19913    0.37656    0.18696    0.17376    0.13567    0.15791    0.01208    0.00793    0.18261    0.19173    0.15165    0.10897    0.02723    0.10732
   0.17186    0.10920    0.15819    0.19050    0.13517    0.20061    0.12192    0.14603    0.18696    0.17376    0.13567    0.15791    0.15234    0.52894    0.13442    0.19173    0.15084    0.10897    0.43017    0.10732
   0.17186    0.10920    0.15819    0.19050    0.13517    0.08095    0.16333    0.04798    0.18696    0.17376    0.14431    0.15791    0.01072    0.30718    0.13442    0.19173    0.15084    0.10897    0.00490    0.10732
   0.17186    0.10920    0.15819    0.00812    0.13517    0.08095    0.13950    0.14603    0.18696    0.17376    0.13567    0.15791    0.04299    0.39319    0.10391    0.19173    0.15084    0.10897    0.02723    0.10732
   0.17186    0.14619    0.15819    0.19050    0.13517    0.08095    0.12791    0.14603    0.18696    0.16896    0.13567    0.15791    0.04299    0.12819    0.10856    0.19173    0.15084    0.10897    0.02723    0.10915
   0.17186    0.10920    0.15819    0.05126    0.13517    0.08095    0.16333    0.14603    0.22545    0.16896    0.13567    0.15791    0.04299    0.04311    0.12294    0.02252    0.15084    0.10897    0.15760    0.03571
   0.17186    0.10920    0.15819    0.19050    0.13517    0.08095    0.16333    0.20381    0.18696    0.17099    0.13567    0.15791    0.04299    0.22295    0.10856    0.19173    0.13662    0.10897    0.02723    0.10714
   0.07521    0.10920    0.15819    0.19050    0.13517    0.08095    0.21914    0.12291    0.18696    0.16896    0.13567    0.15791    0.04299    0.22295    0.13367    0.19173    0.15084    0.10897    0.01147    0.17857
   0.17186    0.08694    0.15819    0.15726    0.13999    0.09968    0.16333    0.29438    0.18696    0.16896    0.03571    0.14924    0.04299    0.22295    0.10856    0.19173    0.15084    0.10897    0.43014    0.25000
   0.17186    0.08694    0.15819    0.19050    0.13517    0.08095    0.16333    0.14603    0.17164    0.16896    0.10714    0.10055    0.04299    0.22295    0.10856    0.19173    0.15084    0.10897    0.02723    0.32143
   0.05627    0.08694    0.15819    0.19050    0.13517    0.06047    0.16333    0.14334    0.17164    0.16896    0.17857    0.22777    0.04299    0.22295    0.10856    0.19173    0.15084    0.10897    0.02723    0.39286
   0.17186    0.08694    0.15819    0.19050    0.12403    0.08095    0.16333    0.14603    0.17164    0.16896    0.25000    0.16175    0.04812    0.19234    0.10856    0.27362    0.15084    0.10897    0.02723    0.46429
   0.17186    0.08694    0.15819    0.19050    0.14232    0.08095    0.16333    0.14603    0.17164    0.16896    0.32143    0.16175    0.04812    0.26610    0.10856    0.08894    0.15084    0.14523    0.02723    0.53571
   0.14431    0.08694    0.03571    0.19050    0.13517    0.08095    0.16333    0.14603    0.17164    0.16896    0.39286    0.16175    0.04812    0.01340    0.10856    0.19173    0.15084    0.10897    0.02723    0.60714
   0.17186    0.08694    0.10714    0.49248    0.14552    0.08095    0.16433    0.14603    0.14953    0.16896    0.46429    0.16175    0.07090    0.19234    0.10856    0.19173    0.03571    0.10897    0.02723    0.67857
   0.17186    0.08694    0.17857    0.09903    0.13517    0.08095    0.16333    0.14603    0.17370    0.16896    0.53571    0.16175    0.07090    0.19234    0.10856    0.19173    0.10714    0.11435    0.02723    0.75000
   0.17186    0.08694    0.25000    0.19050    0.13517    0.08095    0.16333    0.14603    0.18213    0.16442    0.60714    0.17032    0.07090    0.44874    0.10856    0.19173    0.17857    0.11435    0.02723    0.82143
   0.19934    0.08694    0.32143    0.19050    0.03571    0.08095    0.16333    0.14603    0.17370    0.16442    0.67857    0.17032    0.07090    0.19234    0.10856    0.19173    0.25000    0.13107    0.02723    0.89286
   0.17186    0.08694    0.39286    0.19050    0.10714    0.21071    0.16333    0.14603    0.17370    0.03571    0.75000    0.17032    0.07090    0.19234    0.10856    0.19173    0.32143    0.13107    0.02723    0.96429
   0.17186    0.08694    0.46429    0.26438    0.17857    0.08095    0.16333    0.14603    0.17370    0.10714    0.82143    0.17032    0.07090    0.19234    0.10856    0.19173    0.39286    0.13107    0.02723    0.25407
   0.17186    0.08694    0.53571    0.23465    0.25000    0.08095    0.16333    0.14603    0.18166    0.17857    0.89286    0.17032    0.07090    0.19234    0.10856    0.19173    0.46429    0.13107    0.50313    0.39423
   0.17186    0.08694    0.60714    0.19050    0.32143    0.08095    0.16333    0.12306    0.17370    0.25000    0.96429    0.17032    0.07090    0.19234    0.10856    0.19173    0.53571    0.13107    0.00847    0.04918
   0.17186    0.08694    0.67857    0.19050    0.39286    0.05919    0.16333    0.16551    0.17370    0.32143    0.04259    0.17032    0.09419    0.19234    0.10856    0.19173    0.60714    0.14061    0.00083    0.02935
   0.17186    0.13217    0.75000    0.19050    0.46429    0.08095    0.14637    0.14603    0.17370    0.39286    0.10076    0.19474    0.07090    0.19234    0.10856    0.19173    0.67857    0.13107    0.05783    0.32561
   0.17186    0.08694    0.82143    0.21859    0.53571    0.08095    0.16333    0.14603    0.18390    0.46429    0.00200    0.19474    0.08670    0.19234    0.10856    0.19173    0.75000    0.16848    0.37184    0.02935
   0.17186    0.08694    0.89286    0.19050    0.60714    0.08095    0.16436    0.14603    0.18390    0.53571    0.17857    0.19474    0.07090    0.19234    0.10856    0.19173    0.82143    0.13107    0.05783    0.02935
   0.17186    0.08694    0.96429    0.19050    0.67857    0.04461    0.16333    0.14603    0.18390    0.60714    0.67331    0.19474    0.07090    0.19234    0.10856    0.19173    0.89286    0.13107    0.14078    0.15211
   0.17186    0.08694    0.13662    0.19050    0.75000    0.08095    0.16333    0.14603    0.18390    0.67857    0.17857    0.19474    0.07090    0.17507    0.10201    0.19173    0.96429    0.13107    0.08424    0.67998
   0.17186    0.08694    0.01757    0.19050    0.82143    0.08095    0.16333    0.14603    0.17594    0.75000    0.16982    0.22423    0.07090    0.17507    0.10856    0.19173    0.00991    0.05809    0.08424    0.19542
   0.17186    0.08694    0.32143    0.19050    0.89286    0.07502    0.16333    0.14603    0.17594    0.82143    0.25971    0.01943    0.07090    0.17507    0.10856    0.09179    0.17857    0.13107    0.23747    0.28162
   0.17186    0.08694    0.32143    0.19050    0.96429    0.07502    0.16333    0.14603    0.17594    0.89286    0.58526    0.11145    0.07090    0.17507    0.14961    0.19173    0.00944    0.13107    0.08424    0.11359
   0.17186    0.08694    0.55054    0.19050    0.10993    0.07502    0.15439    0.14603    0.17594    0.96429    0.25971    0.17282    0.07090    0.17507    0.10856    0.19331    0.14210    0.15342    0.08424    0.11359
   0.17186    0.08694    0.02873    0.19050    0.29602    0.07502    0.15439    0.14603    0.17989    0.53594    0.17056    0.17282    0.07090    0.17507    0.09305    0.19173    0.42600    0.13107    0.08424    0.06327
   0.17186    0.08694    0.32143    0.19050    0.44240    0.07502    0.15439    0.14603    0.17594    0.10714    0.18932    0.17282    0.07090    0.17507    0.11288    0.19173    0.19571    0.13107    0.08424    0.11359
   0.17186    0.08694    0.32143    0.19050    0.51118    0.11799    0.15439    0.14603    0.17594    0.01770    0.03876    0.17282    0.07090    0.18680    0.10856    0.19173    0.17857    0.13107    0.08424    0.12116
   0.17186    0.12409    0.63771    0.19050    0.27052    0.07502    0.15439    0.14603    0.17594    0.03976    0.18932    0.17282    0.07090    0.15010    0.10856    0.19173    0.17857    0.13107    0.08424    0.11359
   0.17186    0.10813    0.38844    0.19050    0.70058    0.07502    0.15439    0.14603    0.17594    0.10714    0.18932    0.17282    0.05522    0.10760    0.11156    0.19173    0.28262    0.13107    0.08424    0.11359
   0.16345    0.10813    0.28128    0.19050    0.60714    0.06541    0.15439    0.15264    0.17594    0.10714    0.18932    0.17282    0.07090    0.10760    0.10856    0.19173    0.00420    0.13107    0.08424    0.11359
   0.17186    0.10813    0.33526    0.19050    0.47420    0.06541    0.15439    0.14603    0.17594    0.01881    0.18932    0.17282    0.07090    0.10760    0.10856    0.19173    0.28934    0.13107    0.08424    0.11359
   0.17186    0.10813    0.28128    0.19050    0.77949    0.06541    0.15439    0.14603    0.17594    0.10714    0.36860    0.17282    0.07090    0.10760    0.10856    0.19173    0.17857    0.03571    0.08424    0.11359
   0.17186    0.12548    0.00944    0.19050    0.81946    0.06541    0.03571    0.03571    0.18195    0.10714    0.18932    0.17282    0.07090    0.10760    0.10856    0.19173    0.17857    0.10714    0.32735    0.11359
   0.17186    0.10813    0.28128    0.19050    0.60714    0.06541    0.10714    0.10714    0.17594    0.03855    0.18932    0.17282    0.07090    0.00173    0.10856    0.22639    0.17857    0.17857    0.08424    0.11359
   0.17186    0.10813    0.30884    0.19050    0.60714    0.06541    0.17857    0.17857    0.17594    0.03855    0.18932    0.17282    0.07090    0.21227    0.10856    0.15643    0.17857    0.25000    0.08424    0.11359
   0.17186    0.10813    0.30884    0.19050    0.60714    0.06541    0.25000    0.25000    0.17594    0.03855    0.18932    0.17282    0.06518    0.10760    0.11679    0.17432    0.17857    0.32143    0.08424    0.11359
   0.17186    0.10813    0.30884    0.19050    0.60714    0.06541    0.32143    0.32143    0.17594    0.01082    0.18932    0.17282    0.07090    0.10760    0.10856    0.17432    0.17857    0.39286    0.08424    0.11359
   0.17186    0.10813    0.30884    0.19050    0.60714    0.06541    0.39286    0.39286    0.17594    0.16003    0.18932    0.17282    0.07090    0.10760    0.10856    0.17432    0.17857    0.46429    0.08424    0.11359
   0.17186    0.10813    0.30884    0.19050    0.60714    0.05631    0.46429    0.46429    0.17594    0.00332    0.18932    0.17282    0.07090    0.10760    0.10856    0.17432    0.17857    0.53571    0.08424    0.20622
   0.17186    0.10813    0.30884    0.17974    0.60714    0.06541    0.53571    0.53571    0.17594    0.00332    0.18932    0.17282    0.07090    0.10760    0.10856    0.17432    0.17857    0.60714    0.12203    0.11359
   0.17186    0.10813    0.47565    0.19050    0.60714    0.06541    0.60714    0.60714    0.17594    0.00332    0.18932    0.17282    0.07090    0.10760    0.11257    0.17432    0.17857    0.67857    0.08424    0.11359
   0.17186    0.10813    0.30884    0.19050    0.60714    0.06160    0.67857    0.67857    0.17594    0.00332    0.18932    0.17282    0.07090    0.10760    0.03571    0.17432    0.17857    0.75000    0.08424    0.11359
   0.20970    0.10813    0.26719    0.19050    0.60714    0.06541    0.75000    0.75000    0.17594    0.00332    0.18932    0.17282    0.07090    0.10760    0.10714    0.17432    0.17857    0.82143    0.08424    0.11359
