   0.39286    0.25000    0.10714    0.89286    0.03571    0.25000    0.75000    0.96429    0.39286    0.67857    0.17857    0.67857    0.46429    0.17857    0.60714    0.53571    0.96429    0.46429    0.67857    0.03571
   0.03571    0.67857    0.25000    0.17857    0.25000    0.67857    0.60714    0.46429    0.32143    0.75000    0.75000    0.96429    0.03571    0.53571    0.75000    0.60714    0.39286    0.82143    0.17857    0.32143
   0.32143    0.39286    0.60714    0.46429    0.32143    0.46429    0.46429    0.82143    0.25000    0.53571    0.60714    0.60714    0.10714    0.25000    0.96429    0.10714    0.17857    0.75000    0.10714    0.53571
   0.82143    0.96429    0.53571    0.03571    0.46429    0.39286    0.82143    0.39286    0.82143    0.39286    0.89286    0.17857    0.39286    0.32143    0.17857    0.17857    0.75000    0.10714    0.03571    0.10714
   0.25000    0.10714    0.82143    0.39286    0.89286    0.89286    0.32143    0.10714    0.53571    0.82143    0.32143    0.53571    0.32143    0.10714    0.89286    0.25000    0.89286    0.67857    0.46429    0.75000
   0.53571    0.53571    0.67857    0.25000    0.17857    0.17857    0.89286    0.75000    0.96429    0.89286    0.53571    0.10714    0.75000    0.60714    0.46429    0.32143    0.32143    0.03571    0.25000    0.39286
   0.10714    0.82143    0.96429    0.67857    0.60714    0.03571    0.03571    0.67857    0.10714    0.03571    0.03571    0.75000    0.82143    0.96429    0.32143    0.03571    0.53571    0.60714    0.39286    0.82143
   0.89286    0.17857    0.03571    0.32143    0.39286    0.96429    0.96429    0.32143    0.89286    0.96429    0.96429    0.25000    0.17857    0.03571    0.67857    0.96429    0.46429    0.39286    0.60714    0.17857
   0.46429    0.46429    0.32143    0.75000    0.82143    0.82143    0.10714    0.25000    0.03571    0.10714    0.46429    0.89286    0.25000    0.39286    0.53571    0.67857    0.67857    0.96429    0.75000    0.60714
   0.75000    0.89286    0.17857    0.60714    0.10714    0.10714    0.67857    0.89286    0.46429    0.17857    0.67857    0.46429    0.67857    0.89286    0.10714    0.75000    0.10714    0.32143    0.53571    0.25000
   0.17857    0.03571    0.46429    0.96429    0.53571    0.60714    0.17857    0.60714    0.17857    0.60714    0.10714    0.82143    0.60714    0.67857    0.82143    0.82143    0.25000    0.89286    0.96429    0.89286
   0.67857    0.60714    0.39286    0.53571    0.67857    0.53571    0.53571    0.17857    0.75000    0.46429    0.39286    0.39286    0.89286    0.75000    0.03571    0.89286    0.82143    0.25000    0.89286    0.46429
   0.96429    0.32143    0.75000    0.82143    0.75000    0.32143    0.39286    0.53571    0.67857    0.25000    0.25000    0.03571    0.96429    0.46429    0.25000    0.39286    0.60714    0.17857    0.82143    0.67857
   0.60714    0.75000    0.89286    0.10714    0.96429    0.75000    0.25000    0.03571    0.60714    0.32143    0.82143    0.32143    0.53571    0.82143    0.39286    0.46429    0.03571    0.53571    0.32143    0.96429
   0.70086    0.29248    0.82140    0.91695    0.57450    0.76983    0.45519    0.89260    0.02479    0.91417    0.90404    0.23391    0.82330    0.56866    0.01500    0.96084    0.01491    0.00074    0.85079    0.83077
   0.14929    0.22486    0.01688    0.20568    0.15386    0.35235    0.33551    0.82143    0.20916    0.65769    0.44679    0.67857    0.01579    0.73463    0.71918    0.49190    0.28497    0.84608    0.91122    0.91546
   0.01797    0.45791    0.34602    0.73564    0.92639    0.07441    0.05458    0.68401    0.01174    0.83249    0.76866    0.43076    0.28729    0.85753    0.01035    0.99405    0.68969    0.58173    0.99852    0.82143
   0.24807    0.38374    0.19223    0.98751    0.47927    0.33031    0.48687    0.77423    0.39965    0.99297    0.68816    0.99537    0.37267    0.45379    0.52145    0.96437    0.43304    0.67857    0.91122    0.58853
   0.39874    0.97186    0.34602    0.73564    0.57450    0.43397    0.60397    0.76729    0.05172    0.91417    0.98781    0.67857    0.34732    0.10791    0.17857    0.59150    0.02418    0.92820    0.91122    0.90253
   0.61553    0.20826    0.64189    0.73564    0.44261    0.75167    0.98738    0.44094    0.54094    0.91417    0.97115    0.67857    0.47261    0.46966    0.40982    0.70977    0.05844    0.98961    0.91122    0.94752
   0.47385    0.43878    0.34602    0.73564    0.57450    0.25826    0.48687    0.68401    0.30757    0.87062    0.93706    0.67857    0.28729    0.45379    0.45017    0.96084    0.54752    0.81413    0.91122    0.90253
   0.30226    0.43878    0.34602    0.58201    0.57450    0.27496    0.63285    0.68401    0.31695    0.81259    0.84140    0.67895    0.28729    0.45379    0.16531    0.96084    0.39286    0.97724    0.88555    0.99077
   0.03887    0.12405    0.01087    0.69026    0.43188    0.27496    0.42485    0.87441    0.99936    0.87062    0.98113    0.54911    0.28729    0.41150    0.18022    0.91738    0.32316    0.80011    0.86310    0.97125
   0.07514    0.64184    0.37970    0.58201    0.65327    0.46104    0.48687    0.37602    0.67235    0.62141    0.81698    0.74185    0.11081    0.06662    0.34247    0.92635    0.33266    0.94213    0.86310    0.97901
   0.33439    0.55205    0.34602    0.59155    0.59689    0.06236    0.48687    0.93493    0.34276    0.89162    0.75000    0.85519    0.28729    0.45379    0.25591    0.99602    0.39286    0.97724    0.99720    0.90253
   0.31595    0.43878    0.34602    0.59155    0.29125    0.41493    0.48687    0.77608    0.37638    0.89162    0.75000    0.64455    0.47729    0.45379    0.25591    0.85008    0.34932    0.93998    0.93064    0.95519
   0.09204    0.43878    0.09686    0.05261    0.29125    0.21121    0.26314    0.68401    0.40303    0.58002    0.65386    0.37814    0.28729    0.32756    0.44365    0.47863    0.06536    0.97724    0.52534    0.94769
   0.16148    0.43878    0.50656    0.59155    0.03846    0.31179    0.06682    0.68401    0.37477    0.89694    0.75000    0.38746    0.50174    0.61379    0.25591    0.37136    0.19809    0.97724    0.86310    0.90253
   0.23535    0.43878    0.26641    0.59155    0.07852    0.38231    0.38318    0.65113    0.58398    0.89162    0.75000    0.30054    0.24096    0.61379    0.25591    0.37136    0.17303    0.99689    0.99900    0.90253
   0.20643    0.49126    0.26641    0.59155    0.36526    0.25935    0.29308    0.68401    0.37096    0.88703    0.75813    0.45644    0.28729    0.59121    0.25591    0.44562    0.19809    0.96950    0.92114    0.90253
   0.20643    0.43878    0.14254    0.59155    0.29125    0.27496    0.07473    0.61205    0.59635    0.99440    0.88075    0.45644    0.07774    0.85789    0.43161    0.13836    0.15171    0.97724    0.92114    0.91184
   0.33024    0.47562    0.08904    0.36689    0.29125    0.35247    0.21905    0.73066    0.66554    0.71775    0.75813    0.39759    0.27339    0.59121    0.23652    0.17179    0.19809    0.94459    0.92114    0.56175
   0.23285    0.43878    0.26641    0.49420    0.35216    0.35247    0.36053    0.68401    0.44091    0.89162    0.78933    0.45644    0.11853    0.51503    0.25591    0.27689    0.19809    0.97724    0.98837    0.56175
   0.23285    0.43878    0.30450    0.59155    0.30087    0.35247    0.33164    0.68401    0.37638    0.89162    0.76625    0.45644    0.27339    0.56320    0.25591    0.37136    0.19809    0.99338    0.92114    0.56175
   0.38051    0.43878    0.33946    0.31445    0.30087    0.50980    0.36611    0.58851    0.48609    0.99985    0.75813    0.45644    0.27339    0.29676    0.25591    0.42816    0.19809    0.99338    0.29662    0.69143
   0.29153    0.38517    0.24326    0.49431    0.30087    0.35247    0.26314    0.56550    0.23842    0.89162    0.72288    0.38832    0.18915    0.78741    0.24325    0.60057    0.33776    0.99900    0.05581    0.76208
   0.23285    0.43878    0.26641    0.59155    0.30087    0.35247    0.26314    0.50585    0.33156    0.93704    0.76346    0.45644    0.27339    0.51503    0.25591    0.37136    0.19809    0.99338    0.29662    0.61247
   0.25943    0.45505    0.26641    0.58984    0.38893    0.35247    0.28279    0.56550    0.35241    0.94863    0.76500    0.45644    0.27339    0.51503    0.25591    0.37136    0.19809    0.99338    0.54526    0.56175
   0.29741    0.43878    0.26641    0.58984    0.36473    0.57276    0.33933    0.56550    0.35241    0.63083    0.75813    0.64702    0.27339    0.90301    0.40582    0.37136    0.09735    0.74987    0.05428    0.56175
   0.25943    0.53641    0.26641    0.58984    0.47645    0.35247    0.24038    0.56550    0.35241    0.76194    0.74075    0.71371    0.18884    0.99657    0.25591    0.37136    0.29994    0.99338    0.29662    0.20748
   0.25943    0.39484    0.26641    0.54328    0.34588    0.35247    0.27939    0.56550    0.35241    0.89162    0.74075    0.38680    0.33500    0.54566    0.25591    0.37136    0.20872    0.99338    0.22670    0.56175
   0.25943    0.40658    0.26641    0.58984    0.30087    0.35726    0.27570    0.56550    0.35241    0.89162    0.72667    0.22516    0.30298    0.50263    0.26242    0.37136    0.20872    0.99338    0.36943    0.56175
   0.25943    0.26231    0.18197    0.58984    0.46961    0.63184    0.26314    0.43592    0.00075    0.89279    0.83542    0.24860    0.30298    0.50263    0.25591    0.41542    0.16998    0.86884    0.48953    0.36602
   0.22436    0.26231    0.29612    0.50238    0.30087    0.06033    0.40966    0.24710    0.40200    0.89162    0.74075    0.38680    0.29740    0.91523    0.25591    0.38550    0.20601    0.99338    0.33272    0.16637
   0.22523    0.32201    0.29612    0.50238    0.30087    0.35247    0.25777    0.31027    0.35241    0.89162    0.72180    0.35948    0.30298    0.50263    0.25591    0.38140    0.20872    0.99338    0.26291    0.49332
   0.28734    0.26231    0.29124    0.50238    0.30087    0.35247    0.26314    0.41474    0.38940    0.89162    0.75460    0.35948    0.30298    0.50263    0.25591    0.37136    0.20872    0.99796    0.35009    0.36602
   0.25943    0.26231    0.29124    0.50238    0.30087    0.35247    0.26314    0.38191    0.35241    0.94982    0.75460    0.35948    0.14424    0.50263    0.26738    0.32863    0.15677    0.93678    0.29662    0.01742
   0.25943    0.26231    0.38996    0.50238    0.26866    0.35247    0.30431    0.35013    0.35241    0.98657    0.75460    0.35948    0.30298    0.70573    0.27036    0.38509    0.19020    0.99338    0.29662    0.36602
   0.25943    0.26231    0.29124    0.49132    0.34224    0.35247    0.26314    0.42827    0.38521    0.94982    0.77466    0.35948    0.30298    0.63173    0.26507    0.36865    0.20981    0.98733    0.36295    0.46101
   0.25943    0.26231    0.29124    0.50238    0.30087    0.35179    0.26314    0.43231    0.38798    0.94578    0.76965    0.35948    0.30298    0.50263    0.24955    0.30884    0.19218    0.99947    0.29662    0.46101
   0.25943    0.24144    0.34460    0.50238    0.30158    0.35247    0.24387    0.43592    0.35241    0.87094    0.86218    0.35948    0.23735    0.50263    0.20885    0.32863    0.17936    0.99947    0.25182    0.46101
   0.21825    0.26231    0.35176    0.40772    0.30087    0.34177    0.26314    0.43592    0.38766    0.94982    0.84109    0.23465    0.30298    0.50263    0.24955    0.32863    0.19218    0.98539    0.40986    0.25841
   0.27589    0.32668    0.32012    0.40772    0.30087    0.38258    0.26314    0.36364    0.35018    0.94982    0.85526    0.23465    0.31577    0.83325    0.24955    0.29177    0.18966    0.99947    0.30225    0.41867
   0.25943    0.29264    0.29124    0.40217    0.30087    0.31938    0.26314    0.31791    0.35241    0.94982    0.80982    0.23465    0.34504    0.54943    0.25108    0.29177    0.20799    0.99947    0.31969    0.41867
   0.20716    0.29264    0.29124    0.24650    0.30087    0.35247    0.33188    0.06139    0.25692    0.90757    0.80982    0.23465    0.42418    0.08215    0.24955    0.29177    0.13308    0.95410    0.30225    0.41867
   0.25943    0.34445    0.29124    0.25121    0.30087    0.29436    0.26314    0.31791    0.35241    0.92892    0.80982    0.23465    0.30298    0.73837    0.26652    0.29177    0.19218    0.98628    0.30225    0.57264
   0.25943    0.29264    0.29124    0.31504    0.29732    0.29436    0.27224    0.31791    0.42287    0.97952    0.88551    0.27427    0.30298    0.50263    0.24955    0.29177    0.19699    0.99947    0.30164    0.41867
   0.25943    0.31686    0.29124    0.40772    0.30087    0.31228    0.25329    0.30321    0.35241    0.95858    0.81916    0.31209    0.30298    0.50263    0.24955    0.32155    0.19699    0.99947    0.30946    0.41867
   0.25943    0.29264    0.26530    0.40772    0.35930    0.28146    0.26689    0.30321    0.37216    0.94982    0.81897    0.27427    0.36263    0.62780    0.24955    0.22033    0.19699    0.99947    0.19377    0.41867
   0.26792    0.29264    0.29124    0.24736    0.24948    0.27986    0.26118    0.30321    0.32340    0.94982    0.80982    0.27427    0.30298    0.72252    0.24955    0.29177    0.19699    0.99947    0.30225    0.41867
   0.25943    0.31194    0.31611    0.40772    0.30087    0.30603    0.26118    0.26747    0.35241    0.94982    0.80982    0.27906    0.30978    0.50263    0.24955    0.29177    0.20869    0.99915    0.28422    0.41867
   0.26221    0.29050    0.29124    0.40772    0.30087    0.30603    0.25589    0.26747    0.35241    0.94982    0.81271    0.27427    0.30298    0.51110    0.24955    0.29177    0.22376    0.99947    0.28422    0.40127
   0.26172    0.27843    0.29124    0.40772    0.26674    0.28536    0.25494    0.12509    0.44055    0.94982    0.81271    0.27427    0.34136    0.51110    0.24955    0.22054    0.20869    0.99537    0.18276    0.65472
   0.25943    0.31415    0.29124    0.40772    0.33228    0.28536    0.25589    0.26747    0.27273    0.94196    0.86954    0.27427    0.30828    0.51110    0.24955    0.29177    0.20869    0.99947    0.28422    0.54477
   0.25943    0.27843    0.29124    0.44760    0.31695    0.28536    0.24165    0.26747    0.33590    0.94982    0.85683    0.27427    0.30298    0.48580    0.24955    0.29177    0.21190    0.99947    0.28422    0.44643
   0.26137    0.27843    0.29606    0.40772    0.30087    0.28536    0.24165    0.26747    0.33590    0.94982    0.83408    0.27427    0.30298    0.48580    0.25151    0.29177    0.20869    0.99947    0.28422    0.48298
   0.26010    0.29688    0.29124    0.40772    0.30087    0.28536    0.24165    0.00132    0.33590    0.95615    0.74031    0.29009    0.27342    0.18918    0.24955    0.33004    0.20869    0.98660    0.34414    0.41867
   0.25524    0.27843    0.29124    0.39743    0.30078    0.24014    0.26361    0.26747    0.33590    0.94608    0.88009    0.28779    0.28637    0.48580    0.24955    0.29177    0.20869    0.98660    0.28422    0.52584
   0.25943    0.28140    0.29124    0.39182    0.31016    0.29980    0.24165    0.29610    0.37524    0.94982    0.80480    0.27427    0.30005    0.48580    0.24730    0.29177    0.20869    0.98798    0.32524    0.41867
   0.26293    0.27843    0.29124    0.40772    0.30087    0.29728    0.22998    0.26747    0.33590    0.94982    0.83207    0.27427    0.28637    0.48580    0.24955    0.29177    0.23266    0.98660    0.28422    0.41867
   0.26293    0.28518    0.25475    0.40772    0.30898    0.27390    0.24551    0.55816    0.33590    0.94982    0.81271    0.27427    0.27549    0.48580    0.24675    0.23127    0.23674    0.99447    0.28422    0.42981
   0.26340    0.28319    0.32229    0.38824    0.30391    0.27154    0.24165    0.26747    0.36487    0.94982    0.81271    0.30185    0.28637    0.46016    0.24955    0.29177    0.28759    0.99392    0.34749    0.36720
   0.26483    0.28319    0.29124    0.37807    0.30087    0.28445    0.24165    0.26747    0.33711    0.95407    0.82251    0.27427    0.28637    0.48580    0.24955    0.30820    0.23674    0.98660    0.28422    0.40781
   0.26293    0.28319    0.29124    0.38824    0.30087    0.27390    0.24165    0.26747    0.33711    0.96429    0.81271    0.27427    0.28637    0.48580    0.24795    0.29177    0.26639    0.98660    0.29376    0.40781
   0.26293    0.28319    0.29321    0.43980    0.30087    0.27390    0.22671    0.26747    0.33711    0.89286    0.81025    0.27427    0.29384    0.28268    0.96429    0.29177    0.29393    0.99668    0.25987    0.40781
   0.26293    0.28319    0.29124    0.38824    0.30489    0.27526    0.24165    0.17256    0.33711    0.25000    0.81271    0.27427    0.28637    0.48580    0.10714    0.36244    0.24913    0.98995    0.32220    0.40781
   0.96429    0.28319    0.29124    0.38824    0.30087    0.27726    0.25496    0.26747    0.34007    0.17857    0.81271    0.27866    0.28637    0.48580    0.53571    0.29177    0.26639    0.98660    0.27829    0.40781
   0.67857    0.28319    0.29124    0.38824    0.30087    0.27526    0.25346    0.26747    0.33317    0.46429    0.81271    0.27427    0.28669    0.48580    0.75000    0.29177    0.25285    0.98660    0.27829    0.40781
   0.53571    0.26545    0.29124    0.38824    0.30524    0.27526    0.24389    0.13110    0.33141    0.39286    0.79557    0.27427    0.26977    0.37652    0.82143    0.29177    0.32027    0.98660    0.27829    0.21133
   0.82143    0.27409    0.29124    0.36224    0.30524    0.29132    0.24284    0.26747    0.34733    0.67857    0.81271    0.27427    0.30356    0.63164    0.39286    0.29177    0.28927    0.98660    0.27829    0.40781
   0.75000    0.27279    0.29989    0.36224    0.30524    0.27526    0.24472    0.26747    0.33711    0.32143    0.81710    0.27427    0.28669    0.52396    0.67857    0.29177    0.26639    0.25000    0.27829    0.40781
   0.89286    0.28319    0.46429    0.36224    0.30017    0.27526    0.24472    0.26747    0.34191    0.60714    0.81271    0.27427    0.28669    0.48580    0.32143    0.29177    0.26639    0.67857    0.27829    0.40781
   0.60714    0.27878    0.39286    0.36224    0.96429    0.27711    0.24838    0.26747    0.33711    0.53571    0.81705    0.25577    0.28669    0.48580    0.60714    0.24215    0.26639    0.53571    0.28175    0.40781
   0.39286    0.27965    0.25000    0.35122    0.10714    0.26586    0.24472    0.26713    0.33711    0.82143    0.81192    0.26589    0.28669    0.46484    0.17857    0.30426    0.26639    0.89286    0.27829    0.40781
   0.10714    0.27369    0.03571    0.36552    0.32143    0.27711    0.24472    0.29490    0.33711    0.75000    0.81765    0.27427    0.53571    0.46343    0.25000    0.29177    0.25796    0.82143    0.28326    0.32486
   0.25000    0.27765    0.67857    0.36224    0.25000    0.27711    0.24472    0.25655    0.33746    0.10714    0.81192    0.27427    0.67857    0.46484    0.46429    0.29177    0.26639    0.03571    0.27829    0.40781
   0.17857    0.27765    0.82143    0.36224    0.82143    0.27711    0.24472    0.30592    0.33711    0.03571    0.89286    0.29120    0.75000    0.43299    0.89286    0.28595    0.26639    0.39286    0.28579    0.34796
   0.46429    0.29021    0.10714    0.34026    0.53571    0.27711    0.32143    0.26747    0.33667    0.42463    0.67857    0.27030    0.03571    0.43299    0.03571    0.28595    0.26639    0.60714    0.26488    0.40781
   0.32143    0.27765    0.89286    0.34026    0.39286    0.27711    0.03571    0.25871    0.33711    0.16169    0.17857    0.27427    0.89286    0.41370    0.79293    0.28448    0.26639    0.96429    0.27210    0.40781
   0.03571    0.27765    0.17857    0.34026    0.60714    0.27711    0.25000    0.26362    0.33711    0.52477    0.25000    0.27427    0.39286    0.41370    0.41911    0.28595    0.26639    0.17857    0.27210    0.38384
   0.31030    0.27177    0.32143    0.34026    0.46429    0.26528    0.89286    0.26747    0.32800    0.00448    0.96429    0.26628    0.82143    0.43755    0.82143    0.27860    0.26639    0.10714    0.27210    0.38384
   0.71637    0.27028    0.96429    0.26860    0.17857    0.96429    0.17857    0.21343    0.33591    0.00678    0.53571    0.26883    0.17857    0.41370    0.66370    0.27860    0.28937    0.46429    0.26031    0.33071
   0.49216    0.27765    0.75000    0.25971    0.75000    0.32143    0.39286    0.26747    0.33208    0.23894    0.60714    0.27427    0.60714    0.40031    0.43008    0.27860    0.39286    0.32143    0.27060    0.35551
   0.54219    0.27352    0.60714    0.26860    0.67857    0.82143    0.46429    0.26747    0.33208    0.36183    0.39286    0.25000    0.10714    0.40436    0.66370    0.27860    0.10714    0.75000    0.27210    0.33071
   0.10041    0.10714    0.53571    0.26860    0.89286    0.53571    0.53571    0.26747    0.33208    0.44977    0.46429    0.60714    0.96429    0.37814    0.36810    0.27860    0.75000    0.01925    0.26564    0.33071
   0.56411    0.17857    0.03764    0.29310    0.03571    0.75000    0.60714    0.26747    0.32652    0.41512    0.03571    0.10714    0.25000    0.40436    0.01832    0.27860    0.32143    0.44574    0.25000    0.26009
   0.44511    0.03571    0.54449    0.26860    0.82336    0.89286    0.82143    0.26747    0.33121    0.34995    0.75000    0.96429    0.32143    0.42308    0.36810    0.28203    0.96429    0.85237    0.17857    0.33191
   0.44670    0.67857    0.46429    0.26860    0.04700    0.39286    0.10714    0.26747    0.33208    0.36183    0.82143    0.82143    0.46429    0.40436    0.53760    0.28203    0.46429    0.39033    0.96429    0.33191
   0.54234    0.25000    0.42277    0.26860    0.11992    0.60714    0.75000    0.26901    0.33208    0.33751    0.32143    0.53571    0.09434    0.40664    0.49847    0.28203    0.17857    0.87617    0.39286    0.30085
   0.44511    0.39286    0.02326    0.25832    0.11589    0.10714    0.96429    0.25453    0.03571    0.33751    0.10714    0.32143    0.24892    0.35542    0.36810    0.28203    0.82143    0.47841    0.32143    0.33191
   0.44511    0.46429    0.42478    0.25561    0.14792    0.25000    0.67857    0.26747    0.17857    0.33751    0.33671    0.67857    0.13625    0.35542    0.13225    0.67857    0.53571    0.62111    0.10714    0.36615
   0.44511    0.53571    0.60378    0.26748    0.00938    0.46429    0.08220    0.26747    0.46429    0.33751    0.92353    0.46429    0.36327    0.33966    0.36810    0.53571    0.03571    0.50806    0.53571    0.33191
   0.37028    0.60714    0.66170    0.25832    0.10714    0.17857    0.08195    0.26747    0.10714    0.33751    0.46147    0.17857    0.80353    0.35542    0.36810    0.96429    0.67857    0.50806    0.46429    0.22078
   0.56346    0.75000    0.39780    0.24782    0.10714    0.67857    0.21065    0.25000    0.67857    0.25098    0.85390    0.03571    0.48538    0.35542    0.36810    0.82143    0.25000    0.50806    0.89286    0.33191
   0.44511    0.32143    0.97599    0.24045    0.44516    0.03571    0.67740    0.89286    0.25000    0.59809    0.99368    0.89286    0.47840    0.31716    0.03757    0.75000    0.89286    0.50806    0.67857    0.33191
   0.44511    0.96429    0.71601    0.24045    0.15151    0.82681    0.96185    0.96429    0.60714    0.33082    0.96447    0.39286    0.40269    0.35542    0.67835    0.60714    0.60714    0.50806    0.60714    0.33191
   0.44511    0.82143    0.66170    0.24045    0.20966    0.96036    0.96280    0.46429    0.39286    0.33082    0.85390    0.75000    0.38702    0.35542    0.42412    0.89286    0.79175    0.50806    0.03571    0.33191
   0.51672    0.89286    0.59283    0.24045    0.28043    0.92583    0.81400    0.17857    0.75000    0.21375    0.85390    0.32775    0.36999    0.35542    0.34655    0.10714    0.96261    0.87529    0.82143    0.33191
   0.53116    0.80178    0.91288    0.24045    0.20966    0.73197    0.67740    0.67857    0.32143    0.40778    0.60563    0.25000    0.40882    0.34851    0.01513    0.39286    0.86950    0.50806    0.75000    0.33191
   0.44511    0.51056    0.65127    0.21864    0.20966    0.13498    0.59816    0.39286    0.89286    0.33082    0.85390    0.50884    0.29996    0.34851    0.34655    0.25000    0.66892    0.50806    0.94241    0.33191
   0.44511    0.40333    0.66170    0.22602    0.29583    0.98739    0.88719    0.60714    0.53571    0.33082    0.75344    0.11385    0.33845    0.34851    0.27274    0.17857    0.22202    0.72590    0.76083    0.26909
   0.44511    0.03009    0.66170    0.24045    0.20966    0.82681    0.67740    0.32143    0.82143    0.33082    0.85390    0.51756    0.07438    0.34851    0.31022    0.03571    0.66892    0.66374    0.96429    0.33191
   0.44511    0.43791    0.66170    0.24045    0.27389    0.77969    0.67740    0.82143    0.96429    0.25975    0.89496    0.79930    0.44666    0.34851    0.35672    0.46429    0.77199    0.65252    0.96429    0.33191
   0.46124    0.63745    0.61413    0.24045    0.14484    0.56167    0.72900    0.53571    0.02248    0.33082    0.85390    0.38770    0.29996    0.34590    0.31022    0.32143    0.66892    0.50806    0.90083    0.33191
   0.49896    0.36623    0.61413    0.24045    0.30527    0.77969    0.72900    0.03571    0.12720    0.31193    0.85390    0.25000    0.52586    0.36611    0.31022    0.05287    0.32692    0.47480    0.96429    0.40033
   0.38670    0.17857    0.61413    0.24592    0.20966    0.73720    0.72900    0.10714    0.20380    0.31193    0.85390    0.08419    0.32634    0.32453    0.31022    0.63086    0.46524    0.48475    0.96429    0.33191
   0.36116    0.17857    0.48267    0.24592    0.38839    0.76360    0.68101    0.75000    0.13381    0.24904    0.44542    0.49409    0.35490    0.32065    0.31022    0.38294    0.62981    0.44054    0.96429    0.33191
   0.37875    0.24310    0.56970    0.24592    0.33934    0.77969    0.72900    0.31978    0.09707    0.21916    0.69830    0.44266    0.34053    0.32065    0.31022    0.17857    0.63115    0.39501    0.73294    0.33191
   0.38670    0.24894    0.56970    0.24592    0.20966    0.56467    0.44600    0.96617    0.37735    0.29185    0.95490    0.44266    0.34053    0.28372    0.31794    0.17857    0.37088    0.28288    0.96429    0.32638
   0.31167    0.23881    0.59457    0.24592    0.20966    0.77969    0.78856    0.61018    0.01626    0.28729    0.79938    0.34055    0.34053    0.28372    0.31794    0.17857    0.60319    0.11177    0.99812    0.33191
   0.31167    0.23981    0.59457    0.24592    0.09990    0.74549    0.78856    0.83212    0.48115    0.29185    0.98239    0.51300    0.34053    0.26341    0.31794    0.16017    0.70011    0.28288    0.99812    0.33191
   0.32896    0.24094    0.48389    0.23227    0.40313    0.67662    0.84873    0.67857    0.99163    0.29185    0.98283    0.52528    0.34053    0.28372    0.31794    0.17857    0.64893    0.28917    0.99812    0.33191
   0.32896    0.25046    0.59457    0.60714    0.27639    0.74549    0.99197    0.67857    0.81451    0.29185    0.92605    0.51300    0.09066    0.29015    0.31794    0.10522    0.60028    0.28288    0.99812    0.36386
   0.32896    0.19447    0.45203    0.53571    0.22096    0.73360    0.92479    0.60769    0.38869    0.16931    0.92605    0.40164    0.58244    0.28372    0.31794    0.55605    0.89197    0.28288    0.99812    0.30878
   0.32896    0.07147    0.45944    0.03571    0.26449    0.78599    0.84250    0.83326    0.38869    0.29185    0.98939    0.51300    0.38819    0.28372    0.30267    0.51399    0.70011    0.28288    0.99812    0.30878
   0.32896    0.17857    0.45944    0.32143    0.22096    0.73421    0.92479    0.51343    0.55687    0.29185    0.98455    0.51300    0.34053    0.28372    0.31794    0.51399    0.70011    0.28288    0.99812    0.31340
   0.28619    0.20640    0.52292    0.89286    0.27497    0.87402    0.92479    0.33688    0.38869    0.29185    0.92605    0.51300    0.34053    0.26203    0.31794    0.51399    0.72614    0.28288    0.92098    0.30878
   0.32896    0.20640    0.98192    0.17857    0.22096    0.87402    0.92479    0.42690    0.47637    0.29185    0.92605    0.41182    0.51794    0.27655    0.31794    0.57031    0.70011    0.28288    0.99812    0.30878
   0.32612    0.25552    0.52292    0.75000    0.11809    0.87402    0.90324    0.42690    0.38869    0.36080    0.92605    0.25155    0.34053    0.28372    0.86263    0.28319    0.70011    0.28288    0.99812    0.30878
   0.32612    0.20640    0.52292    0.25000    0.33379    0.77614    0.83982    0.42381    0.60753    0.29185    0.92605    0.57239    0.34053    0.28372    0.08019    0.28319    0.70011    0.28288    0.99088    0.30878
   0.32612    0.20640    0.52292    0.82143    0.24835    0.77577    0.95216    0.42690    0.38869    0.28013    0.89184    0.47044    0.34053    0.28372    0.31794    0.17103    0.86880    0.19584    0.97820    0.27415
   0.30698    0.19409    0.52292    0.10714    0.22096    0.87402    0.90324    0.42690    0.38869    0.32877    0.98660    0.27300    0.34053    0.28372    0.31794    0.28319    0.78474    0.28288    0.99088    0.30878
   0.28900    0.23589    0.91087    0.67857    0.29372    0.87402    0.90324    0.42690    0.38869    0.29168    0.92605    0.51300    0.34053    0.28372    0.03316    0.28319    0.90967    0.25862    0.99088    0.28878
   0.30698    0.21870    0.52292    0.96429    0.22096    0.85648    0.46149    0.02270    0.38869    0.29168    0.92605    0.51300    0.32644    0.28372    0.31794    0.28319    0.86880    0.25862    0.99088    0.30878
   0.30698    0.20640    0.52292    0.46429    0.22948    0.85648    0.90324    0.92179    0.33160    0.28401    0.92605    0.51300    0.32644    0.28372    0.31794    0.46913    0.76242    0.24172    0.99088    0.30878
   0.30698    0.21471    0.52292    0.39286    0.22948    0.85648    0.82307    0.42690    0.38869    0.28401    0.97301    0.51300    0.14327    0.28372    0.31794    0.00207    0.76248    0.24172    0.99088    0.30878
   0.30900    0.20640    0.52292    0.03921    0.22948    0.86467    0.90324    0.42690    0.38869    0.28401    0.99084    0.55707    0.28274    0.28372    0.31794    0.28319    0.87073    0.21550    0.99372    0.30878
   0.31237    0.20640    0.46226    0.75469    0.28882    0.85648    0.90324    0.80692    0.38869    0.28401    0.99084    0.46816    0.28274    0.28372    0.31794    0.28319    0.92521    0.23516    0.72786    0.30700
   0.28440    0.20640    0.46226    0.53571    0.22948    0.85648    0.90324    0.59490    0.38869    0.28401    0.99084    0.50572    0.28274    0.27125    0.31794    0.28319    0.86880    0.23698    0.85033    0.30878
   0.30698    0.20640    0.46226    0.53571    0.22948    0.85648    0.90324    0.39101    0.37376    0.30571    0.99084    0.42284    0.28274    0.27366    0.31794    0.28319    0.86880    0.17662    0.99088    0.30878
   0.30401    0.14978    0.24965    0.88373    0.36597    0.85648    0.90324    0.40627    0.38869    0.30187    0.94605    0.50572    0.28274    0.28372    0.03716    0.41167    0.89942    0.29670    0.99088    0.30878
   0.30658    0.23177    0.44105    0.41830    0.22948    0.87548    0.90324    0.12195    0.38869    0.25642    0.99084    0.50572    0.28274    0.28372    0.49181    0.21771    0.86880    0.24808    0.99088    0.30878
   0.31217    0.20640    0.46226    0.51655    0.22948    0.85648    0.90324    0.39101    0.46455    0.28401    0.94274    0.46604    0.39203    0.28372    0.31794    0.21771    0.83141    0.25120    0.93064    0.10714
   0.31388    0.20640    0.54013    0.51655    0.22948    0.88403    0.90324    0.39101    0.37664    0.25345    0.99084    0.34122    0.28274    0.75000    0.31794    0.18547    0.80708    0.24172    0.99088    0.60714
   0.31217    0.20640    0.46226    0.51655    0.18461    0.88403    0.90324    0.39101    0.38869    0.28401    0.95162    0.34122    0.28274    0.03571    0.31794    0.21771    0.85052    0.24172    0.99088    0.53571
   0.30659    0.22788    0.46226    0.06531    0.24544    0.88403    0.77808    0.37425    0.25102    0.28401    0.99084    0.34122    0.28274    0.60714    0.31794    0.21771    0.84484    0.24172    0.85383    0.32143
   0.31217    0.20640    0.46226    0.45722    0.22948    0.88403    0.90324    0.56449    0.48096    0.28401    0.99338    0.35782    0.28274    0.82143    0.31794    0.21771    0.84411    0.24172    0.56906    0.82143
   0.31217    0.20640    0.62508    0.51655    0.22948    0.90115    0.90324    0.35326    0.43287    0.26663    0.98486    0.35782    0.28274    0.10714    0.31794    0.21771    0.88328    0.26508    0.92720    0.03571
   0.31217    0.20640    0.32963    0.51655    0.22948    0.90115    0.90324    0.39101    0.38869    0.28401    0.98486    0.27368    0.28274    0.67857    0.40947    0.22779    0.85156    0.24172    0.85383    0.75000
   0.31217    0.21882    0.34950    0.51655    0.22948    0.93921    0.95301    0.39101    0.39677    0.27713    0.95353    0.35782    0.28274    0.53571    0.31794    0.21771    0.86880    0.24172    0.72760    0.25000
   0.30348    0.19055    0.32963    0.45094    0.22948    0.96453    0.79041    0.37478    0.38869    0.27780    0.96877    0.41537    0.28274    0.46429    0.31794    0.21771    0.91162    0.24172    0.71459    0.96429
   0.30348    0.20640    0.22762    0.40688    0.22948    0.95209    0.90324    0.39101    0.38869    0.28401    0.97686    0.30124    0.23632    0.32143    0.31493    0.14494    0.88260    0.24172    0.76282    0.17857
   0.30348    0.20640    0.41444    0.12488    0.26726    0.94329    0.88856    0.39101    0.38869    0.28401    0.97686    0.38764    0.23632    0.89286    0.31493    0.21771    0.88387    0.26295    0.84190    0.67857
   0.30590    0.20986    0.39152    0.40688    0.20410    0.93362    0.59708    0.52590    0.41246    0.28401    0.97686    0.38462    0.14474    0.17857    0.31493    0.25367    0.86880    0.24877    0.78051    0.46429
   0.29443    0.20640    0.35893    0.36268    0.22948    0.93362    0.79095    0.26438    0.34518    0.28401    0.97686    0.38714    0.55890    0.39286    0.31493    0.15054    0.86880    0.24172    0.89613    0.39286
   0.30348    0.20640    0.35893    0.37799    0.22948    0.96003    0.90324    0.37460    0.34518    0.28401    0.96318    0.35782    0.12025    0.96429    0.31493    0.21771    0.86964    0.25341    0.92464    0.89286
   0.30529    0.20640    0.35893    0.28162    0.23850    0.93362    0.90324    0.38606    0.34518    0.28401    0.98150    0.34576    0.29900    0.25000    0.31493    0.25231    0.86880    0.25034    0.81851    0.99198
   0.96429    0.20640    0.35893    0.23194    0.22948    0.93362    0.78494    0.41788    0.34518    0.29386    0.97686    0.34576    0.20339    0.68872    0.32419    0.21771    0.86880    0.24710    0.84190    0.60714
   0.67857    0.20640    0.35893    0.38171    0.22948    0.93362    0.76318    0.33894    0.34518    0.28401    0.97686    0.34576    0.43704    0.14624    0.31493    0.21771    0.88271    0.24112    0.65864    0.58510
   0.17857    0.20640    0.31564    0.37799    0.22948    0.93362    0.67511    0.33894    0.34518    0.28401    0.96599    0.34576    0.23632    0.19822    0.31493    0.21771    0.86880    0.75000    0.47365    0.54938
   0.89286    0.20865    0.35893    0.16645    0.22948    0.93362    0.78494    0.33894    0.34518    0.28401    0.98184    0.34576    0.23632    0.04910    0.17416    0.21771    0.86880    0.10714    0.59056    0.98936
   0.39286    0.20640    0.35893    0.51998    0.22948    0.93362    0.75420    0.33894    0.34518    0.28703    0.96944    0.34576    0.23632    0.14624    0.39273    0.24090    0.86880    0.82143    0.65864    0.58510
   0.46429    0.20640    0.35893    0.37799    0.22948    0.92054    0.78494    0.33894    0.27126    0.28401    0.97756    0.34576    0.23632    0.71847    0.31493    0.21771    0.87342    0.53571    0.36756    0.58510
   0.75000    0.20640    0.36701    0.37799    0.22948    0.92647    0.73358    0.30958    0.34518    0.28401    0.97098    0.20274    0.23632    0.34557    0.31493    0.26381    0.86554    0.67857    0.09189    0.58510
   0.25000    0.21308    0.35893    0.37799    0.23948    0.92647    0.78494    0.33894    0.34518    0.28401    0.98184    0.34576    0.23632    0.24324    0.35752    0.21771    0.86880    0.96429    0.36756    0.72646
   0.53571    0.20640    0.35893    0.37799    0.22948    0.91898    0.78494    0.39881    0.29459    0.28581    0.98184    0.34576    0.23632    0.89119    0.31493    0.22500    0.86880    0.39286    0.36756    0.72646
   0.60714    0.20640    0.35893    0.38401    0.23137    0.91472    0.84141    0.33894    0.22488    0.28401    0.97227    0.34576    0.23632    0.88863    0.31493    0.21771    0.85777    0.60714    0.36756    0.72646
   0.10714    0.20640    0.35893    0.37799    0.22948    0.89958    0.82422    0.33894    0.34518    0.28401    0.97227    0.34576    0.15131    0.61165    0.31493    0.21771    0.86880    0.03571    0.36756    0.72646
   0.82143    0.20640    0.35893    0.23351    0.60714    0.89958    0.84141    0.33894    0.34518    0.28401    0.98450    0.34576    0.26114    0.51992    0.31493    0.21771    0.86415    0.32143    0.36756    0.52290
   0.32143    0.20041    0.35893    0.26883    0.82143    0.89958    0.84141    0.38295    0.42619    0.28401    0.97227    0.34576    0.25746    0.34557    0.31493    0.22104    0.39286    0.46429    0.36756    0.34327
   0.03571    0.20041    0.35893    0.35068    0.75000    0.89958    0.84141    0.27963    0.26698    0.96429    0.97477    0.34576    0.23632    0.34557    0.31493    0.22104    0.03571    0.17857    0.36756    0.56233
   0.81081    0.20041    0.40450    0.36302    0.96429    0.89958    0.84141    0.33894    0.32190    0.39286    0.97227    0.34576    0.23632    0.34557    0.31493    0.29279    0.25000    0.89286    0.34196    0.61697
   0.96049    0.46429    0.34951    0.38802    0.10714    0.90722    0.83151    0.33894    0.32190    0.67857    0.96379    0.34576    0.23632    0.42376    0.26937    0.22104    0.67857    0.25000    0.29658    0.56233
   0.15312    0.96429    0.25000    0.35068    0.53571    0.89958    0.84141    0.32052    0.32190    0.89286    0.67857    0.34576    0.24145    0.34557    0.29486    0.22104    0.17857    0.98553    0.52977    0.36705
   0.46429    0.60714    0.10714    0.35068    0.32143    0.89956    0.77424    0.33894    0.29569    0.17857    0.03571    0.34576    0.26791    0.34557    0.28961    0.22104    0.89286    0.05555    0.34196    0.56233
   0.17719    0.32143    0.53571    0.36239    0.67857    0.90810    0.82508    0.33894    0.32190    0.46429    0.82143    0.25451    0.24145    0.34557    0.31493    0.22563    0.53571    0.45315    0.47978    0.57437
   0.43474    0.82143    0.39286    0.35068    0.46429    0.89958    0.84141    0.33894    0.32190    0.75000    0.53571    0.34576    0.24145    0.37909    0.29140    0.22104    0.46429    0.60707    0.34196    0.92122
   0.51949    0.25000    0.03571    0.35068    0.89286    0.89958    0.84141    0.33894    0.32190    0.25000    0.89286    0.34576    0.24145    0.30956    0.31493    0.22104    0.10714    0.44435    0.51207    0.34521
   0.38848    0.10714    0.17857    0.31068    0.03571    0.90825    0.84141    0.33894    0.37268    0.53571    0.39286    0.34576    0.22125    0.40453    0.31493    0.22104    0.82143    0.51743    0.34196    0.56233
   0.74606    0.89286    0.32143    0.35068    0.25000    0.90825    0.84141    0.31107    0.29517    0.82143    0.75000    0.31858    0.24145    0.34557    0.31493    0.23491    0.32143    0.48916    0.35168    0.56233
   0.74741    0.75000    0.67857    0.35068    0.17857    0.91367    0.84141    0.31107    0.32190    0.10714    0.25000    0.31858    0.27518    0.33737    0.32393    0.22104    0.75000    0.45850    0.35293    0.54942
   0.45134    0.17857    0.82143    0.35068    0.39286    0.90825    0.88488    0.31107    0.32190    0.32143    0.60714    0.32593    0.24145    0.21802    0.31493    0.22104    0.96429    0.00846    0.34196    0.57661
   0.45134    0.67857    0.96429    0.35068    0.81057    0.90825    0.84141    0.31107    0.32190    0.60714    0.10714    0.31858    0.24145    0.21802    0.30492    0.20610    0.60714    0.54404    0.34196    0.56233
   0.45134    0.39286    0.60714    0.33810    0.98964    0.90825    0.87177    0.31107    0.31718    0.03571    0.46429    0.31858    0.24145    0.21802    0.31493    0.22104    0.94856    0.54404    0.34196    0.56233
   0.53444    0.03571    0.46429    0.33140    0.61106    0.90825    0.87177    0.31107    0.31975    0.91529    0.17857    0.31858    0.24145    0.21802    0.31493    0.22104    0.83001    0.54404    0.34196    0.84228
   0.58557    0.53571    0.89286    0.35068    0.75000    0.92772    0.87177    0.30626    0.32190    0.92375    0.96429    0.31858    0.25163    0.21802    0.30965    0.22104    0.82779    0.10866    0.34196    0.56555
   0.42449    0.77359    0.75000    0.35068    0.75000    0.92772    0.87177    0.30626    0.32190    0.46429    0.32143    0.31858    0.24145    0.21802    0.30965    0.22104    0.83215    0.54404    0.34196    0.56233
   0.20822    0.86507    0.15591    0.35068    0.28168    0.92517    0.86399    0.30626    0.32190    0.46429    0.89041    0.31858    0.24145    0.21802    0.30965    0.22697    0.96165    0.54404    0.34196    0.59935
   0.32109    0.99889    0.76117    0.35068    0.58182    0.92772    0.87177    0.29046    0.32190    0.93170    0.93548    0.31858    0.24145    0.27579    0.30965    0.22104    0.77850    0.54404    0.34196    0.59935
   0.24516    0.99889    0.39286    0.35068    0.75000    0.92772    0.85400    0.29046    0.32190    0.55292    0.66173    0.31858    0.25671    0.21802    0.29401    0.22104    0.69859    0.66625    0.40641    0.71520
   0.33703    0.86510    0.39286    0.35068    0.80672    0.92772    0.87177    0.29046    0.32190    0.64684    0.59240    0.31858    0.20853    0.12573    0.29401    0.22104    0.85127    0.54404    0.31070    0.60035
   0.33703    0.99190    0.39286    0.33656    0.75000    0.93497    0.86975    0.29046    0.32190    0.52821    0.75175    0.31858    0.24145    0.26588    0.29401    0.22940    0.66785    0.54404    0.34196    0.70772
   0.33703    0.99190    0.52677    0.33656    0.75000    0.93497    0.87177    0.30524    0.31983    0.54631    0.73723    0.31858    0.24145    0.35595    0.29401    0.22104    0.68932    0.54404    0.34196    0.70772
   0.33703    0.99190    0.39286    0.33656    0.75000    0.92654    0.86716    0.36839    0.32190    0.52821    0.96530    0.31858    0.24145    0.26588    0.29401    0.22104    0.68932    0.54156    0.34196    0.88378
   0.33703    0.88741    0.36645    0.33656    0.28274    0.93159    0.89836    0.25911    0.32190    0.60210    0.75175    0.31858    0.24456    0.30933    0.28985    0.22104    0.68932    0.54404    0.34196    0.65153
   0.33703    0.99190    0.39286    0.34335    0.75000    0.93497    0.88471    0.30524    0.32190    0.52821    0.27963    0.31858    0.24456    0.26588    0.29401    0.22104    0.41189    0.54404    0.34196    0.62945
   0.33703    0.99190    0.63681    0.28841    0.75000    0.92340    0.88471    0.29840    0.17857    0.42460    0.75175    0.31858    0.24892    0.26588    0.28523    0.03571    0.48884    0.52388    0.34339    0.70772
   0.32682    0.99190    0.46034    0.31834    0.74988    0.46429    0.88146    0.29840    0.39286    0.52821    0.75175    0.31858    0.24456    0.34918    0.29401    0.32143    0.56013    0.54404    0.34196    0.70772
   0.32682    0.34850    0.31770    0.33656    0.75000    0.10714    0.89243    0.29840    0.03571    0.52821    0.75175    0.31858    0.24456    0.26588    0.29401    0.89286    0.56013    0.65192    0.35243    0.69290
   0.09375    0.99190    0.01352    0.33160    0.55509    0.82143    0.88471    0.29840    0.89286    0.52821    0.54440    0.31716    0.24456    0.30379    0.28960    0.46429    0.56013    0.62189    0.34196    0.65205
   0.32682    0.99190    0.31770    0.33160    0.75000    0.60714    0.89192    0.29006    0.25000    0.52821    0.75175    0.75000    0.24456    0.28220    0.28552    0.75000    0.62844    0.58561    0.34196    0.69290
   0.29244    0.99190    0.43615    0.33663    0.75000    0.75000    0.88471    0.29840    0.53571    0.52821    0.75175    0.60714    0.24456    0.26588    0.28552    0.82143    0.54224    0.58561    0.36548    0.65506
   0.23315    0.98923    0.28610    0.32429    0.44848    0.67857    0.60714    0.29840    0.32143    0.32713    0.75175    0.67857    0.24456    0.26588    0.27629    0.39286    0.55715    0.64739    0.31918    0.69290
   0.29244    0.98923    0.28610    0.33160    0.58414    0.03571    0.75000    0.82143    0.67857    0.61000    0.75175    0.53571    0.24456    0.26588    0.27629    0.60714    0.55715    0.58561    0.31918    0.69290
   0.10458    0.98923    0.28610    0.33160    0.66561    0.96429    0.96429    0.89286    0.46429    0.38580    0.86598    0.03571    0.24456    0.26588    0.27629    0.17857    0.44548    0.60429    0.31918    0.69290
   0.26115    0.98923    0.28610    0.33160    0.66561    0.32143    0.32143    0.67857    0.75000    0.52821    0.75175    0.82143    0.24456    0.28312    0.27629    0.25000    0.54691    0.71604    0.31918    0.69290
   0.28439    0.44983    0.28610    0.33160    0.66561    0.25000    0.89286    0.60714    0.10714    0.52821    0.63391    0.89286    0.24456    0.25447    0.27629    0.53571    0.36924    0.65847    0.31918    0.69290
   0.28439    0.96997    0.21765    0.33160    0.66561    0.39286    0.82143    0.03571    0.96429    0.52821    0.75175    0.10714    0.53571    0.26588    0.27937    0.10714    0.36924    0.58561    0.31918    0.69290
   0.28439    0.98923    0.21765    0.33594    0.59525    0.17857    0.46429    0.25000    0.60714    0.52331    0.86927    0.17857    0.75000    0.26588    0.27937    0.67857    0.36924    0.61245    0.31918    0.69290
   0.28439    0.98923    0.32512    0.33160    0.52719    0.89286    0.53571    0.53571    0.82143    0.52821    0.86927    0.96429    0.17857    0.26588    0.75000    0.96429    0.36924    0.58561    0.31918    0.69290
   0.28439    0.75836    0.32512    0.33160    0.59525    0.53571    0.17857    0.46429    0.06337    0.52821    0.86927    0.46429    0.96429    0.26588    0.67857    0.99151    0.36924    0.58561    0.31918    0.69290
   0.28439    0.98923    0.32512    0.32911    0.59525    0.10105    0.10714    0.75000    0.09320    0.52821    0.86927    0.32143    0.67857    0.26588    0.39286    0.82138    0.36924    0.56594    0.31918    0.69290
   0.28439    0.98923    0.62033    0.32911    0.70566    0.45727    0.67857    0.96429    0.08450    0.36728    0.60506    0.39286    0.39286    0.27527    0.89286    0.83422    0.36924    0.58867    0.31918    0.60582
   0.28439    0.88290    0.37527    0.32911    0.65183    0.46429    0.03571    0.39286    0.30784    0.52821    0.76848    0.25000    0.89286    0.31611    0.03571    0.89286    0.36924    0.59722    0.37228    0.69290
   0.24986    0.59022    0.29719    0.32803    0.85556    0.81813    0.25000    0.32143    0.84631    0.52821    0.86927    0.26349    0.10714    0.28313    0.17857    0.77166    0.36924    0.64621    0.31918    0.64660
   0.24986    0.88290    0.29719    0.32911    0.92235    0.00010    0.39286    0.10714    0.50836    0.52821    0.86927    0.97098    0.60714    0.27527    0.46429    0.88868    0.71050    0.58867    0.31918    0.69290
   0.00511    0.78497    0.29719    0.25000    0.92235    0.46429    0.99617    0.17857    0.16241    0.15429    0.86927    0.30935    0.32143    0.27527    0.53571    0.77640    0.53672    0.58867    0.31918    0.76390
   0.19578    0.88290    0.29719    0.53571    0.92235    0.33133    0.43038    0.07750    0.04569    0.33897    0.80359    0.56937    0.03571    0.29978    0.82143    0.85494    0.36924    0.58867    0.31918    0.76390
   0.22894    0.55970    0.29719    0.32143    0.92235    0.41612    0.16701    0.05336    0.16241    0.43623    0.85013    0.08274    0.82143    0.30246    0.96429    0.89286    0.38745    0.58867    0.31918    0.76390
   0.01278    0.58805    0.23485    0.10714    0.84217    0.78475    0.60714    0.74337    0.16241    0.37109    0.86927    0.51487    0.25000    0.27527    0.10714    0.38499    0.36924    0.58867    0.31918    0.76390
   0.59777    0.75504    0.29719    0.96429    0.84195    0.41612    0.40674    0.11760    0.16241    0.23876    0.86927    0.46189    0.46429    0.27328    0.60714    0.44292    0.30524    0.58867    0.31918    0.76390
   0.22894    0.88290    0.34688    0.82143    0.83378    0.45856    0.76385    0.07454    0.20658    0.31490    0.86927    0.51487    0.68573    0.27351    0.32143    0.59329    0.36924    0.58867    0.31918    0.80198
   0.22894    0.79401    0.26314    0.60714    0.84195    0.41612    0.52746    0.69099    0.16241    0.31490    0.86927    0.51487    0.70243    0.29491    0.25000    0.86314    0.36924    0.58867    0.32788    0.80198
   0.22894    0.66040    0.26314    0.39286    0.84195    0.32079    0.56251    0.96871    0.10696    0.31490    0.85168    0.51487    0.00392    0.28786    0.34133    0.59329    0.32830    0.58867    0.31148    0.80198
   0.22894    0.66040    0.26314    0.17857    0.84195    0.23121    0.44847    0.63985    0.16241    0.26709    0.89167    0.61803    0.55826    0.26534    0.79701    0.52190    0.36924    0.58867    0.30297    0.85320
   0.22894    0.70060    0.26314    0.03571    0.84195    0.33672    0.60714    0.69099    0.16241    0.31490    0.86927    0.51487    0.96443    0.28275    0.75000    0.52190    0.32410    0.55427    0.30297    0.93009
   0.22894    0.66040    0.26314    0.89286    0.84195    0.33672    0.60714    0.93272    0.16241    0.31490    0.86927    0.51487    0.50697    0.27527    0.93575    0.04247    0.32410    0.67363    0.30297    0.80198
   0.81648    0.66040    0.03834    0.67857    0.79830    0.20575    0.58183    0.94884    0.21771    0.31490    0.86927    0.73277    0.53571    0.27527    0.94241    0.75299    0.23604    0.67363    0.30297    0.80198
   0.22894    0.66040    0.42931    0.46429    0.84313    0.33672    0.58183    0.69099    0.16241    0.42119    0.86927    0.57826    0.43227    0.27492    0.86451    0.42166    0.32410    0.67363    0.29762    0.80198
   0.22894    0.73547    0.26315    0.75000    0.84313    0.33672    0.25733    0.69099    0.16241    0.31490    0.86927    0.52698    0.76111    0.27527    0.84353    0.42166    0.32410    0.67363    0.30297    0.80198
   0.22894    0.53233    0.26314    0.47059    0.66366    0.33672    0.58183    0.59008    0.27136    0.31490    0.86195    0.51487    0.40467    0.27527    0.86451    0.42166    0.32410    0.67363    0.30297    0.75874
   0.22894    0.59452    0.26314    0.17857    0.84313    0.05946    0.62788    0.69099    0.16241    0.31490    0.76049    0.63390    0.71895    0.17857    0.77234    0.03543    0.23253    0.63878    0.32143    0.80198
   0.22894    0.69614    0.26314    0.17857    0.84313    0.47748    0.62788    0.67332    0.16241    0.31490    0.86927    0.51487    0.53571    0.10714    0.86451    0.50229    0.32410    0.67363    0.46429    0.80198
   0.22894    0.63642    0.26314    0.24685    0.84313    0.33672    0.62788    0.34784    0.16241    0.31490    0.86927    0.51487    0.53571    0.03571    0.86451    0.45296    0.33051    0.67363    0.96429    0.80198
   0.22894    0.66040    0.26314    0.63566    0.84313    0.33672    0.62788    0.67332    0.16241    0.31490    0.87285    0.41698    0.53571    0.60714    0.86451    0.47487    0.34010    0.65947    0.89286    0.80198
   0.22894    0.66040    0.29913    0.15513    0.84313    0.49621    0.56763    0.61346    0.16241    0.31490    0.86927    0.46355    0.53571    0.67857    0.99854    0.42166    0.32410    0.67363    0.60714    0.79414
   0.22894    0.56952    0.26314    0.24685    0.84313    0.33672    0.56618    0.63893    0.16241    0.44393    0.80841    0.48774    0.53571    0.25000    0.80678    0.42166    0.32410    0.66755    0.82143    0.80198
   0.22894    0.62494    0.26314    0.24685    0.84313    0.33672    0.56763    0.67332    0.16241    0.31490    0.84263    0.48774    0.53571    0.46429    0.86451    0.42166    0.32410    0.65036    0.25000    0.80198
   0.22894    0.57117    0.26314    0.24685    0.91685    0.33672    0.56763    0.80586    0.21481    0.31490    0.85346    0.54652    0.60761    0.53571    0.82773    0.18991    0.32410    0.65036    0.75000    0.80198
   0.54610    0.57117    0.31423    0.70205    0.84313    0.33672    0.61603    0.71185    0.22696    0.31490    0.86927    0.48774    0.49368    0.75000    0.86451    0.64940    0.32410    0.65036    0.17857    0.80198
   0.53146    0.57117    0.26314    0.33652    0.88307    0.33672    0.61603    0.71185    0.16241    0.31490    0.86927    0.45155    0.49368    0.32143    0.78190    0.59155    0.32410    0.63790    0.39286    0.80198
   0.22894    0.57117    0.26314    0.08721    0.88307    0.33672    0.61603    0.71185    0.16241    0.30866    0.86927    0.46052    0.34834    0.39286    0.86451    0.42166    0.32410    0.65036    0.10714    0.80198
   0.22894    0.57117    0.24827    0.05708    0.96517    0.33672    0.61603    0.71185    0.15652    0.29541    0.87144    0.34661    0.06829    0.96429    0.86451    0.42166    0.32410    0.65036    0.03571    0.77991
   0.26308    0.57117    0.26495    0.24685    0.88307    0.30056    0.59079    0.61743    0.16241    0.31154    0.86718    0.53249    0.34834    0.89286    0.86451    0.42166    0.34117    0.66455    0.53571    0.80198
   0.22894    0.57117    0.26314    0.24685    0.88307    0.33672    0.61603    0.71185    0.16241    0.29541    0.87144    0.45155    0.34834    0.82143    0.86451    0.42166    0.32410    0.64422    0.67857    0.80198
   0.22894    0.57117    0.26314    0.24685    0.88307    0.33672    0.61603    0.71185    0.16241    0.20057    0.87144    0.45155    0.34834    0.49920    0.80539    0.45166    0.32410    0.65036    0.96821    0.80198
   0.22894    0.57117    0.26314    0.41233    0.88307    0.33672    0.61603    0.73327    0.08579    0.29541    0.87144    0.42970    0.34834    0.62161    0.80539    0.42166    0.32410    0.65036    0.26874    0.80198
   0.22894    0.57117    0.26314    0.24685    0.88307    0.33672    0.61603    0.71185    0.16241    0.29541    0.85525    0.50055    0.34834    0.25000    0.66491    0.42166    0.33927    0.63825    0.09134    0.80198
   0.22894    0.57117    0.26314    0.22387    0.88307    0.33672    0.61603    0.71185    0.17053    0.29541    0.87144    0.45976    0.34834    0.00286    0.84555    0.53535    0.33927    0.65697    0.51513    0.80198
   0.22894    0.57117    0.26314    0.40828    0.88307    0.33672    0.61603    0.71185    0.17053    0.29541    0.88979    0.45976    0.34834    0.51790    0.80539    0.46661    0.33024    0.65036    0.26874    0.80198
   0.22894    0.71848    0.26314    0.24685    0.85026    0.33672    0.61603    0.90460    0.20946    0.29541    0.87144    0.45976    0.34834    0.25000    0.80539    0.30096    0.33024    0.65036    0.55351    0.80198
   0.22894    0.71848    0.26314    0.36684    0.88307    0.47839    0.61603    0.78390    0.17053    0.29541    0.87144    0.45976    0.34834    0.38641    0.80539    0.30096    0.33024    0.65242    0.26874    0.80198
   0.22894    0.64255    0.26314    0.30879    0.86514    0.33672    0.52251    0.71185    0.17387    0.29541    0.87881    0.46832    0.34834    0.38641    0.80539    0.30096    0.33024    0.65466    0.26874    0.81906
   0.22894    0.71848    0.26314    0.24685    0.88307    0.31064    0.61603    0.48188    0.17053    0.29541    0.87144    0.45976    0.34834    0.56828    0.80539    0.28233    0.33024    0.65466    0.17033    0.81906
   0.22894    0.71848    0.26314    0.24685    0.88307    0.33672    0.61603    0.54862    0.17053    0.29541    0.87144    0.45976    0.34834    0.23354    0.80539    0.28233    0.33024    0.65466    0.02196    0.46429
   0.22894    0.61375    0.26314    0.36133    0.90054    0.33672    0.60361    0.65960    0.17053    0.29541    0.86295    0.45070    0.34834    0.27828    0.80539    0.17584    0.33024    0.65466    0.36939    0.89286
   0.22894    0.71848    0.26314    0.22314    0.88307    0.33672    0.72236    0.67813    0.17053    0.29541    0.86295    0.44262    0.34834    0.27828    0.87752    0.26786    0.33024    0.65466    0.01636    0.03571
   0.22894    0.71848    0.26314    0.22314    0.88307    0.33672    0.61603    0.92841    0.17053    0.29541    0.39286    0.44262    0.34834    0.27828    0.80539    0.26786    0.33024    0.65466    0.26874    0.39286
   0.22894    0.71848    0.26380    0.22314    0.88307    0.33672    0.61603    0.71185    0.17053    0.29541    0.82143    0.43267    0.34834    0.27828    0.83008    0.26786    0.33024    0.65466    0.26874    0.67857
   0.07009    0.71848    0.25348    0.22314    0.88728    0.23920    0.61603    0.77042    0.17053    0.29541    0.25000    0.44262    0.34834    0.27828    0.83008    0.26786    0.33024    0.65466    0.26874    0.25000
   0.22894    0.65328    0.26314    0.22314    0.88728    0.33672    0.61603    0.73450    0.17053    0.29541    0.46429    0.44262    0.34834    0.27828    0.83008    0.26786    0.33024    0.65466    0.26874    0.17857
   0.22894    0.70256    0.26314    0.22314    0.89072    0.33672    0.61603    0.73450    0.17605    0.29541    0.89286    0.44262    0.26311    0.27828    0.83008    0.26786    0.33024    0.65466    0.26874    0.82143
   0.22894    0.84087    0.03571    0.27832    0.88728    0.33672    0.61603    0.73450    0.21895    0.29541    0.96429    0.44262    0.34834    0.46744    0.83008    0.26786    0.33024    0.65466    0.26874    0.75000
   0.84434    0.84087    0.46429    0.22314    0.89670    0.19202    0.61603    0.73450    0.19607    0.29541    0.32143    0.44262    0.34834    0.25724    0.84799    0.26786    0.89286    0.65466    0.26874    0.32143
   0.22894    0.84087    0.60714    0.22314    0.88728    0.45224    0.64785    0.74429    0.19182    0.29541    0.67857    0.44262    0.34834    0.25724    0.85910    0.26786    0.03571    0.65466    0.26874    0.60714
   0.22894    0.84087    0.32143    0.22314    0.88728    0.33672    0.61215    0.73450    0.19182    0.29541    0.03571    0.44262    0.34834    0.10899    0.83008    0.26786    0.39286    0.65466    0.44461    0.96429
   0.22894    0.84087    0.25000    0.40119    0.67857    0.33672    0.62720    0.73450    0.19182    0.29266    0.10714    0.44262    0.34834    0.25724    0.83008    0.26786    0.17857    0.65466    0.26874    0.10714
   0.22894    0.96534    0.89286    0.41115    0.10714    0.33672    0.62211    0.73450    0.19182    0.32143    0.53571    0.44262    0.34834    0.25724    0.83008    0.26786    0.53571    0.65466    0.26874    0.53571
   0.22894    0.84087    0.82143    0.31373    0.25000    0.33672    0.61603    0.73450    0.19182    0.25000    0.75000    0.44262    0.34834    0.25724    0.83008    0.31062    0.75000    0.65466    0.26874    0.75509
   0.22894    0.92328    0.17857    0.22314    0.53571    0.33672    0.61603    0.73450    0.19182    0.39286    0.17857    0.44262    0.40867    0.25724    0.83008    0.24164    0.67857    0.69630    0.26874    0.96406
   0.22894    0.81876    0.10714    0.22314    0.03571    0.33672    0.61603    0.73450    0.19182    0.82143    0.60714    0.44262    0.31830    0.25724    0.83008    0.22260    0.32143    0.69630    0.26874    0.89286
   0.24775    0.92328    0.75000    0.22314    0.60714    0.33672    0.61603    0.73450    0.21514    0.10714    0.07076    0.44262    0.31830    0.25724    0.83008    0.26786    0.25000    0.69630    0.26874    0.89286
   0.22894    0.92328    0.67857    0.22374    0.17857    0.33672    0.61603    0.73450    0.21514    0.96429    0.50890    0.40134    0.31830    0.28599    0.83008    0.26786    0.46429    0.69630    0.26874    0.89286
   0.20929    0.92328    0.39286    0.22374    0.82143    0.33672    0.61603    0.73450    0.21514    0.46429    0.34614    0.39152    0.31830    0.10561    0.85697    0.26786    0.82143    0.69630    0.60266    0.89286
   0.26413    0.92328    0.53571    0.22374    0.39286    0.33672    0.61603    0.73450    0.21514    0.53571    0.25000    0.39152    0.31830    0.25724    0.81847    0.23081    0.60714    0.69630    0.86150    0.90474
   0.22894    0.92328    0.96429    0.22374    0.96429    0.33856    0.61603    0.72209    0.21514    0.03571    0.25000    0.39152    0.30990    0.25724    0.83008    0.26786    0.96429    0.69630    0.26874    0.89286
   0.22894    0.92328    0.52350    0.22374    0.46429    0.33672    0.61603    0.72209    0.21514    0.89286    0.40137    0.35371    0.31830    0.25724    0.83008    0.26786    0.10714    0.69630    0.26874    0.89286
   0.22894    0.87526    0.12828    0.22374    0.75000    0.33672    0.61603    0.72209    0.21514    0.17857    0.25000    0.35371    0.31830    0.26818    0.83008    0.26786    0.07720    0.69630    0.26874    0.63633
   0.22894    0.92328    0.02322    0.08893    0.89286    0.33672    0.61766    0.72209    0.21514    0.60714    0.29233    0.35371    0.31830    0.25724    0.83736    0.26786    0.42348    0.69630    0.26874    0.60046
   0.22894    0.92328    0.25000    0.28465    0.32143    0.31101    0.61603    0.71144    0.21514    0.75000    0.23163    0.35371    0.31830    0.25724    0.83736    0.26786    0.02831    0.69630    0.26874    0.68344
   0.22894    0.92328    0.38043    0.22374    0.59241    0.31730    0.61603    0.71144    0.21514    0.67857    0.38598    0.35371    0.31830    0.25724    0.83736    0.26786    0.86615    0.69630    0.26874    0.32999
   0.22894    0.92328    0.57826    0.22374    0.12019    0.31101    0.61603    0.71144    0.21514    0.03236    0.29233    0.36538    0.31830    0.25724    0.83736    0.26786    0.39286    0.77340    0.26874    0.64945
   0.23754    0.92328    0.26520    0.22374    0.03488    0.31101    0.61603    0.71144    0.21514    0.68098    0.29233    0.35371    0.31830    0.25724    0.83736    0.26786    0.73327    0.84830    0.26874    0.32999
   0.23754    0.92328    0.34361    0.22374    0.39286    0.31101    0.61603    0.71694    0.21514    0.38077    0.63327    0.35371    0.31830    0.25724    0.83736    0.26786    0.59340    0.77340    0.26874    0.48339
   0.23754    0.92328    0.25000    0.22374    0.39286    0.31101    0.61603    0.71449    0.22711    0.75920    0.29233    0.35371    0.31830    0.30663    0.83736    0.29524    0.39286    0.77340    0.26874    0.32999
   0.23754    0.92328    0.28891    0.22374    0.52927    0.31101    0.62429    0.71144    0.22114    0.98086    0.29233    0.35371    0.31830    0.25724    0.83736    0.26786    0.66034    0.77340    0.51912    0.01039
   0.23754    0.92328    0.25000    0.26726    0.38003    0.31101    0.62429    0.71144    0.22114    0.98086    0.29233    0.35371    0.31830    0.25724    0.83292    0.26786    0.55952    0.77340    0.14490    0.37271
   0.15961    0.97787    0.25000    0.22374    0.39286    0.31101    0.62429    0.71144    0.24564    0.81318    0.29233    0.35371    0.31830    0.25724    0.83736    0.26786    0.26582    0.77340    0.26874    0.44574
   0.23754    0.99874    0.25000    0.22374    0.39286    0.31101    0.63225    0.71947    0.22114    0.98086    0.29233    0.35371    0.31830    0.25724    0.83736    0.26786    0.39286    0.89286    0.26874    0.32999
   0.23754    0.99874    0.25000    0.22374    0.39286    0.31101    0.82143    0.10714    0.22114    0.98086    0.29233    0.35371    0.31830    0.25724    0.83736    0.26786    0.39286    0.03571    0.26874    0.32999
   0.23754    0.99874    0.25000    0.22374    0.39286    0.31101    0.67857    0.67857    0.22114    0.98086    0.13075    0.23137    0.31830    0.25724    0.83736    0.26786    0.39286    0.32143    0.26874    0.32999
   0.23754    0.99874    0.22218    0.22374    0.39286    0.31101    0.46429    0.03571    0.22114    0.98086    0.53283    0.35371    0.31830    0.25724    0.83736    0.26786    0.39286    0.53571    0.26874    0.32999
   0.23754    0.99874    0.22218    0.22374    0.39286    0.32750    0.03571    0.60714    0.22114    0.99561    0.29233    0.35371    0.31830    0.25724    0.83736    0.26786    0.39286    0.25000    0.26874    0.32999
   0.23754    0.99874    0.16623    0.22374    0.39286    0.31101    0.75000    0.82143    0.22114    0.98086    0.29233    0.35371    0.31830    0.25724    0.83071    0.26786    0.39286    0.39286    0.05967    0.32999
   0.23754    0.99874    0.22218    0.22374    0.39286    0.31101    0.10714    0.46429    0.22114    0.98086    0.29233    0.35371    0.31830    0.25724    0.83329    0.26786    0.39286    0.17857    0.26874    0.32999
   0.27729    0.99874    0.22218    0.22374    0.39286    0.31101    0.39286    0.75000    0.22114    0.98086    0.29233    0.35371    0.31830    0.25724    0.83736    0.26786    0.39286    0.82143    0.26874    0.32999
   0.23754    0.99874    0.45673    0.22374    0.26336    0.31101    0.60714    0.25000    0.22114    0.98086    0.29233    0.35371    0.31830    0.25724    0.83736    0.26786    0.39286    0.60714    0.26874    0.32999
   0.23754    0.99874    0.22218    0.22374    0.11589    0.31101    0.89286    0.53571    0.22114    0.50393    0.02073    0.35371    0.31830    0.25724    0.83736    0.26786    0.39286    0.75000    0.26874    0.32999
   0.23754    0.99874    0.22218    0.22374    0.31692    0.31101    0.25000    0.17857    0.22114    0.98086    0.37653    0.35371    0.31830    0.37594    0.32143    0.23155    0.39286    0.46429    0.26874    0.32999
   0.23754    0.99874    0.22218    0.22374    0.31692    0.31101    0.96429    0.39286    0.22114    0.98086    0.29233    0.35371    0.31830    0.25724    0.25000    0.26786    0.39286    0.67857    0.26874    0.32999
