   0.04167    0.04167    0.04167    0.04167    0.04167    0.04167    0.04167    0.04167    0.04167    0.04167    0.04167    0.04167    0.04167    0.04167    0.04167    0.04167    0.04167    0.04167    0.04167    0.04167
   0.12500    0.12500    0.12500    0.12500    0.12500    0.12500    0.12500    0.12500    0.12500    0.12500    0.12500    0.12500    0.12500    0.12500    0.12500    0.12500    0.12500    0.12500    0.12500    0.12500
   0.20833    0.20833    0.20833    0.20833    0.20833    0.20833    0.20833    0.20833    0.20833    0.20833    0.20833    0.20833    0.20833    0.20833    0.20833    0.20833    0.20833    0.20833    0.20833    0.20833
   0.29167    0.29167    0.29167    0.29167    0.29167    0.29167    0.29167    0.29167    0.29167    0.29167    0.29167    0.29167    0.29167    0.29167    0.29167    0.29167    0.29167    0.29167    0.29167    0.29167
   0.37500    0.37500    0.37500    0.37500    0.37500    0.37500    0.37500    0.37500    0.37500    0.37500    0.37500    0.37500    0.37500    0.37500    0.37500    0.37500    0.37500    0.37500    0.37500    0.37500
   0.45833    0.45833    0.45833    0.45833    0.45833    0.45833    0.45833    0.45833    0.45833    0.45833    0.45833    0.45833    0.45833    0.45833    0.45833    0.45833    0.45833    0.45833    0.45833    0.45833
   0.54167    0.54167    0.54167    0.54167    0.54167    0.54167    0.54167    0.54167    0.54167    0.54167    0.54167    0.54167    0.54167    0.54167    0.54167    0.54167    0.54167    0.54167    0.54167    0.54167
   0.62500    0.62500    0.62500    0.62500    0.62500    0.62500    0.62500    0.62500    0.62500    0.62500    0.62500    0.62500    0.62500    0.62500    0.62500    0.62500    0.62500    0.62500    0.62500    0.62500
   0.70833    0.70833    0.70833    0.70833    0.70833    0.70833    0.70833    0.70833    0.70833    0.70833    0.70833    0.70833    0.70833    0.70833    0.70833    0.70833    0.70833    0.70833    0.70833    0.70833
   0.79167    0.79167    0.79167    0.79167    0.79167    0.79167    0.79167    0.79167    0.79167    0.79167    0.79167    0.79167    0.79167    0.79167    0.79167    0.79167    0.79167    0.79167    0.79167    0.79167
   0.87500    0.87500    0.87500    0.87500    0.87500    0.87500    0.87500    0.87500    0.87500    0.87500    0.87500    0.87500    0.87500    0.87500    0.87500    0.87500    0.87500    0.87500    0.87500    0.87500
   0.95833    0.95833    0.95833    0.95833    0.95833    0.95833    0.95833    0.95833    0.95833    0.95833    0.95833    0.95833    0.95833    0.95833    0.95833    0.95833    0.95833    0.95833    0.95833    0.95833
   0.36331    0.05879    0.41713    0.03128    0.06903    0.00253    0.23446    0.20516    0.64749    0.08678    0.01457    0.67052    0.11332    0.21054    0.07140    0.89933    0.39116    0.66298    0.20441    0.99490
   0.94225    0.14627    0.04176    0.20421    0.27935    0.04167    0.05948    0.81841    0.13824    0.17038    0.12396    0.29167    0.09597    0.12500    0.50334    0.47465    0.02876    0.57259    0.21566    0.92317
   0.98426    0.29167    0.01809    0.00317    0.01635    0.00536    0.03563    0.36934    0.54164    0.00062    0.63351    0.35034    0.08876    0.01631    0.20705    0.62672    0.21520    0.01223    0.22362    0.99185
   0.98547    0.38324    0.04176    0.20421    0.02135    0.00633    0.31694    0.29167    0.09912    0.06183    0.52431    0.38970    0.40670    0.10854    0.21360    0.71574    0.21520    0.17007    0.20833    0.87500
   0.65674    0.29167    0.01786    0.79524    0.06903    0.23049    0.01169    0.17192    0.19006    0.42697    0.48983    0.09568    0.00776    0.60145    0.60461    0.29601    0.18550    0.48547    0.00236    0.53488
   0.98426    0.37580    0.32104    0.20421    0.06903    0.22665    0.11402    0.29167    0.36431    0.11770    0.90064    0.14811    0.00540    0.07483    0.33432    0.53000    0.21520    0.20833    0.00236    0.64398
   0.79395    0.25757    0.00010    0.19253    0.08854    0.01745    0.05948    0.39871    0.29167    0.03571    0.52431    0.28524    0.20833    0.00345    0.21471    0.62672    0.21980    0.20833    0.00236    0.75481
   0.98426    0.25757    0.00010    0.16545    0.04857    0.01903    0.05948    0.17565    0.29167    0.00983    0.52431    0.28524    0.14513    0.00345    0.20705    0.62672    0.21520    0.24927    0.00236    0.56980
   0.98426    0.19720    0.51078    0.44099    0.64402    0.23601    0.39836    0.06506    0.31889    0.31768    0.52431    0.28524    0.22529    0.00345    0.00569    0.37974    0.45697    0.00565    0.00236    0.35742
   0.60888    0.14913    0.00010    0.02402    0.06903    0.00662    0.05948    0.06616    0.10182    0.00983    0.60923    0.28524    0.14955    0.00345    0.06889    0.41842    0.02577    0.20833    0.44338    0.19640
   0.80405    0.29193    0.00010    0.16545    0.06903    0.06667    0.02017    0.11663    0.21650    0.09115    0.40847    0.37452    0.14513    0.00345    0.00017    0.54418    0.21520    0.17733    0.00236    0.19640
   0.87899    0.12311    0.00010    0.19172    0.06903    0.06667    0.00654    0.01593    0.21650    0.12121    0.52431    0.24969    0.17268    0.00345    0.07408    0.62672    0.21520    0.19247    0.00236    0.19640
   0.65942    0.12311    0.00010    0.44115    0.18726    0.05889    0.04638    0.02051    0.39325    0.52068    0.52431    0.90780    0.41377    0.14764    0.07408    0.04671    0.35055    0.17964    0.00236    0.40617
   0.76013    0.12311    0.44032    0.02892    0.06903    0.05022    0.00654    0.25012    0.16199    0.05145    0.47653    0.28524    0.16041    0.01377    0.01054    0.41652    0.18586    0.20353    0.00236    0.46354
   0.88549    0.00206    0.00010    0.05918    0.01571    0.01758    0.00654    0.10911    0.29796    0.02347    0.52431    0.30195    0.13065    0.00345    0.01054    0.41652    0.21447    0.14340    0.00236    0.17940
   0.88549    0.15480    0.05141    0.12742    0.05934    0.01758    0.00654    0.04721    0.21650    0.01154    0.52431    0.28524    0.07402    0.00345    0.01054    0.41652    0.21520    0.12891    0.00236    0.19640
   0.88549    0.12311    0.49341    0.12742    0.04383    0.01758    0.00876    0.04721    0.29672    0.40883    0.71199    0.28524    0.20703    0.54534    0.39331    0.41652    0.21520    0.14858    0.03478    0.10015
   0.88549    0.12311    0.07351    0.37337    0.04383    0.01758    0.00876    0.00561    0.30740    0.05145    0.52431    0.00857    0.20951    0.00345    0.51456    0.34222    0.42641    0.04356    0.15326    0.00091
   0.88549    0.12057    0.00010    0.12742    0.00066    0.09162    0.00876    0.01505    0.26127    0.02444    0.60261    0.00857    0.13065    0.00345    0.01054    0.41652    0.21520    0.01139    0.00236    0.14541
   0.88549    0.12057    0.00010    0.12742    0.00612    0.14048    0.00465    0.01505    0.26127    0.02444    0.54129    0.00857    0.13065    0.00069    0.01054    0.41652    0.21520    0.01139    0.00236    0.12307
   0.88549    0.44561    0.00010    0.12742    0.55100    0.09162    0.00465    0.01505    0.19706    0.04801    0.48772    0.01610    0.38952    0.31659    0.01054    0.28880    0.21520    0.01147    0.22559    0.12307
   0.84986    0.12057    0.02021    0.02785    0.04383    0.09162    0.00465    0.00127    0.38744    0.02444    0.31736    0.12038    0.07331    0.35455    0.02662    0.36474    0.27754    0.01147    0.00236    0.09481
   0.88549    0.09904    0.00010    0.02785    0.10049    0.05002    0.00465    0.01505    0.19706    0.02444    0.42782    0.00857    0.13065    0.00345    0.01054    0.41652    0.22506    0.00012    0.00236    0.09481
   0.88549    0.12057    0.00010    0.08383    0.09662    0.07000    0.00465    0.00511    0.23473    0.04689    0.41766    0.00857    0.13065    0.00345    0.01054    0.39045    0.21520    0.00235    0.00236    0.10951
   0.89562    0.07004    0.00010    0.01780    0.03529    0.00345    0.20189    0.01505    0.19706    0.81736    0.63338    0.00857    0.13065    0.00345    0.29991    0.50767    0.18882    0.10198    0.49539    0.07460
   0.78096    0.03027    0.28860    0.03381    0.03529    0.09162    0.00465    0.01505    0.32897    0.44310    0.41766    0.18646    0.31500    0.00345    0.01054    0.54098    0.21520    0.01147    0.00236    0.09481
   0.78096    0.06702    0.00010    0.03381    0.13302    0.05960    0.00465    0.01505    0.07731    0.04689    0.41766    0.00857    0.15823    0.00345    0.01054    0.51459    0.21520    0.01473    0.00236    0.09481
   0.78096    0.03027    0.00010    0.03381    0.00025    0.05960    0.00465    0.01505    0.07731    0.08543    0.41766    0.00082    0.10442    0.00345    0.00023    0.41652    0.21520    0.01147    0.00002    0.09481
   0.78096    0.03027    0.06414    0.03381    0.03529    0.05960    0.31974    0.42500    0.07731    0.04659    0.41766    0.00082    0.05753    0.00345    0.14716    0.41652    0.16548    0.10781    0.27081    0.16088
   0.99755    0.27183    0.00010    0.03381    0.03529    0.05960    0.00465    0.01505    0.07731    0.08543    0.41766    0.00082    0.02463    0.12449    0.01054    0.48738    0.11633    0.01416    0.00236    0.03109
   0.76419    0.03027    0.00010    0.03381    0.03529    0.05960    0.00465    0.01505    0.00701    0.08543    0.41766    0.00082    0.06966    0.09985    0.03703    0.45163    0.11633    0.01147    0.02349    0.09481
   0.80712    0.03027    0.00010    0.00458    0.00101    0.06464    0.00465    0.01505    0.00701    0.09331    0.41766    0.00082    0.09547    0.05246    0.01054    0.42982    0.07387    0.01147    0.03878    0.09481
   0.63465    0.03027    0.00010    0.02770    0.01140    0.17493    0.01918    0.21287    0.01949    0.22107    0.41766    0.00082    0.10845    0.05246    0.01054    0.41652    0.07387    0.05508    0.19994    0.09481
   0.48027    0.03027    0.00010    0.15002    0.03529    0.03494    0.00465    0.00848    0.09438    0.09331    0.43277    0.22543    0.23311    0.23024    0.01054    0.42282    0.00612    0.06233    0.08460    0.12031
   0.63465    0.03027    0.00010    0.12309    0.03529    0.02615    0.00465    0.01505    0.00701    0.09331    0.41766    0.00082    0.09547    0.05246    0.05110    0.41652    0.07161    0.05261    0.08294    0.09481
   0.63465    0.03027    0.00010    0.03381    0.03529    0.05960    0.00119    0.01481    0.00701    0.09331    0.41766    0.00082    0.08250    0.05246    0.05940    0.41652    0.07387    0.05508    0.03152    0.08905
   0.51601    0.03027    0.13335    0.03381    0.03529    0.08996    0.02681    0.03871    0.24055    0.00910    0.33637    0.00082    0.08250    0.22312    0.05940    0.43139    0.07387    0.03409    0.09809    0.09481
   0.55478    0.03027    0.00010    0.03381    0.03529    0.03683    0.04653    0.01481    0.11749    0.28810    0.33637    0.08529    0.08250    0.05246    0.05940    0.39671    0.13085    0.05508    0.03152    0.09481
   0.65664    0.03027    0.00010    0.07991    0.03529    0.02107    0.03521    0.01481    0.06551    0.09331    0.32048    0.00867    0.08250    0.05246    0.05940    0.41652    0.07993    0.05508    0.04593    0.09481
   0.63465    0.01318    0.00010    0.07991    0.03529    0.05960    0.04653    0.00137    0.06551    0.09331    0.37151    0.00867    0.08250    0.05246    0.06519    0.41652    0.07387    0.05768    0.04343    0.09481
   0.63465    0.04038    0.00010    0.11461    0.03529    0.10480    0.14136    0.00137    0.06551    0.01295    0.37151    0.00867    0.06166    0.05230    0.06519    0.43684    0.08356    0.03980    0.04343    0.09481
   0.68860    0.03027    0.00010    0.07991    0.15516    0.10480    0.04653    0.00137    0.06551    0.09331    0.32861    0.57974    0.16609    0.06381    0.06519    0.41904    0.07387    0.07131    0.07472    0.09481
   0.63465    0.03027    0.00010    0.07991    0.03529    0.10480    0.04653    0.00137    0.06551    0.09331    0.37472    0.06300    0.08250    0.05246    0.09957    0.41091    0.05098    0.05508    0.04343    0.08998
   0.63465    0.01497    0.00010    0.07991    0.03529    0.07738    0.04653    0.00137    0.03924    0.09331    0.37223    0.00867    0.08250    0.05246    0.06519    0.40956    0.09089    0.05883    0.04343    0.09032
   0.63465    0.17376    0.06776    0.07991    0.03529    0.10480    0.10028    0.27271    0.03924    0.09331    0.37151    0.00867    0.11676    0.05246    0.06519    0.39890    0.07387    0.05978    0.09299    0.07690
   0.58663    0.03027    0.00010    0.07991    0.03529    0.17539    0.10887    0.00137    0.07604    0.09331    0.37151    0.29364    0.15716    0.14047    0.06519    0.39257    0.04536    0.06214    0.08461    0.09392
   0.57857    0.05313    0.00010    0.07991    0.03529    0.10480    0.04653    0.00137    0.08752    0.12286    0.37151    0.01987    0.08250    0.07431    0.05550    0.40219    0.08773    0.06235    0.04343    0.08409
   0.61479    0.05313    0.00010    0.07399    0.03529    0.10480    0.04653    0.00137    0.03924    0.09331    0.36652    0.01849    0.08250    0.05246    0.06519    0.40701    0.08004    0.05978    0.04343    0.07796
   0.61479    0.05313    0.12434    0.07991    0.08987    0.05810    0.00379    0.00137    0.03924    0.03831    0.37151    0.34556    0.01717    0.05246    0.06519    0.38565    0.06125    0.06140    0.01462    0.07085
   0.61479    0.11710    0.03968    0.07991    0.07446    0.10480    0.04653    0.00137    0.03924    0.09331    0.40055    0.01849    0.02170    0.13132    0.05714    0.37923    0.07387    0.06481    0.04343    0.08409
   0.61479    0.05313    0.03968    0.07991    0.00065    0.09513    0.05413    0.00137    0.03924    0.09331    0.37151    0.01849    0.10119    0.07581    0.05141    0.37140    0.08598    0.06895    0.04343    0.08409
   0.61479    0.05313    0.03968    0.07991    0.03529    0.10480    0.03682    0.00137    0.03924    0.09331    0.37945    0.03141    0.08250    0.04213    0.05141    0.37923    0.08063    0.06967    0.04343    0.08409
   0.61479    0.05313    0.07284    0.10347    0.06323    0.06164    0.05413    0.65363    0.16850    0.11357    0.36101    0.03141    0.05178    0.05246    0.05141    0.37408    0.07387    0.06895    0.04343    0.08682
   0.55656    0.05332    0.10412    0.11186    0.05253    0.10480    0.05413    0.00137    0.09745    0.09331    0.38638    0.03141    0.08724    0.01776    0.05141    0.38440    0.08127    0.06420    0.06391    0.08739
   0.61018    0.06797    0.03968    0.07991    0.03529    0.10480    0.05413    0.00137    0.03924    0.09331    0.37984    0.06066    0.09167    0.01776    0.04928    0.37798    0.07387    0.06605    0.04357    0.04167
   0.48940    0.05857    0.03968    0.07991    0.03529    0.10480    0.05413    0.00137    0.01338    0.09331    0.37151    0.04173    0.06751    0.02328    0.04928    0.36572    0.08199    0.06605    0.04049    0.12500
   0.55656    0.04564    0.03968    0.07162    0.03529    0.10471    0.05413    0.33072    0.03924    0.09331    0.37151    0.03141    0.04182    0.02328    0.04928    0.36243    0.08199    0.04167    0.06352    0.20833
   0.55656    0.05376    0.03968    0.07463    0.03529    0.08296    0.09006    0.00137    0.03924    0.21524    0.36257    0.06028    0.06751    0.02328    0.04928    0.35719    0.08199    0.12500    0.04343    0.29167
   0.55656    0.07420    0.05678    0.07991    0.03529    0.08296    0.06089    0.00137    0.03924    0.09331    0.37959    0.03141    0.06751    0.02328    0.04406    0.35613    0.07869    0.20833    0.04343    0.37500
   0.55656    0.06226    0.03968    0.07991    0.03529    0.08296    0.06089    0.00137    0.03924    0.09331    0.37151    0.03141    0.06751    0.02903    0.04928    0.34656    0.07869    0.29167    0.03821    0.45833
   0.55656    0.11653    0.10725    0.07991    0.03529    0.08296    0.10216    0.11291    0.08938    0.28232    0.37151    0.20715    0.06751    0.09235    0.03484    0.33621    0.07869    0.37500    0.03821    0.54167
   0.55656    0.05857    0.03968    0.07767    0.03529    0.04854    0.06089    0.10330    0.03924    0.13640    0.04167    0.13333    0.06751    0.07028    0.07926    0.33621    0.07869    0.45833    0.03821    0.62500
   0.55656    0.05857    0.03968    0.07991    0.03529    0.07842    0.06089    0.10330    0.03924    0.10706    0.12500    0.06984    0.06751    0.02328    0.06496    0.31827    0.07869    0.54167    0.03642    0.70833
   0.55656    0.05857    0.03968    0.07854    0.03529    0.08469    0.06089    0.10330    0.03924    0.09331    0.20833    0.03141    0.06751    0.02328    0.06496    0.29894    0.07869    0.62500    0.03673    0.79167
   0.51962    0.08508    0.03968    0.04167    0.04125    0.07982    0.07218    0.10330    0.05547    0.25891    0.29167    0.22171    0.09518    0.02328    0.06496    0.29894    0.07869    0.70833    0.03070    0.87500
   0.61723    0.05857    0.03968    0.12500    0.02336    0.07091    0.06089    0.10330    0.03924    0.09331    0.37500    0.03141    0.06380    0.02328    0.07719    0.29894    0.08282    0.79167    0.02754    0.95833
   0.55656    0.05857    0.03968    0.20833    0.05868    0.08469    0.08080    0.10001    0.03924    0.09331    0.45833    0.03141    0.06751    0.00229    0.06496    0.27690    0.07940    0.87500    0.03821    0.69245
   0.55656    0.05857    0.04131    0.29167    0.05868    0.08469    0.06089    0.10330    0.03924    0.09331    0.54167    0.03141    0.07317    0.02328    0.05845    0.27690    0.07967    0.95833    0.03736    0.49138
   0.58695    0.01583    0.05393    0.37500    0.05868    0.08469    0.06507    0.10330    0.00193    0.13097    0.62500    0.03141    0.06751    0.07899    0.05420    0.27690    0.04167    0.61649    0.03821    0.26774
   0.55656    0.03545    0.05111    0.45833    0.05868    0.08469    0.06089    0.10330    0.06312    0.09331    0.70833    0.10531    0.06751    0.02328    0.07123    0.24828    0.12500    0.04824    0.03688    0.73379
   0.55656    0.04943    0.04237    0.54167    0.05868    0.08469    0.06554    0.13317    0.04743    0.09331    0.79167    0.03141    0.06751    0.02328    0.06496    0.24828    0.20833    0.00696    0.04167    0.98878
   0.55656    0.05409    0.04004    0.62500    0.05868    0.08469    0.06554    0.09285    0.04393    0.09331    0.87500    0.03141    0.06751    0.02538    0.05851    0.24828    0.29167    0.25587    0.12500    0.37663
   0.55789    0.04943    0.03837    0.70833    0.05868    0.06508    0.08294    0.09285    0.04393    0.09331    0.95833    0.02487    0.10422    0.02328    0.06496    0.19864    0.37500    0.25587    0.20833    0.73379
   0.55656    0.04943    0.04795    0.79167    0.07549    0.07303    0.05116    0.03192    0.04393    0.12783    0.19059    0.03141    0.08249    0.01958    0.06496    0.12881    0.45833    0.41590    0.29167    0.59364
   0.55656    0.05615    0.04539    0.87500    0.06525    0.07795    0.06554    0.06948    0.04611    0.09331    0.49468    0.03141    0.06751    0.03282    0.06496    0.06024    0.54167    0.25587    0.37500    0.17700
   0.55656    0.05615    0.04071    0.95833    0.05868    0.07720    0.06554    0.07278    0.05170    0.09331    0.71756    0.03141    0.06751    0.02328    0.04167    0.06024    0.62500    0.25587    0.45833    0.59364
   0.57369    0.05615    0.04167    0.47800    0.05868    0.07720    0.06554    0.07278    0.05170    0.02804    0.70833    0.17420    0.04972    0.02328    0.12500    0.01463    0.70833    0.25587    0.54167    0.39127
   0.55656    0.05615    0.12500    0.27634    0.05868    0.07720    0.06554    0.07278    0.08096    0.13663    0.28102    0.03141    0.06008    0.02328    0.20833    0.06024    0.79167    0.07604    0.62500    0.42538
   0.55656    0.05615    0.20833    0.09277    0.04167    0.07720    0.06554    0.07381    0.05170    0.09933    0.65680    0.03141    0.06751    0.02328    0.29167    0.06024    0.87500    0.06218    0.70833    0.39127
   0.55656    0.05615    0.29167    0.05068    0.12500    0.07534    0.06554    0.07278    0.05404    0.09288    0.65680    0.03141    0.06751    0.02328    0.37500    0.06024    0.95833    0.07324    0.79167    0.22786
   0.57257    0.07877    0.37500    0.05068    0.20833    0.07534    0.06554    0.03798    0.06888    0.09288    0.64213    0.03141    0.06751    0.05952    0.45833    0.00245    0.08265    0.19455    0.87500    0.19921
   0.54882    0.08646    0.45833    0.29839    0.29167    0.07534    0.08010    0.08159    0.05170    0.09288    0.56007    0.03141    0.05866    0.05952    0.54167    0.06024    0.07872    0.10300    0.95833    0.20971
   0.54882    0.04167    0.54167    0.05068    0.37500    0.07534    0.04167    0.07278    0.05170    0.09288    0.38492    0.03141    0.06751    0.04322    0.62500    0.08867    0.53659    0.10300    0.10271    0.47721
   0.54248    0.12500    0.62500    0.01135    0.45833    0.07610    0.12500    0.07591    0.05170    0.09288    0.29720    0.03141    0.06751    0.04322    0.70833    0.06024    0.23385    0.01463    0.00253    0.08777
   0.55509    0.20833    0.70833    0.03702    0.54167    0.04167    0.20833    0.07278    0.07384    0.08407    0.29720    0.12211    0.06564    0.08445    0.79167    0.06024    0.79764    0.38379    0.01980    0.19921
   0.54882    0.29167    0.79167    0.01233    0.62500    0.12500    0.29167    0.06281    0.05170    0.08407    0.32646    0.20876    0.06334    0.06633    0.87500    0.04167    0.30591    0.10300    0.01980    0.19921
   0.55775    0.37500    0.87500    0.05068    0.70833    0.20833    0.37500    0.07278    0.05570    0.08407    0.01463    0.10046    0.06580    0.05673    0.95833    0.12500    0.25415    0.09006    0.01980    0.26574
   0.54882    0.45833    0.95833    0.02448    0.79167    0.29167    0.45833    0.07278    0.05170    0.08871    0.01122    0.03141    0.06760    0.06952    0.09076    0.20833    0.17960    0.09642    0.01980    0.19921
   0.54882    0.54167    0.27238    0.66094    0.87500    0.37500    0.54167    0.07278    0.05170    0.14430    0.01122    0.27302    0.06760    0.06777    0.66134    0.29167    0.29943    0.05269    0.01766    0.19921
   0.54882    0.62500    0.29657    0.11805    0.95833    0.45833    0.62500    0.07278    0.05170    0.08871    0.01122    0.14645    0.04167    0.06952    0.09635    0.37500    0.03826    0.09642    0.00709    0.13993
   0.55134    0.70833    0.00636    0.02448    0.26680    0.54167    0.70833    0.07278    0.05170    0.08871    0.01122    0.10004    0.12500    0.06952    0.12368    0.45833    0.06338    0.05397    0.36746    0.07010
   0.54882    0.79167    0.03157    0.02448    0.08267    0.62500    0.79167    0.07837    0.05170    0.08871    0.01122    0.06245    0.20833    0.06952    0.11505    0.54167    0.17960    0.09642    0.01766    0.13993
   0.54882    0.87500    0.81868    0.39316    0.02920    0.70833    0.87500    0.07278    0.02692    0.07685    0.00947    0.06245    0.29167    0.06952    0.02486    0.62500    0.47348    0.28780    0.13889    0.13993
   0.04167    0.95833    0.04574    0.02448    0.04088    0.79167    0.95833    0.07278    0.04167    0.08871    0.00947    0.01041    0.37500    0.09643    0.12368    0.70833    0.17960    0.03820    0.08694    0.16395
   0.12500    0.21723    0.04167    0.00063    0.01438    0.87500    0.02308    0.07278    0.12500    0.08871    0.00947    0.06245    0.45833    0.06357    0.21626    0.79167    0.14391    0.09642    0.01766    0.59179
   0.20833    0.01525    0.09473    0.02448    0.05728    0.95833    0.02135    0.07521    0.20833    0.07613    0.00947    0.06245    0.54167    0.06952    0.25213    0.87500    0.17960    0.09642    0.01766    0.16395
   0.29167    0.01370    0.23002    0.02448    0.02920    0.04315    0.03190    0.07521    0.29167    0.07613    0.00947    0.10127    0.62500    0.06952    0.00163    0.95833    0.17960    0.09642    0.01766    0.16395
   0.37500    0.19806    0.21953    0.02448    0.05659    0.01271    0.03190    0.07521    0.37500    0.07613    0.00947    0.06245    0.70833    0.06952    0.04496    0.15217    0.14014    0.01236    0.01766    0.16395
   0.45833    0.24512    0.17386    0.02448    0.05659    0.04315    0.00539    0.07521    0.45833    0.07613    0.07543    0.06245    0.79167    0.06952    0.16792    0.04167    0.16262    0.09642    0.02854    0.08806
   0.54167    0.21723    0.17386    0.02448    0.01166    0.08370    0.63064    0.07521    0.54167    0.07613    0.00141    0.06245    0.87500    0.06952    0.36346    0.04167    0.13527    0.05084    0.34124    0.16395
   0.62500    0.21723    0.43466    0.33941    0.05659    0.25566    0.00871    0.04624    0.62500    0.02501    0.00209    0.09216    0.95833    0.06952    0.16792    0.01014    0.01182    0.05084    0.02854    0.16395
   0.70833    0.22442    0.17386    0.02448    0.05659    0.49442    0.00871    0.07521    0.70833    0.04844    0.00209    0.10540    0.04344    0.06952    0.12126    0.04167    0.09452    0.05084    0.02854    0.16395
   0.79167    0.08124    0.14008    0.02448    0.19045    0.08370    0.00871    0.07521    0.79167    0.07007    0.00209    0.04099    0.04344    0.06952    0.16792    0.23849    0.11159    0.00670    0.02854    0.41332
   0.87500    0.29311    0.16269    0.02448    0.05659    0.08370    0.06023    0.07521    0.87500    0.06175    0.00209    0.04883    0.04344    0.06952    0.23395    0.01760    0.11159    0.08674    0.22449    0.16395
   0.95833    0.21723    0.10105    0.36799    0.04069    0.08370    0.00871    0.07918    0.95833    0.16211    0.00209    0.04883    0.11711    0.04167    0.16792    0.02706    0.11159    0.23257    0.02854    0.07592
   0.63330    0.21723    0.14008    0.37749    0.00370    0.08370    0.00871    0.07521    0.04741    0.06879    0.00209    0.04846    0.70129    0.12500    0.15115    0.31284    0.02627    0.08674    0.00748    0.00664
   0.09257    0.21723    0.14008    0.02448    0.44019    0.01094    0.45045    0.07521    0.02762    0.05680    0.01948    0.04846    0.11003    0.20833    0.15115    0.01537    0.11159    0.08674    0.04985    0.07592
   0.00067    0.32588    0.14008    0.00469    0.27576    0.04919    0.00871    0.07521    0.01099    0.06871    0.00209    0.04846    0.00624    0.29167    0.27351    0.00073    0.11159    0.08674    0.02854    0.07592
   0.00771    0.19675    0.10394    0.28676    0.04069    0.04919    0.00871    0.07521    0.11752    0.06871    0.00209    0.00022    0.18757    0.37500    0.09178    0.12316    0.07412    0.01792    0.02854    0.07592
   0.14305    0.19675    0.25541    0.44890    0.09470    0.04919    0.00871    0.04167    0.21462    0.05645    0.02846    0.03365    0.11003    0.45833    0.10321    0.04167    0.04828    0.08674    0.00157    0.07592
   0.23426    0.23327    0.14008    0.07577    0.04069    0.04919    0.00871    0.12500    0.12500    0.06871    0.00209    0.04846    0.42345    0.54167    0.10321    0.04167    0.07412    0.08674    0.09427    0.07592
   0.12265    0.23327    0.14008    0.04405    0.04069    0.04919    0.00871    0.20833    0.12500    0.06871    0.00209    0.05662    0.11003    0.62500    0.10321    0.08476    0.07412    0.08674    0.27137    0.07592
   0.09777    0.21259    0.02516    0.02448    0.04069    0.44585    0.00871    0.29167    0.11705    0.03501    0.00209    0.05662    0.13495    0.70833    0.10321    0.10085    0.07412    0.17002    0.04456    0.07592
   0.12265    0.17702    0.32686    0.02448    0.04069    0.11683    0.00871    0.37500    0.12500    0.06871    0.00209    0.06532    0.11003    0.79167    0.12247    0.22194    0.07412    0.11171    0.03236    0.07592
   0.12265    0.37296    0.14008    0.03989    0.04069    0.11102    0.34351    0.45833    0.49768    0.06871    0.21257    0.04791    0.23630    0.87500    0.12247    0.05662    0.05045    0.08674    0.04456    0.32231
   0.30116    0.26767    0.14008    0.02448    0.14568    0.04919    0.00871    0.54167    0.12500    0.06871    0.00209    0.05662    0.11003    0.95833    0.12247    0.05662    0.04297    0.08674    0.04456    0.07592
   0.12265    0.21259    0.38398    0.24999    0.07690    0.04919    0.00871    0.62500    0.19648    0.06871    0.00209    0.05662    0.15302    0.27546    0.12247    0.10420    0.03205    0.08674    0.04456    0.00133
   0.17750    0.21259    0.14008    0.02448    0.04069    0.33093    0.00871    0.70833    0.04939    0.06871    0.06544    0.05662    0.11003    0.64961    0.12247    0.10066    0.05045    0.08674    0.04456    0.07592
   0.28638    0.21259    0.14008    0.04557    0.04069    0.04919    0.00871    0.79167    0.01538    0.06871    0.13285    0.05662    0.17261    0.02597    0.12247    0.01410    0.06803    0.08674    0.06735    0.18305
   0.14030    0.21259    0.14008    0.02448    0.17755    0.04919    0.00871    0.87500    0.04939    0.06871    0.00209    0.05662    0.11003    0.02597    0.02374    0.18946    0.05754    0.08674    0.04456    0.23789
   0.12265    0.29581    0.08937    0.02448    0.04031    0.03479    0.00871    0.95833    0.03784    0.06525    0.00209    0.05662    0.10496    0.12933    0.24356    0.10066    0.06885    0.08674    0.04456    0.07592
   0.07926    0.18702    0.14008    0.11599    0.04031    0.06806    0.00871    0.86131    0.05562    0.06525    0.00209    0.05449    0.11351    0.02597    0.12247    0.16427    0.09045    0.22952    0.04456    0.07592
   0.12265    0.04170    0.13087    0.04555    0.09745    0.04919    0.23255    0.21894    0.12943    0.04167    0.09056    0.05277    0.04970    0.02597    0.10690    0.10066    0.05653    0.04704    0.02758    0.04426
   0.12265    0.08291    0.13087    0.02448    0.07157    0.04919    0.27482    0.29167    0.04939    0.12500    0.02919    0.05277    0.10496    0.02597    0.07652    0.08644    0.06242    0.08674    0.04456    0.07592
   0.12265    0.11494    0.13087    0.02448    0.00146    0.02846    0.06171    0.38359    0.04939    0.20833    0.04394    0.03045    0.10496    0.02597    0.01321    0.08681    0.06242    0.08674    0.00141    0.10540
   0.19973    0.12235    0.13087    0.02448    0.04229    0.04919    0.00871    0.25791    0.04560    0.29167    0.04361    0.04090    0.10496    0.07426    0.04420    0.11119    0.06242    0.15884    0.08898    0.07592
   0.12265    0.12235    0.13087    0.02448    0.06009    0.05439    0.07153    0.44708    0.00635    0.37500    0.02059    0.04090    0.10496    0.00843    0.07388    0.11776    0.06242    0.08674    0.22735    0.00343
   0.12265    0.12235    0.12598    0.02448    0.04031    0.05260    0.14552    0.33166    0.00635    0.45833    0.00209    0.04463    0.10496    0.07426    0.07388    0.08681    0.06242    0.08674    0.04456    0.07592
   0.12265    0.11810    0.12598    0.02448    0.04031    0.05260    0.02173    0.33166    0.00635    0.54167    0.02477    0.04090    0.10496    0.68842    0.07388    0.08681    0.06242    0.28687    0.06575    0.07592
   0.12265    0.12235    0.12598    0.02448    0.04031    0.04216    0.01262    0.49373    0.06426    0.62500    0.00209    0.04781    0.10496    0.07426    0.07388    0.08681    0.06242    0.08674    0.05317    0.07592
   0.12265    0.12235    0.18039    0.01840    0.05918    0.01477    0.01262    0.33166    0.03905    0.70833    0.00209    0.04090    0.07235    0.07277    0.07388    0.08681    0.06242    0.08674    0.20131    0.13795
   0.12265    0.22917    0.12598    0.02448    0.04031    0.10535    0.14301    0.37496    0.01900    0.79167    0.00308    0.04167    0.10496    0.04067    0.07388    0.08681    0.06137    0.08674    0.09722    0.07592
   0.11901    0.12235    0.25108    0.03211    0.04031    0.05260    0.06582    0.47543    0.04813    0.87500    0.02029    0.12500    0.10496    0.36014    0.07388    0.07868    0.06242    0.08674    0.05317    0.07592
   0.18747    0.12795    0.12598    0.02448    0.04974    0.21940    0.06582    0.36937    0.10136    0.95833    0.02029    0.20833    0.10496    0.04067    0.08989    0.06466    0.05225    0.08674    0.05317    0.07592
   0.11901    0.12235    0.12598    0.01758    0.12613    0.07436    0.06582    0.33166    0.04813    0.04347    0.08840    0.29167    0.06472    0.02486    0.07388    0.06466    0.05823    0.10289    0.05317    0.07592
   0.11901    0.12235    0.12444    0.01758    0.04974    0.07436    0.06582    0.27701    0.06302    0.06978    0.02029    0.37500    0.08200    0.00908    0.07388    0.03598    0.06391    0.08674    0.05317    0.06295
   0.04482    0.02114    0.12598    0.05922    0.06382    0.07436    0.18318    0.29156    0.02912    0.29167    0.03618    0.45833    0.08200    0.04067    0.01044    0.03598    0.06242    0.03634    0.05317    0.07592
   0.00930    0.12235    0.12598    0.05922    0.06382    0.07436    0.09592    0.17321    0.04813    0.17353    0.03618    0.54167    0.08200    0.04067    0.09161    0.02147    0.06242    0.05056    0.05646    0.07592
   0.11901    0.12235    0.11750    0.04447    0.06382    0.07436    0.09592    0.17317    0.08130    0.17353    0.03618    0.62500    0.07713    0.04067    0.07388    0.03598    0.05992    0.08674    0.09934    0.07592
   0.07984    0.12235    0.12598    0.05263    0.09685    0.07436    0.09592    0.20094    0.04813    0.00683    0.07472    0.70833    0.06290    0.04067    0.07252    0.03598    0.04167    0.08665    0.00113    0.01701
   0.08982    0.12235    0.20416    0.04447    0.05002    0.07436    0.09592    0.19964    0.04813    0.02434    0.03618    0.79167    0.05565    0.01706    0.04634    0.03598    0.12500    0.06057    0.07355    0.07592
   0.11901    0.09640    0.12598    0.04447    0.05299    0.06260    0.09592    0.09767    0.04813    0.09035    0.03618    0.87500    0.06290    0.12231    0.08072    0.03598    0.20833    0.06057    0.07355    0.07592
   0.11901    0.27385    0.12598    0.04447    0.06382    0.06260    0.09592    0.09767    0.04813    0.09035    0.03618    0.95833    0.06508    0.00203    0.08072    0.03598    0.29167    0.08001    0.07355    0.20959
   0.11901    0.12235    0.12598    0.04447    0.06382    0.06260    0.27777    0.00677    0.00200    0.00890    0.03618    0.89295    0.05560    0.04067    0.08072    0.03598    0.37500    0.06057    0.07355    0.07592
   0.10055    0.12235    0.12598    0.00392    0.05679    0.06260    0.11789    0.00677    0.04674    0.06183    0.03618    0.99919    0.05964    0.14913    0.07498    0.03598    0.45833    0.06057    0.07355    0.07592
   0.10055    0.12235    0.12598    0.04447    0.05679    0.06260    0.11789    0.00677    0.11759    0.00209    0.03618    0.67345    0.02278    0.01654    0.08072    0.01229    0.54167    0.06057    0.07355    0.07592
   0.10055    0.12235    0.12598    0.04447    0.02905    0.06260    0.11789    0.00677    0.22779    0.09035    0.03618    0.62164    0.05789    0.02817    0.08072    0.03598    0.62500    0.06225    0.11292    0.07592
   0.10055    0.13943    0.10648    0.04447    0.05679    0.06260    0.20632    0.00677    0.05224    0.09035    0.03618    0.14089    0.06290    0.04067    0.08072    0.00409    0.70833    0.06225    0.07355    0.08591
   0.08820    0.13906    0.02457    0.04447    0.04096    0.07068    0.11789    0.00677    0.05745    0.09035    0.04167    0.41120    0.06290    0.04067    0.08072    0.05354    0.79167    0.06225    0.07355    0.06635
   0.17276    0.12235    0.02457    0.04447    0.05679    0.08185    0.11789    0.00677    0.20141    0.04321    0.12500    0.33214    0.06290    0.04067    0.08072    0.05354    0.87500    0.06225    0.07355    0.07812
   0.11294    0.05669    0.02457    0.04447    0.05679    0.06260    0.18407    0.00677    0.11759    0.04321    0.20833    0.62164    0.06290    0.04067    0.08072    0.15250    0.95833    0.06225    0.07355    0.07812
   0.11008    0.12694    0.05918    0.04447    0.05679    0.06260    0.11789    0.00677    0.06718    0.04321    0.29167    0.99735    0.06290    0.04466    0.09562    0.05354    0.11322    0.06225    0.05819    0.07812
   0.10756    0.10240    0.07400    0.04447    0.05679    0.09733    0.11789    0.00677    0.11759    0.14099    0.37500    0.89280    0.06400    0.04796    0.06266    0.05354    0.03264    0.04167    0.07355    0.07012
   0.10055    0.10180    0.02457    0.05594    0.05679    0.08399    0.11789    0.05190    0.11759    0.01367    0.45833    0.68525    0.06496    0.04466    0.06838    0.05354    0.11899    0.12500    0.07547    0.07812
   0.11027    0.10240    0.02312    0.03387    0.05679    0.07574    0.14024    0.21861    0.15742    0.11496    0.54167    0.62164    0.08013    0.01869    0.06838    0.06701    0.01485    0.20833    0.09238    0.07812
   0.09745    0.10240    0.02954    0.04447    0.05679    0.06260    0.11789    0.11339    0.11759    0.01410    0.62500    0.34904    0.06290    0.04466    0.06838    0.04605    0.40264    0.29167    0.07547    0.05075
   0.10566    0.10240    0.02457    0.05151    0.05679    0.06260    0.11789    0.04174    0.11759    0.04321    0.70833    0.48297    0.06290    0.07687    0.05536    0.06029    0.11899    0.37500    0.04167    0.07812
   0.10055    0.10240    0.02466    0.06360    0.05679    0.07413    0.10785    0.21224    0.04340    0.08050    0.79167    0.60894    0.06290    0.04466    0.06838    0.06029    0.17899    0.45833    0.12500    0.06151
   0.10055    0.10240    0.04738    0.04447    0.05679    0.06875    0.05401    0.04174    0.11759    0.08050    0.87500    0.60894    0.06545    0.04466    0.06838    0.06029    0.19062    0.54167    0.20833    0.06151
   0.10055    0.10240    0.04738    0.04615    0.05679    0.06875    0.06923    0.04174    0.11759    0.02444    0.95833    0.48664    0.06058    0.04466    0.06838    0.07032    0.39300    0.62500    0.29167    0.06151
   0.10055    0.11412    0.08506    0.08483    0.04925    0.06875    0.08041    0.04174    0.10461    0.02887    0.24531    0.52253    0.06058    0.11458    0.05725    0.06854    0.17899    0.70833    0.37500    0.07152
   0.10055    0.10240    0.04738    0.05981    0.05679    0.06875    0.08041    0.04174    0.10461    0.06185    0.04167    0.56416    0.04960    0.07828    0.05725    0.11296    0.10141    0.79167    0.45833    0.07152
   0.10055    0.06131    0.04738    0.05197    0.05679    0.07549    0.10982    0.24410    0.08862    0.06185    0.00680    0.59499    0.04167    0.06379    0.06652    0.06854    0.11629    0.87500    0.54167    0.15557
   0.10055    0.08786    0.04738    0.05197    0.05679    0.07043    0.08041    0.09118    0.08862    0.15267    0.04167    0.57783    0.12500    0.05299    0.06012    0.06854    0.06316    0.95833    0.62500    0.07152
   0.10055    0.08786    0.04738    0.05197    0.05679    0.06875    0.08041    0.09118    0.08862    0.06185    0.04167    0.62176    0.20833    0.04466    0.06652    0.06854    0.11629    0.25819    0.70833    0.07152
   0.09539    0.08786    0.04738    0.05197    0.05679    0.06875    0.08041    0.09118    0.05579    0.07157    0.00452    0.57783    0.29167    0.04466    0.06652    0.06448    0.11629    0.07538    0.79167    0.06706
   0.10055    0.08786    0.04380    0.05197    0.05679    0.06875    0.08041    0.09118    0.08862    0.07157    0.01767    0.54191    0.37500    0.06084    0.06399    0.06854    0.14509    0.02902    0.87500    0.06706
   0.04167    0.08786    0.04738    0.05197    0.05679    0.06875    0.06071    0.11729    0.08862    0.07157    0.01767    0.54191    0.45833    0.04466    0.06652    0.06854    0.11629    0.30203    0.95833    0.06706
   0.12500    0.07055    0.04738    0.05197    0.05679    0.06875    0.08041    0.09118    0.09289    0.07157    0.01767    0.49112    0.54167    0.04466    0.06652    0.06854    0.00895    0.00424    0.45242    0.06706
   0.20833    0.08786    0.06678    0.07210    0.04167    0.06875    0.07817    0.23926    0.08862    0.10846    0.07154    0.54191    0.62500    0.06718    0.06652    0.06854    0.23537    0.00424    0.07099    0.06706
   0.29167    0.08786    0.06678    0.05197    0.12500    0.04167    0.09446    0.09118    0.07316    0.07157    0.00887    0.54238    0.70833    0.04466    0.06652    0.06854    0.11629    0.00981    0.02807    0.02656
   0.37500    0.08786    0.06376    0.05197    0.20833    0.12500    0.06586    0.03308    0.08081    0.07157    0.17234    0.48319    0.79167    0.04466    0.04167    0.07700    0.31490    0.00424    0.43904    0.06706
   0.45833    0.09850    0.06376    0.05197    0.29167    0.20833    0.07270    0.09118    0.07438    0.07157    0.32712    0.50791    0.87500    0.03518    0.12500    0.07700    0.01438    0.00424    0.05147    0.06706
   0.54167    0.08319    0.05522    0.05197    0.37500    0.29167    0.07827    0.04925    0.07316    0.05499    0.07154    0.51944    0.95833    0.05990    0.20833    0.07700    0.08365    0.27711    0.05147    0.07163
   0.62500    0.08786    0.06376    0.05197    0.45833    0.37500    0.08041    0.09118    0.07316    0.07157    0.15121    0.51944    0.00143    0.05990    0.29167    0.07700    0.11629    0.00424    0.16938    0.06706
   0.70833    0.08786    0.06376    0.04167    0.54167    0.45833    0.08041    0.12079    0.07316    0.07157    0.10814    0.51944    0.15273    0.05732    0.37500    0.08622    0.12021    0.00424    0.16071    0.06706
   0.79167    0.08786    0.07358    0.12500    0.62500    0.54167    0.08041    0.09118    0.04167    0.07157    0.07154    0.54115    0.04167    0.05732    0.45833    0.07700    0.11629    0.00424    0.05147    0.06706
   0.87500    0.09494    0.07358    0.20833    0.70833    0.62500    0.08041    0.09118    0.12500    0.07157    0.07154    0.51944    0.04167    0.05119    0.54167    0.07700    0.10013    0.02729    0.05147    0.07085
   0.95833    0.09399    0.07358    0.29167    0.79167    0.70833    0.08041    0.09118    0.20833    0.17721    0.11525    0.53187    0.27195    0.05119    0.62500    0.07700    0.10013    0.00424    0.28112    0.07418
   0.16295    0.08786    0.07263    0.37500    0.87500    0.79167    0.08041    0.09118    0.29167    0.07157    0.09515    0.44341    0.04167    0.05119    0.70833    0.07879    0.10013    0.00424    0.12375    0.07418
   0.04642    0.08786    0.04167    0.45833    0.95833    0.87500    0.07739    0.09118    0.37500    0.05553    0.09515    0.37100    0.01181    0.05119    0.79167    0.07879    0.10013    0.00424    0.67389    0.07418
   0.00272    0.04167    0.12500    0.54167    0.00968    0.95833    0.07739    0.27660    0.45833    0.07157    0.12153    0.39411    0.01181    0.05119    0.87500    0.05592    0.08571    0.00424    0.28112    0.07418
   0.00294    0.12500    0.20833    0.62500    0.05137    0.59325    0.07739    0.09118    0.54167    0.07157    0.09515    0.35222    0.33597    0.05455    0.95833    0.07879    0.07062    0.00424    0.18101    0.07418
   0.00294    0.20833    0.29167    0.70833    0.40271    0.00927    0.05865    0.09118    0.62500    0.07157    0.09515    0.30506    0.01181    0.04752    0.00774    0.04167    0.08571    0.00424    0.18101    0.06148
   0.02088    0.29167    0.37500    0.79167    0.37500    0.01360    0.06671    0.09118    0.70833    0.04818    0.09515    0.29924    0.15842    0.05119    0.08753    0.12500    0.01610    0.00424    0.42058    0.04167
   0.00294    0.37500    0.45833    0.87500    0.09433    0.14851    0.06671    0.12715    0.79167    0.04818    0.09515    0.32542    0.01181    0.05119    0.28269    0.20833    0.08571    0.00424    0.14604    0.12500
   0.00294    0.45833    0.54167    0.95833    0.05389    0.20833    0.06671    0.09118    0.87500    0.00060    0.09515    0.32542    0.07524    0.05119    0.05269    0.29167    0.08571    0.00424    0.18101    0.20833
   0.00294    0.54167    0.62500    0.94797    0.02812    0.20833    0.06604    0.09118    0.95833    0.04818    0.09515    0.32542    0.01181    0.04866    0.28269    0.37500    0.02959    0.00424    0.18101    0.29167
   0.01072    0.62500    0.70833    0.60595    0.01871    0.21877    0.06671    0.09118    0.08972    0.06360    0.09515    0.28493    0.00937    0.04866    0.28269    0.45833    0.00050    0.32767    0.18101    0.37500
   0.01402    0.70833    0.79167    0.12559    0.35103    0.21877    0.06671    0.09118    0.43978    0.05605    0.09515    0.28493    0.00937    0.04866    0.28269    0.54167    0.04326    0.15411    0.06617    0.45833
   0.01402    0.79167    0.87500    0.29167    0.46611    0.21877    0.06671    0.09118    0.02817    0.05605    0.09515    0.28493    0.00937    0.04866    0.50503    0.62500    0.04326    0.01143    0.18101    0.54167
   0.01402    0.87500    0.95833    0.26248    0.01061    0.21877    0.06671    0.09118    0.02817    0.05605    0.13265    0.28493    0.21540    0.04866    0.02125    0.70833    0.04326    0.00424    0.18101    0.62500
   0.01402    0.95833    0.00177    0.52126    0.08281    0.21877    0.06671    0.09118    0.16639    0.05605    0.09515    0.21918    0.00937    0.04866    0.02125    0.79167    0.01249    0.00424    0.44034    0.70833
   0.01402    0.00634    0.07070    0.39112    0.09914    0.21877    0.06365    0.16795    0.02817    0.05605    0.09515    0.20853    0.00937    0.04866    0.00994    0.87500    0.06558    0.00424    0.17215    0.79167
   0.01402    0.49064    0.03333    0.29167    0.08281    0.21877    0.06671    0.09118    0.06047    0.02708    0.12324    0.20853    0.11319    0.04866    0.02125    0.95833    0.06558    0.00111    0.18101    0.87500
   0.48994    0.03702    0.02129    0.03862    0.00277    0.21877    0.06671    0.09118    0.04155    0.03405    0.09515    0.05690    0.00937    0.04871    0.17245    0.17471    0.15784    0.00424    0.18101    0.95833
   0.01402    0.31514    0.07955    0.07943    0.03908    0.21877    0.04167    0.09118    0.32545    0.05605    0.09515    0.04712    0.00937    0.03999    0.02125    0.45042    0.06558    0.15614    0.18101    0.38289
   0.01402    0.08800    0.07070    0.07943    0.08281    0.21877    0.12500    0.09118    0.02817    0.05605    0.09515    0.04712    0.00937    0.04167    0.02125    0.37500    0.06558    0.07552    0.18101    0.00430
   0.00485    0.19395    0.07070    0.04556    0.08281    0.51004    0.20833    0.06686    0.11356    0.05605    0.09515    0.04712    0.00937    0.12500    0.02125    0.37500    0.06558    0.05620    0.18101    0.38121
   0.10019    0.31514    0.07070    0.04556    0.08281    0.00660    0.29167    0.06686    0.04406    0.05605    0.09515    0.04712    0.12919    0.20833    0.02125    0.10004    0.06558    0.05108    0.18101    0.34258
   0.01402    0.11684    0.72853    0.04556    0.08281    0.01501    0.37500    0.06686    0.04406    0.05605    0.09515    0.04712    0.06570    0.29167    0.02362    0.37500    0.06558    0.05108    0.25610    0.50875
   0.01402    0.12541    0.14448    0.00173    0.08281    0.00660    0.45833    0.02929    0.04406    0.05605    0.09025    0.04712    0.00937    0.37500    0.02125    0.54472    0.06558    0.05108    0.02526    0.03063
   0.01349    0.11684    0.07070    0.04556    0.00427    0.00660    0.54167    0.06686    0.03266    0.10532    0.09025    0.04712    0.11812    0.45833    0.00336    0.37500    0.06558    0.05108    0.18101    0.03063
   0.01349    0.11684    0.07070    0.13910    0.11210    0.00660    0.62500    0.06686    0.00099    0.06576    0.08469    0.04712    0.00937    0.54167    0.02125    0.02129    0.06558    0.05108    0.18101    0.03063
   0.28410    0.01000    0.07029    0.22366    0.08281    0.00660    0.70833    0.07291    0.00099    0.07001    0.08469    0.04712    0.00937    0.62500    0.02125    0.37500    0.07419    0.05108    0.18101    0.03063
   0.00002    0.01000    0.07070    0.07994    0.14438    0.00660    0.79167    0.07291    0.00099    0.05605    0.06676    0.02074    0.00937    0.70833    0.02181    0.37500    0.06558    0.05108    0.18101    0.03063
   0.02991    0.01000    0.20087    0.04556    0.15239    0.30349    0.87500    0.07291    0.00099    0.00101    0.06676    0.07931    0.00937    0.79167    0.02125    0.32261    0.06459    0.05108    0.18101    0.03063
   0.54677    0.01000    0.01173    0.04556    0.08281    0.00660    0.95833    0.07291    0.00099    0.05942    0.06676    0.15275    0.00937    0.87500    0.02125    0.32261    0.06558    0.05108    0.18101    0.03063
   0.26873    0.01000    0.07070    0.06694    0.08281    0.02246    0.36996    0.07291    0.00099    0.05605    0.06676    0.04712    0.00937    0.95833    0.02125    0.12402    0.06558    0.05108    0.18101    0.12754
   0.02991    0.27966    0.11484    0.04556    0.08206    0.00660    0.13716    0.05738    0.00099    0.05605    0.06728    0.04712    0.01328    0.23985    0.02125    0.02476    0.06558    0.11921    0.18101    0.03063
   0.02991    0.01000    0.11484    0.04556    0.05660    0.13683    0.03522    0.05738    0.00099    0.07887    0.06676    0.01716    0.32333    0.60978    0.00438    0.12402    0.06558    0.05108    0.18101    0.03063
   0.02991    0.01000    0.11484    0.34240    0.06664    0.00660    0.00976    0.06669    0.00099    0.05605    0.07009    0.16833    0.12930    0.44018    0.02125    0.02797    0.14101    0.05108    0.18101    0.06024
   0.02991    0.01000    0.16039    0.04556    0.08648    0.07898    0.03522    0.06238    0.00099    0.05605    0.05780    0.04712    0.00937    0.44018    0.05051    0.12644    0.00011    0.05108    0.18101    0.10945
   0.01027    0.03139    0.11484    0.03032    0.06664    0.04174    0.54596    0.06238    0.00099    0.05605    0.07009    0.04712    0.00937    0.22399    0.02125    0.12402    0.06558    0.05108    0.27533    0.03063
   0.02028    0.03139    0.11484    0.04556    0.06664    0.04174    0.03522    0.06238    0.00099    0.05605    0.06539    0.05549    0.00937    0.44018    0.02125    0.13365    0.05688    0.05108    0.13889    0.00893
   0.26335    0.03139    0.10083    0.04556    0.06664    0.14085    0.03522    0.04167    0.00099    0.05605    0.07009    0.05549    0.00937    0.44018    0.02125    0.03077    0.06558    0.05108    0.12855    0.03063
   0.15511    0.03139    0.00396    0.02438    0.06664    0.09561    0.11383    0.12500    0.00099    0.05605    0.07009    0.05549    0.00937    0.44018    0.02125    0.03005    0.06558    0.05108    0.12855    0.14342
   0.01027    0.67471    0.11484    0.04556    0.06664    0.05647    0.03947    0.20833    0.00099    0.05428    0.06769    0.05549    0.00937    0.44018    0.01953    0.12402    0.06558    0.08100    0.12855    0.14306
   0.01027    0.03139    0.11484    0.04556    0.00068    0.05647    0.03522    0.29167    0.00099    0.06604    0.06695    0.05549    0.18183    0.52080    0.03031    0.12402    0.05967    0.07199    0.12855    0.00917
   0.01027    0.03139    0.11484    0.04556    0.03341    0.05647    0.02988    0.37500    0.00099    0.05605    0.06487    0.05549    0.07034    0.58347    0.23880    0.04368    0.06558    0.05108    0.10166    0.08025
   0.08158    0.03139    0.14281    0.04556    0.05688    0.05647    0.03522    0.45833    0.13496    0.06256    0.06418    0.05549    0.00937    0.52080    0.19160    0.04368    0.06558    0.00135    0.12855    0.10101
   0.01027    0.26723    0.11484    0.04556    0.05688    0.05647    0.03522    0.54167    0.00099    0.05605    0.04167    0.05549    0.00020    0.95740    0.11789    0.04368    0.05896    0.05108    0.12855    0.09786
   0.01027    0.03139    0.11484    0.04691    0.05688    0.05647    0.12908    0.62500    0.00099    0.05605    0.12500    0.05549    0.11061    0.49018    0.11789    0.07724    0.06327    0.05108    0.12855    0.16176
   0.06306    0.03139    0.11484    0.04578    0.04137    0.07244    0.02991    0.70833    0.00099    0.05605    0.20833    0.05549    0.07844    0.42306    0.11789    0.07724    0.06558    0.05108    0.12099    0.09786
   0.01027    0.00097    0.13798    0.04691    0.04137    0.07244    0.02991    0.79167    0.09542    0.05605    0.29167    0.05549    0.04755    0.42306    0.11789    0.05889    0.06558    0.05108    0.15055    0.09786
   0.01027    0.14029    0.12016    0.04691    0.04137    0.07244    0.02991    0.87500    0.06704    0.05605    0.37500    0.05549    0.04755    0.01684    0.11789    0.07724    0.06558    0.05108    0.12099    0.09786
   0.01027    0.11336    0.12533    0.04691    0.03137    0.07244    0.02991    0.95833    0.01372    0.07208    0.45833    0.05549    0.04755    0.01824    0.11789    0.04161    0.06558    0.05108    0.12099    0.09786
   0.08314    0.03139    0.11484    0.10479    0.04137    0.07244    0.08197    0.84426    0.01372    0.05605    0.54167    0.10590    0.04755    0.01824    0.11789    0.09068    0.06558    0.05443    0.12099    0.09786
   0.01027    0.03139    0.11484    0.07361    0.04137    0.11585    0.02991    0.05036    0.01372    0.06402    0.62500    0.05549    0.04755    0.01824    0.11789    0.03939    0.06558    0.08390    0.09923    0.09786
   0.04917    0.03139    0.11484    0.07361    0.04137    0.05421    0.02991    0.49487    0.07762    0.06402    0.70833    0.05549    0.04755    0.01824    0.11789    0.09068    0.06558    0.05129    0.12099    0.09786
   0.03008    0.03139    0.11484    0.07361    0.03499    0.05421    0.02991    0.54167    0.01372    0.06402    0.79167    0.05549    0.01705    0.01824    0.11789    0.09068    0.06558    0.05108    0.12099    0.09786
   0.03008    0.03139    0.11484    0.16848    0.03499    0.03925    0.02991    0.54167    0.01372    0.06402    0.87500    0.04085    0.08232    0.01824    0.11789    0.15213    0.06558    0.05553    0.11226    0.09786
   0.03008    0.03139    0.11484    0.02418    0.01361    0.05421    0.16854    0.53153    0.01372    0.06402    0.95833    0.05549    0.04755    0.01824    0.11789    0.09068    0.06558    0.05506    0.03753    0.09786
   0.03008    0.16719    0.11484    0.07361    0.03499    0.05421    0.02991    0.70876    0.00549    0.06402    0.02267    0.05549    0.04755    0.01824    0.11789    0.09068    0.06558    0.05108    0.11226    0.13993
   0.03008    0.09791    0.11484    0.07361    0.03499    0.05421    0.02991    0.54167    0.01372    0.06402    0.08864    0.05549    0.04755    0.33863    0.11789    0.09068    0.06558    0.05108    0.08378    0.09786
   0.03008    0.03139    0.11484    0.07361    0.03499    0.01519    0.02991    0.54167    0.01372    0.07143    0.02598    0.00162    0.04755    0.01461    0.05768    0.09068    0.06558    0.05673    0.08378    0.08993
   0.03008    0.03139    0.09458    0.07361    0.03499    0.05421    0.02991    0.54167    0.00750    0.06402    0.15520    0.05549    0.04755    0.00278    0.11789    0.18158    0.06558    0.05108    0.08378    0.05045
   0.02221    0.03139    0.10383    0.05772    0.03499    0.05421    0.02991    0.59923    0.10162    0.06402    0.18011    0.07438    0.05660    0.01824    0.11789    0.09068    0.06468    0.04167    0.08378    0.04188
   0.02894    0.08939    0.11484    0.05772    0.03499    0.05421    0.00606    0.59923    0.00750    0.06402    0.00019    0.05549    0.05660    0.01824    0.10169    0.09068    0.06468    0.12500    0.08378    0.08993
   0.02221    0.06052    0.11265    0.05772    0.03499    0.05421    0.00606    0.59923    0.00163    0.06402    0.04931    0.05549    0.05660    0.01824    0.10169    0.09068    0.06468    0.20833    0.08378    0.08009
   0.02221    0.04183    0.11265    0.05772    0.03499    0.05421    0.00606    0.60727    0.08980    0.06949    0.04931    0.05549    0.05660    0.01824    0.10169    0.09068    0.06468    0.29167    0.08378    0.08009
   0.02221    0.04183    0.11265    0.02337    0.11442    0.05421    0.00606    0.59923    0.00750    0.06402    0.17746    0.05549    0.07115    0.01824    0.09440    0.09068    0.06468    0.37500    0.08378    0.08009
   0.02221    0.04183    0.10990    0.07023    0.03499    0.05421    0.00606    0.59923    0.00750    0.06402    0.04305    0.04167    0.13317    0.17509    0.09248    0.09068    0.06468    0.45833    0.08378    0.08009
   0.02221    0.04183    0.10640    0.07023    0.03499    0.05421    0.00008    0.45973    0.03756    0.06402    0.06305    0.12500    0.11906    0.01824    0.09248    0.09068    0.06468    0.54167    0.08378    0.08009
   0.08314    0.04183    0.09668    0.07023    0.03499    0.05421    0.00606    0.45973    0.03756    0.04167    0.04554    0.20833    0.07115    0.01824    0.09248    0.12714    0.06468    0.62500    0.08378    0.08009
   0.04044    0.04183    0.10640    0.07023    0.03499    0.05421    0.02612    0.45973    0.11364    0.12500    0.04554    0.29167    0.07115    0.23758    0.06737    0.09068    0.06468    0.70833    0.08378    0.13084
   0.02934    0.04183    0.10640    0.07023    0.03499    0.05421    0.00606    0.45973    0.03756    0.20833    0.04554    0.37500    0.07115    0.18301    0.09248    0.09068    0.06468    0.79167    0.08378    0.08009
   0.02221    0.03606    0.10640    0.05902    0.03499    0.15883    0.00606    0.45973    0.03756    0.29167    0.01347    0.45833    0.07115    0.05568    0.09248    0.09068    0.04167    0.87500    0.08378    0.09186
   0.02221    0.03606    0.10162    0.09197    0.04718    0.05421    0.00606    0.58393    0.03756    0.37500    0.00762    0.54167    0.07115    0.05568    0.09248    0.09068    0.12500    0.95833    0.08378    0.08009
   0.02559    0.03606    0.04167    0.07023    0.04718    0.05421    0.00606    0.45973    0.03756    0.45833    0.07326    0.62500    0.06322    0.05568    0.09248    0.09068    0.20833    0.78076    0.08378    0.08009
   0.02752    0.03606    0.12500    0.07023    0.07086    0.05421    0.00291    0.45973    0.03756    0.54167    0.04554    0.70833    0.10461    0.05568    0.09248    0.09859    0.29167    0.04877    0.08378    0.08009
   0.02752    0.03606    0.20833    0.07023    0.04718    0.01763    0.00291    0.53353    0.03756    0.62500    0.04554    0.79167    0.06322    0.05568    0.08225    0.09859    0.37500    0.29167    0.08378    0.08009
   0.02752    0.03606    0.29167    0.07023    0.04718    0.05421    0.06099    0.50935    0.03756    0.70833    0.08243    0.87500    0.06322    0.05568    0.08225    0.00335    0.45833    0.32945    0.10063    0.08009
   0.02752    0.03606    0.37500    0.07023    0.04718    0.07024    0.00291    0.53353    0.03756    0.79167    0.08243    0.95833    0.06322    0.02218    0.08225    0.09859    0.54167    0.32945    0.07434    0.08009
   0.02752    0.01134    0.45833    0.07023    0.04718    0.07024    0.00291    0.53353    0.03756    0.87500    0.08243    0.95743    0.06322    0.05568    0.08225    0.08003    0.62500    0.63319    0.07434    0.07861
   0.02752    0.03606    0.54167    0.07023    0.04718    0.07024    0.00291    0.59377    0.03756    0.95833    0.08243    0.74028    0.06322    0.00132    0.08225    0.08003    0.70833    0.32945    0.07434    0.07861
   0.02752    0.03606    0.62500    0.08620    0.04718    0.07024    0.00291    0.55873    0.03756    0.23129    0.08243    0.47930    0.06322    0.02911    0.08225    0.08003    0.79167    0.32945    0.07434    0.07861
   0.02752    0.06147    0.70833    0.07023    0.04718    0.07024    0.00291    0.53353    0.03756    0.02622    0.19560    0.97575    0.06322    0.02911    0.08225    0.08003    0.87500    0.32945    0.07434    0.07861
   0.02752    0.03606    0.79167    0.07023    0.04718    0.07024    0.00291    0.53353    0.03756    0.02252    0.08243    0.70833    0.06322    0.17201    0.08225    0.08003    0.95833    0.32945    0.07434    0.07861
   0.03682    0.03606    0.87500    0.07023    0.04718    0.07024    0.00291    0.53353    0.03756    0.00897    0.08243    0.70833    0.06322    0.02911    0.08225    0.08003    0.01872    0.32945    0.07434    0.07861
   0.02752    0.03606    0.95833    0.07023    0.04718    0.07024    0.05882    0.53353    0.06781    0.00897    0.08243    0.76694    0.06781    0.02911    0.08225    0.08003    0.05351    0.32945    0.07434    0.07861
   0.04167    0.03606    0.96319    0.07023    0.04718    0.07024    0.06063    0.53353    0.06781    0.00897    0.08243    0.74592    0.06322    0.20347    0.08225    0.04410    0.02264    0.16094    0.07434    0.07861
   0.12500    0.03606    0.89368    0.07023    0.04718    0.07024    0.03024    0.52724    0.06781    0.00897    0.08243    0.84049    0.06322    0.02911    0.08225    0.08003    0.04167    0.37862    0.07434    0.07861
   0.20833    0.03606    0.62500    0.07023    0.04718    0.07024    0.03024    0.51046    0.06781    0.00897    0.08243    0.70833    0.06322    0.02911    0.07497    0.08003    0.04167    0.32945    0.07434    0.07861
   0.29167    0.03762    0.62500    0.07023    0.04167    0.07024    0.03024    0.52724    0.06781    0.00897    0.08243    0.70833    0.06417    0.02911    0.04167    0.08003    0.39532    0.30903    0.04167    0.07861
   0.37500    0.03762    0.99824    0.04167    0.12500    0.07024    0.03024    0.52724    0.06781    0.00897    0.05955    0.70833    0.04167    0.02911    0.12500    0.08003    0.00612    0.05462    0.12500    0.07861
   0.45833    0.03762    0.62500    0.12500    0.20833    0.07024    0.03024    0.54129    0.06781    0.00897    0.05955    0.67845    0.12500    0.08860    0.20833    0.09125    0.39353    0.18526    0.20833    0.07861
   0.54167    0.03762    0.62500    0.20833    0.29167    0.07024    0.03024    0.52724    0.06781    0.00897    0.08598    0.70833    0.20833    0.02911    0.29167    0.14408    0.04167    0.18526    0.29167    0.04167
   0.62500    0.03762    0.62500    0.29167    0.37500    0.04167    0.03024    0.54557    0.03378    0.00897    0.05298    0.70833    0.29167    0.02911    0.37500    0.08003    0.04167    0.18526    0.37500    0.12500
   0.70833    0.03762    0.00672    0.37500    0.45833    0.12500    0.03024    0.52724    0.06781    0.00897    0.05298    0.68239    0.37500    0.02911    0.45833    0.08003    0.12798    0.18526    0.45833    0.20833
   0.79167    0.03762    0.62500    0.45833    0.54167    0.20833    0.03024    0.52724    0.06781    0.00897    0.05298    0.68239    0.45833    0.02911    0.54167    0.08003    0.12798    0.05299    0.54167    0.29167
   0.87500    0.03762    0.62500    0.54167    0.62500    0.29167    0.03024    0.52724    0.06781    0.00579    0.05298    0.68239    0.54167    0.02911    0.62500    0.08003    0.21108    0.18526    0.62500    0.37500
   0.95833    0.03762    0.62500    0.62500    0.70833    0.37500    0.03024    0.52724    0.06781    0.46020    0.05298    0.68239    0.62500    0.02911    0.70833    0.08003    0.01965    0.18526    0.70833    0.45833
   0.84114    0.03762    0.29405    0.70833    0.79167    0.45833    0.03024    0.52724    0.06781    0.00579    0.05298    0.68239    0.70833    0.02911    0.79167    0.08003    0.03592    0.18526    0.79167    0.54167
   0.18750    0.03762    0.37510    0.79167    0.87500    0.54167    0.04260    0.52724    0.06257    0.00579    0.06652    0.68239    0.79167    0.13085    0.87500    0.08003    0.12798    0.18526    0.87500    0.62500
   0.29167    0.04474    0.37510    0.87500    0.95833    0.62500    0.04260    0.52724    0.06781    0.00579    0.05298    0.68239    0.87500    0.06700    0.95833    0.03336    0.12798    0.18526    0.95833    0.70833
   0.29167    0.04474    0.25785    0.95833    0.10969    0.70833    0.07737    0.52724    0.10119    0.00579    0.05298    0.68239    0.95833    0.04875    0.06153    0.08003    0.12798    0.18526    0.15636    0.79167
   0.49693    0.04474    0.27986    0.15350    0.11018    0.79167    0.04260    0.53630    0.05288    0.27427    0.05298    0.68239    0.40014    0.04875    0.00334    0.06245    0.12798    0.59806    0.08525    0.87500
   0.60137    0.04474    0.25785    0.01752    0.12500    0.87500    0.04260    0.52724    0.06025    0.00579    0.15684    0.68239    0.04167    0.04875    0.20833    0.06245    0.09874    0.18526    0.00333    0.95833
   0.29167    0.04474    0.02472    0.04167    0.05479    0.95833    0.04260    0.52724    0.06025    0.00579    0.05298    0.68239    0.04167    0.08976    0.20833    0.04506    0.09874    0.18526    0.04680    0.10755
   0.29167    0.04474    0.25785    0.04167    0.12500    0.22871    0.04260    0.04167    0.06025    0.00579    0.04673    0.68239    0.00186    0.04875    0.20833    0.06245    0.09874    0.18526    0.08525    0.12500
   0.06909    0.04474    0.25785    0.04167    0.03075    0.11226    0.04260    0.12500    0.06025    0.00579    0.04673    0.68239    0.04167    0.04875    0.20833    0.06245    0.09874    0.18526    0.08525    0.01220
   0.06909    0.04474    0.25785    0.04167    0.12500    0.30728    0.04260    0.20833    0.04167    0.00579    0.04673    0.48258    0.05807    0.04875    0.20833    0.06245    0.09874    0.18526    0.20613    0.01220
   0.20070    0.04474    0.25785    0.10551    0.02028    0.20833    0.04260    0.29167    0.12500    0.00579    0.04673    0.84431    0.20843    0.04875    0.20833    0.04167    0.09874    0.18526    0.08525    0.01220
   0.00054    0.04167    0.25785    0.07436    0.40891    0.20833    0.04260    0.37500    0.20833    0.00579    0.04673    0.68239    0.09330    0.04875    0.20833    0.12500    0.21211    0.18526    0.08525    0.01220
   0.06909    0.12500    0.25785    0.33921    0.12500    0.20833    0.04260    0.45833    0.29167    0.00579    0.04673    0.68239    0.04167    0.04875    0.63165    0.20833    0.09874    0.18526    0.08525    0.01220
   0.06909    0.20833    0.13099    0.22289    0.12500    0.20833    0.04260    0.54167    0.37500    0.00579    0.04673    0.68239    0.08709    0.04875    0.20833    0.29167    0.09874    0.18526    0.08525    0.01220
   0.06909    0.29167    0.13099    0.10551    0.12500    0.20833    0.04260    0.62500    0.45833    0.00579    0.04673    0.74270    0.04167    0.04875    0.20833    0.37500    0.09874    0.18526    0.08525    0.01220
