   0.62500    0.62500    0.45833    0.37500    0.45833    0.37500    0.04167    0.62500    0.37500    0.62500    0.95833    0.54167    0.87500    0.87500    0.04167    0.45833    0.37500    0.29167    0.70833    0.70833
   0.79167    0.95833    0.12500    0.70833    0.29167    0.29167    0.54167    0.70833    0.95833    0.20833    0.37500    0.12500    0.45833    0.54167    0.20833    0.87500    0.45833    0.12500    0.12500    0.79167
   0.54167    0.79167    0.29167    0.12500    0.04167    0.04167    0.62500    0.12500    0.12500    0.54167    0.79167    0.04167    0.29167    0.79167    0.54167    0.70833    0.29167    0.37500    0.54167    0.45833
   0.87500    0.29167    0.79167    0.45833    0.37500    0.20833    0.87500    0.45833    0.20833    0.70833    0.12500    0.37500    0.37500    0.37500    0.87500    0.37500    0.12500    0.04167    0.79167    0.87500
   0.95833    0.54167    0.37500    0.95833    0.79167    0.54167    0.70833    0.20833    0.29167    0.95833    0.45833    0.79167    0.20833    0.95833    0.62500    0.20833    0.79167    0.79167    0.04167    0.04167
   0.29167    0.87500    0.04167    0.79167    0.87500    0.87500    0.79167    0.04167    0.54167    0.12500    0.29167    0.29167    0.95833    0.70833    0.29167    0.04167    0.04167    0.54167    0.62500    0.62500
   0.70833    0.12500    0.95833    0.20833    0.12500    0.12500    0.20833    0.95833    0.45833    0.87500    0.70833    0.70833    0.04167    0.29167    0.70833    0.95833    0.95833    0.45833    0.37500    0.37500
   0.04167    0.45833    0.62500    0.04167    0.20833    0.45833    0.29167    0.79167    0.70833    0.04167    0.54167    0.20833    0.79167    0.04167    0.37500    0.79167    0.20833    0.20833    0.95833    0.95833
   0.12500    0.70833    0.20833    0.54167    0.62500    0.79167    0.12500    0.54167    0.79167    0.29167    0.87500    0.62500    0.62500    0.62500    0.12500    0.62500    0.87500    0.95833    0.20833    0.12500
   0.45833    0.20833    0.70833    0.87500    0.95833    0.95833    0.37500    0.87500    0.87500    0.45833    0.20833    0.95833    0.70833    0.20833    0.45833    0.29167    0.70833    0.62500    0.45833    0.54167
   0.20833    0.04167    0.87500    0.29167    0.70833    0.70833    0.45833    0.29167    0.04167    0.79167    0.62500    0.87500    0.54167    0.45833    0.79167    0.12500    0.54167    0.87500    0.87500    0.20833
   0.37500    0.37500    0.54167    0.62500    0.54167    0.62500    0.95833    0.37500    0.62500    0.37500    0.04167    0.45833    0.12500    0.12500    0.95833    0.54167    0.62500    0.70833    0.29167    0.29167
   0.24361    0.07041    0.98582    0.08661    0.40665    0.86365    0.48586    0.02536    0.62355    0.03740    0.05983    0.00406    0.09192    0.96557    0.88484    0.08373    0.87275    0.01777    0.59702    0.06386
   0.62244    0.03989    0.45833    0.44226    0.58362    0.14890    0.69543    0.41977    0.01802    0.97290    0.05032    0.58808    0.29371    0.06165    0.48400    0.31058    0.44646    0.09875    0.38028    0.56140
   0.20833    0.50731    0.11505    0.61459    0.40665    0.63200    0.34445    0.32491    0.01287    0.85788    0.29167    0.30012    0.53460    0.53532    0.32204    0.29167    0.34198    0.27642    0.24774    0.02581
   0.06666    0.31381    0.54882    0.51581    0.55831    0.37500    0.69543    0.45833    0.36369    0.73529    0.29167    0.37195    0.10800    0.63894    0.32204    0.29167    0.34198    0.26217    0.54167    0.27624
   0.89772    0.29167    0.94465    0.44226    0.09963    0.46103    0.81762    0.63086    0.04385    0.52936    0.70969    0.30012    0.27923    0.82801    0.13426    0.33717    0.59117    0.47584    0.31657    0.53041
   0.55995    0.09453    0.63534    0.49870    0.40665    0.52273    0.24298    0.51130    0.34995    0.59342    0.01433    0.04680    0.29167    0.27313    0.74314    0.62245    0.61729    0.37500    0.48215    0.26673
   0.36346    0.55099    0.45833    0.44226    0.40665    0.44173    0.70820    0.45833    0.25687    0.61485    0.40567    0.41420    0.29167    0.56747    0.25302    0.00678    0.24716    0.37500    0.48215    0.26673
   0.28798    0.43614    0.45833    0.44226    0.40665    0.27901    0.64295    0.51353    0.29472    0.61485    0.29167    0.34033    0.29167    0.53785    0.38834    0.29167    0.34198    0.40524    0.48215    0.21604
   0.50207    0.45254    0.46174    0.85823    0.40665    0.47376    0.69321    0.14692    0.64422    0.54614    0.38509    0.13893    0.55926    0.53785    0.38834    0.38161    0.46435    0.48530    0.72930    0.26673
   0.17118    0.45254    0.74935    0.60997    0.40665    0.45365    0.57601    0.70368    0.24055    0.25851    0.29167    0.34033    0.29167    0.76087    0.38834    0.39700    0.17849    0.54758    0.56432    0.28762
   0.20833    0.42080    0.45833    0.23569    0.40665    0.50976    0.43613    0.51353    0.29472    0.57610    0.22261    0.34033    0.22855    0.39679    0.38834    0.35015    0.34198    0.39960    0.48215    0.11618
   0.21323    0.45254    0.45833    0.54729    0.40665    0.50976    0.59591    0.51353    0.26184    0.57610    0.29167    0.34033    0.29167    0.34424    0.43961    0.33030    0.34198    0.40009    0.45339    0.41899
   0.33196    0.65494    0.63703    0.32679    0.86246    0.50976    0.94640    0.67199    0.29967    0.66393    0.06468    0.34033    0.44614    0.18164    0.43961    0.29167    0.13378    0.37500    0.25204    0.35756
   0.44322    0.45254    0.38199    0.44226    0.31805    0.50976    0.40046    0.94786    0.48235    0.57610    0.69181    0.42487    0.35061    0.50612    0.49192    0.29167    0.34198    0.46499    0.15994    0.28762
   0.20833    0.45254    0.32030    0.44226    0.40665    0.50976    0.56211    0.38068    0.29472    0.57610    0.29167    0.34033    0.38710    0.39679    0.67012    0.29167    0.34198    0.42259    0.45339    0.28762
   0.16683    0.45254    0.57263    0.44226    0.40665    0.43856    0.54283    0.51353    0.32932    0.57610    0.29167    0.34033    0.38710    0.42943    0.49192    0.23810    0.33705    0.43060    0.45339    0.32638
   0.14337    0.12807    0.45833    0.24212    0.40665    0.82516    0.54283    0.72780    0.29472    0.99289    0.29167    0.09117    0.24835    0.41825    0.49192    0.59417    0.68536    0.35831    0.49622    0.37254
   0.20833    0.45117    0.45833    0.44792    0.40665    0.50976    0.54283    0.51353    0.31912    0.31059    0.29167    0.56990    0.46826    0.80785    0.55260    0.29167    0.27447    0.40317    0.24913    0.43688
   0.20833    0.45254    0.52896    0.38803    0.40665    0.50976    0.54283    0.44028    0.29472    0.57610    0.29167    0.56990    0.38710    0.48435    0.59064    0.32767    0.31007    0.44488    0.45339    0.37254
   0.23712    0.45254    0.47195    0.44226    0.40665    0.50976    0.54283    0.44028    0.29472    0.57610    0.29167    0.56990    0.38710    0.45947    0.53080    0.33631    0.37306    0.50098    0.44399    0.39574
   0.41683    0.53648    0.50190    0.53320    0.65904    0.62313    0.21456    0.27039    0.30276    0.35961    0.21667    0.56990    0.38710    0.42205    0.72017    0.29167    0.33705    0.44488    0.86467    0.41308
   0.23712    0.27011    0.59214    0.44226    0.40665    0.26937    0.59155    0.18558    0.01907    0.37275    0.29167    0.56990    0.38710    0.42943    0.53080    0.35524    0.33266    0.44488    0.02410    0.39574
   0.23712    0.50825    0.50190    0.44226    0.40665    0.52828    0.54283    0.44028    0.30276    0.45063    0.29167    0.56053    0.38710    0.43640    0.55070    0.32412    0.33705    0.44488    0.38984    0.43298
   0.23712    0.45254    0.50190    0.44226    0.40665    0.50976    0.54283    0.44028    0.30276    0.45063    0.35265    0.56990    0.38710    0.44171    0.53080    0.32412    0.34293    0.44488    0.44399    0.39574
   0.23712    0.18755    0.33752    0.37094    0.40665    0.50976    0.58769    0.64908    0.30276    0.45063    0.35862    0.56990    0.74285    0.43640    0.53080    0.27499    0.29088    0.34630    0.44399    0.42742
   0.23712    0.42818    0.50190    0.44652    0.40665    0.57149    0.26945    0.29194    0.34435    0.45063    0.38624    0.56990    0.09410    0.43640    0.53080    0.32412    0.33961    0.51384    0.44399    0.50018
   0.13992    0.51254    0.45800    0.44652    0.40665    0.50976    0.66612    0.44028    0.30276    0.45063    0.35265    0.52098    0.38710    0.43640    0.49291    0.25480    0.33180    0.44488    0.44399    0.38431
   0.28068    0.43888    0.45800    0.44652    0.40665    0.49581    0.54283    0.43457    0.30276    0.45063    0.35265    0.55862    0.38710    0.43640    0.53080    0.37457    0.33180    0.39431    0.44399    0.43847
   0.40780    0.61398    0.27827    0.57005    0.79587    0.33936    0.71382    0.04942    0.35969    0.05222    0.04434    0.19291    0.38710    0.43640    0.26672    0.39646    0.38817    0.44488    0.44399    0.43275
   0.23712    0.43888    0.35553    0.44652    0.01243    0.47210    0.54283    0.24902    0.17088    0.45063    0.20682    0.79303    0.17096    0.43640    0.32981    0.32412    0.38817    0.48410    0.60366    0.41134
   0.19602    0.43888    0.45800    0.44652    0.45919    0.47210    0.54283    0.44028    0.44173    0.45063    0.35265    0.50135    0.42182    0.43640    0.53250    0.28498    0.38817    0.42908    0.44399    0.39574
   0.23712    0.42364    0.45800    0.44652    0.38049    0.47210    0.54846    0.44028    0.36007    0.45063    0.35120    0.50135    0.38710    0.43640    0.53080    0.35802    0.38817    0.45643    0.44399    0.39574
   0.23267    0.43888    0.53840    0.51878    0.29331    0.47210    0.54283    0.37697    0.32096    0.45063    0.37427    0.50135    0.25780    0.55472    0.53080    0.33074    0.27101    0.44488    0.37884    0.47474
   0.26143    0.43888    0.42818    0.37785    0.61644    0.47210    0.46344    0.44028    0.57311    0.45063    0.25989    0.50135    0.38710    0.43640    0.53080    0.32412    0.48673    0.46090    0.38406    0.33899
   0.25619    0.46532    0.45800    0.45044    0.40665    0.47210    0.49717    0.44028    0.36007    0.45063    0.35265    0.50135    0.40421    0.43640    0.50736    0.32412    0.38817    0.44488    0.44399    0.39574
   0.25619    0.46082    0.45800    0.41848    0.40665    0.47210    0.54283    0.44028    0.39747    0.45063    0.30779    0.50135    0.40421    0.43640    0.50736    0.32412    0.38817    0.44488    0.44399    0.39574
   0.25619    0.28667    0.55054    0.40285    0.67013    0.47210    0.54283    0.85388    0.36007    0.83156    0.36282    0.50135    0.10986    0.43640    0.50736    0.32412    0.50590    0.44488    0.44399    0.39574
   0.25619    0.46082    0.43920    0.40285    0.26276    0.47210    0.54283    0.44028    0.35902    0.23298    0.34328    0.43016    0.32552    0.43640    0.50736    0.32412    0.38817    0.44488    0.44399    0.39574
   0.22893    0.46082    0.38626    0.37969    0.43802    0.50332    0.54283    0.44028    0.38958    0.45063    0.37467    0.48152    0.40421    0.43640    0.50691    0.32412    0.38817    0.44488    0.44399    0.39574
   0.25619    0.49106    0.38626    0.35099    0.40665    0.46137    0.53300    0.44028    0.38958    0.48318    0.36190    0.48152    0.40421    0.43640    0.49989    0.32412    0.38817    0.44488    0.44399    0.39574
   0.25619    0.46082    0.38626    0.37969    0.40665    0.40072    0.53300    0.03656    0.37822    0.99991    0.38763    0.98349    0.63519    0.34454    0.46545    0.32412    0.38817    0.45584    0.44399    0.41726
   0.38973    0.62051    0.38626    0.37969    0.40665    0.28192    0.49676    0.70778    0.38958    0.66693    0.33248    0.48152    0.40421    0.43640    0.47564    0.31374    0.36528    0.44488    0.43049    0.40379
   0.25619    0.46082    0.38626    0.37969    0.40665    0.41996    0.48005    0.44028    0.38958    0.45063    0.36190    0.48152    0.40421    0.43463    0.46545    0.31365    0.38817    0.44488    0.44399    0.39574
   0.25619    0.46082    0.42468    0.38855    0.40190    0.41948    0.44523    0.44028    0.37077    0.45063    0.33874    0.48152    0.40421    0.43463    0.46545    0.31579    0.37191    0.44488    0.43569    0.39719
   0.36111    0.47434    0.42468    0.42718    0.40665    0.40072    0.32348    0.44028    0.31284    0.84575    0.35828    0.48152    0.55531    0.61444    0.46545    0.30761    0.46243    0.44488    0.43569    0.39719
   0.22064    0.46082    0.42468    0.35691    0.40665    0.44236    0.44523    0.44028    0.34574    0.55403    0.39697    0.42793    0.29009    0.43463    0.46287    0.31365    0.37854    0.44488    0.43569    0.39719
   0.22064    0.46082    0.42468    0.38855    0.40665    0.40072    0.44523    0.44028    0.37077    0.45063    0.36943    0.48152    0.39764    0.45683    0.46481    0.30777    0.38817    0.44488    0.43569    0.39719
   0.26001    0.46082    0.42468    0.38855    0.40665    0.37220    0.44523    0.44028    0.37077    0.45063    0.36979    0.44815    0.40410    0.43463    0.46677    0.31365    0.38817    0.44488    0.43569    0.39961
   0.26001    0.53710    0.47006    0.38855    0.52594    0.40072    0.41542    0.38007    0.37077    0.45063    0.36190    0.04282    0.43284    0.43463    0.45993    0.29345    0.38817    0.43910    0.43569    0.39719
   0.26001    0.46082    0.38476    0.38855    0.28475    0.40072    0.40393    0.44028    0.37077    0.44193    0.38436    0.44815    0.40410    0.43463    0.45771    0.31839    0.38817    0.43910    0.43569    0.39614
   0.26001    0.46082    0.41507    0.38855    0.45811    0.40072    0.43744    0.44028    0.37077    0.45063    0.34945    0.44815    0.40410    0.43463    0.45175    0.31839    0.38915    0.43239    0.43778    0.39640
   0.26001    0.46082    0.41507    0.38855    0.41677    0.39844    0.43744    0.44028    0.37077    0.45063    0.34945    0.44815    0.40410    0.43463    0.43815    0.31379    0.38817    0.43239    0.43569    0.39640
   0.26001    0.39884    0.41507    0.38855    0.40665    0.42952    0.43744    0.44028    0.37077    0.21443    0.34945    0.23575    0.40410    0.43463    0.43815    0.32974    0.38817    0.43239    0.47951    0.39640
   0.29026    0.46082    0.41507    0.38855    0.45266    0.39844    0.43744    0.55690    0.23885    0.58143    0.34945    0.12729    0.40410    0.43463    0.41458    0.33574    0.38817    0.43239    0.43569    0.39640
   0.30649    0.46082    0.39811    0.38855    0.41557    0.39844    0.43744    0.38298    0.41610    0.45063    0.35356    0.44815    0.40410    0.43463    0.41458    0.31839    0.38817    0.43230    0.43857    0.04167
   0.23381    0.45871    0.39811    0.39177    0.40665    0.39844    0.43744    0.47158    0.37975    0.45063    0.35328    0.44815    0.40410    0.43463    0.40971    0.31839    0.38817    0.43230    0.43569    0.87500
   0.18718    0.38388    0.39811    0.40240    0.40665    0.43941    0.43744    0.44028    0.43685    0.68039    0.34945    0.10186    0.40410    0.58202    0.36782    0.31839    0.36473    0.29167    0.43569    0.79167
   0.38095    0.45871    0.37882    0.40630    0.40665    0.40869    0.41111    0.44028    0.39205    0.34754    0.34945    0.28738    0.40410    0.43463    0.41458    0.31949    0.38817    0.04167    0.43569    0.54167
   0.25875    0.45871    0.39811    0.39702    0.40665    0.40869    0.43239    0.44028    0.39205    0.45063    0.34945    0.39717    0.40410    0.41719    0.41301    0.32761    0.38817    0.20833    0.43077    0.70833
   0.25875    0.46015    0.39811    0.39250    0.41103    0.40620    0.41666    0.44028    0.38757    0.45063    0.35220    0.44815    0.40410    0.42869    0.41458    0.31949    0.39055    0.37500    0.43077    0.62500
   0.10539    0.45871    0.37246    0.39169    0.40665    0.38642    0.41666    0.44028    0.41896    0.45063    0.34945    0.44815    0.40410    0.47635    0.41458    0.31792    0.40217    0.87500    0.43077    0.37500
   0.25875    0.45871    0.39811    0.39587    0.40665    0.40620    0.41666    0.44028    0.41335    0.37795    0.79167    0.37819    0.40410    0.43463    0.41458    0.32654    0.39643    0.54167    0.43077    0.29167
   0.25875    0.45871    0.39612    0.39250    0.40665    0.39728    0.41666    0.44028    0.38757    0.42485    0.95833    0.44815    0.40410    0.43463    0.41458    0.32654    0.39055    0.45833    0.42720    0.45833
   0.25875    0.45871    0.39811    0.39250    0.41336    0.40618    0.41666    0.44028    0.38216    0.44046    0.45833    0.44815    0.40410    0.43463    0.40867    0.32654    0.39306    0.12500    0.43077    0.20833
   0.25875    0.45871    0.39714    0.20833    0.42986    0.40618    0.34647    0.44028    0.38757    0.44046    0.70833    0.44815    0.47025    0.40723    0.41458    0.33160    0.40082    0.62500    0.43077    0.12500
   0.25875    0.44990    0.36508    0.54167    0.41336    0.40618    0.41666    0.44028    0.38757    0.44046    0.37500    0.27814    0.37607    0.40723    0.41458    0.32654    0.39306    0.79167    0.43077    0.95833
   0.25875    0.44990    0.41071    0.62500    0.41336    0.39821    0.42567    0.44028    0.38757    0.42165    0.87500    0.44815    0.40410    0.40723    0.40156    0.32654    0.39306    0.95833    0.42781    0.00572
   0.25875    0.44990    0.39811    0.70833    0.40830    0.40070    0.42156    0.42215    0.38757    0.42817    0.12500    0.44815    0.40410    0.38576    0.42638    0.34245    0.39306    0.70833    0.42753    0.47721
   0.25875    0.44990    0.39811    0.12500    0.40830    0.40070    0.42156    0.40787    0.36038    0.42817    0.62500    0.40191    0.40410    0.40723    0.41458    0.33401    0.62500    0.10286    0.42781    0.06697
   0.25875    0.45194    0.39594    0.95833    0.40830    0.40070    0.43097    0.47834    0.38757    0.42817    0.29167    0.20629    0.40410    0.40723    0.42335    0.33401    0.87500    0.56579    0.42781    0.29093
   0.25875    0.44990    0.39811    0.04167    0.40830    0.40212    0.42156    0.42627    0.38757    0.42817    0.54167    0.44815    0.40410    0.37999    0.41458    0.33401    0.20833    0.20537    0.54167    0.29093
   0.25875    0.44990    0.39811    0.87500    0.40830    0.40070    0.42718    0.44028    0.38927    0.42817    0.04167    0.44446    0.40410    0.40723    0.41458    0.33401    0.45833    0.29646    0.70833    0.66071
   0.22176    0.45490    0.40731    0.29167    0.38265    0.39034    0.42156    0.43636    0.40695    0.58352    0.20833    0.44446    0.40410    0.40723    0.41458    0.33401    0.70833    0.09757    0.62500    0.29093
   0.29626    0.45051    0.39811    0.37500    0.40830    0.40070    0.42156    0.44028    0.38927    0.41009    0.01076    0.44446    0.40410    0.40723    0.40849    0.38287    0.95833    0.05458    0.79167    0.29093
   0.25875    0.44525    0.39811    0.45833    0.40830    0.39957    0.42156    0.44028    0.38927    0.42817    0.20153    0.41490    0.40410    0.40723    0.41458    0.38287    0.04167    0.13250    0.87500    0.21951
   0.25875    0.43710    0.39811    0.79167    0.40830    0.40070    0.42156    0.43242    0.38927    0.42817    0.08762    0.44446    0.40410    0.42079    0.20833    0.40467    0.29167    0.29646    0.04167    0.39435
   0.22038    0.42765    0.29167    0.94731    0.40830    0.40514    0.42156    0.43242    0.38927    0.47167    0.34288    0.44446    0.40747    0.40723    0.37500    0.26115    0.54167    0.54719    0.95833    0.29093
   0.25875    0.42765    0.87500    0.09243    0.40830    0.40070    0.42156    0.39364    0.38927    0.42817    0.52260    0.44446    0.39942    0.41951    0.29167    0.38287    0.79167    0.29646    0.12500    0.29093
   0.25875    0.42765    0.20833    0.77394    0.54167    0.39631    0.42156    0.43242    0.38927    0.42817    0.31445    0.43235    0.41348    0.42381    0.95833    0.38287    0.12500    0.38598    0.20833    0.29093
   0.25875    0.42266    0.04167    0.62500    0.12500    0.39631    0.42156    0.43242    0.38927    0.42817    0.25630    0.43235    0.40410    0.41576    0.54167    0.38287    0.37500    0.38598    0.37500    0.40309
   0.25875    0.41363    0.45833    0.34941    0.62500    0.39631    0.42156    0.50107    0.37391    0.42432    0.27874    0.83756    0.40256    0.41576    0.87500    0.54102    0.00734    0.38585    0.29167    0.30553
   0.25875    0.42765    0.37500    0.34941    0.04167    0.39631    0.42156    0.42050    0.38927    0.42817    0.36592    0.43235    0.40410    0.40808    0.12500    0.31574    0.74539    0.38598    0.45833    0.30054
   0.25875    0.29167    0.62500    0.42755    0.20833    0.39631    0.20833    0.42398    0.37217    0.42817    0.31445    0.43235    0.40347    0.41576    0.45833    0.38287    0.45833    0.58575    0.32057    0.10508
   0.25875    0.12500    0.54167    0.51607    0.70833    0.39410    0.45833    0.43242    0.38660    0.43716    0.35223    0.43235    0.40410    0.41117    0.04167    0.38287    0.57029    0.40565    0.28946    0.68465
   0.23518    0.54167    0.95833    0.42755    0.29167    0.20833    0.29167    0.43242    0.38660    0.42817    0.37967    0.64734    0.40410    0.41117    0.70833    0.28412    0.95169    0.42178    0.91703    0.44557
   0.25875    0.20833    0.79167    0.26927    0.79167    0.95833    0.37500    0.42310    0.38660    0.42817    0.70815    0.39623    0.40411    0.38809    0.62500    0.20833    0.46153    0.38598    0.69525    0.44557
   0.26245    0.04167    0.12500    0.51102    0.95833    0.12500    0.12500    0.43242    0.38660    0.43054    0.37967    0.38796    0.40410    0.41117    0.79167    0.70833    0.40822    0.38598    0.94876    0.42244
   0.25875    0.62500    0.70833    0.42755    0.37500    0.54167    0.04167    0.43242    0.38660    0.41989    0.37967    0.43235    0.40410    0.39862    0.17068    0.04167    0.41000    0.38598    0.91703    0.50144
   0.25875    0.37500    0.18507    0.57225    0.87500    0.29167    0.95833    0.43242    0.38660    0.36729    0.37967    0.21777    0.40410    0.39862    0.11178    0.45833    0.57881    0.25001    0.80576    0.44557
   0.25875    0.95833    0.17609    0.97696    0.45833    0.62500    0.87500    0.43242    0.38660    0.41989    0.81319    0.43235    0.45833    0.39862    0.29167    0.12500    0.61174    0.38598    0.80576    0.44557
   0.26068    0.79167    0.00190    0.44112    0.94864    0.37500    0.62500    0.42937    0.38407    0.41989    0.37967    0.43235    0.79167    0.39862    0.41236    0.62500    0.41000    0.47490    0.68133    0.78585
   0.25979    0.45833    0.56728    0.44112    0.33172    0.70833    0.70833    0.42937    0.38660    0.41989    0.37967    0.43235    0.87500    0.39862    0.01011    0.37500    0.41000    0.45813    0.80576    0.72570
   0.26720    0.87500    0.37568    0.17602    0.72362    0.45833    0.54167    0.42937    0.38660    0.45221    0.37967    0.58805    0.95833    0.36705    0.95030    0.87500    0.28686    0.38598    0.80576    0.56024
   0.54167    0.70833    0.42826    0.41308    0.72362    0.87500    0.79167    0.42937    0.45833    0.40316    0.37967    0.43235    0.29167    0.39862    0.56470    0.54167    0.56451    0.30019    0.80576    0.44557
   0.62500    0.35456    0.34156    0.44112    0.73536    0.04167    0.13541    0.42937    0.29167    0.41989    0.39923    0.43235    0.62500    0.40673    0.45587    0.95833    0.38256    0.38598    0.60976    0.44557
   0.70833    0.35456    0.30409    0.44112    0.72362    0.79167    0.69687    0.42822    0.79167    0.41989    0.40531    0.43235    0.37500    0.39862    0.60208    0.29167    0.41000    0.33107    0.80576    0.40615
   0.79167    0.35897    0.35497    0.86948    0.72362    0.44036    0.39215    0.44387    0.62500    0.35191    0.44006    0.43235    0.70833    0.39862    0.41236    0.79167    0.23442    0.31345    0.78410    0.44557
   0.95833    0.21159    0.16503    0.44112    0.66202    0.02075    0.39215    0.41536    0.87500    0.48024    0.05626    0.43235    0.04167    0.39862    0.51715    0.20311    0.54811    0.38598    0.78410    0.37734
   0.12500    0.71786    0.35573    0.44112    0.45578    0.44036    0.27964    0.41536    0.95833    0.41989    0.27190    0.43235    0.12500    0.39862    0.38922    0.02235    0.41000    0.38598    0.63409    0.30110
   0.87500    0.35456    0.31341    0.44112    0.16306    0.44036    0.39215    0.42026    0.04167    0.41989    0.48578    0.43235    0.20833    0.39862    0.21387    0.55981    0.41000    0.38321    0.26834    0.44557
   0.04167    0.36757    0.12427    0.54491    0.45578    0.50111    0.39215    0.41536    0.12500    0.45082    0.37967    0.31488    0.54167    0.39862    0.38922    0.20833    0.41000    0.38321    0.63409    0.49435
   0.20833    0.37947    0.35573    0.04296    0.45578    0.44036    0.39215    0.41536    0.37500    0.41989    0.37967    0.43235    0.62063    0.39862    0.36331    0.14624    0.41000    0.38321    0.63409    0.47273
   0.29167    0.16486    0.35707    0.44112    0.06749    0.50260    0.46616    0.42082    0.20833    0.41989    0.39005    0.43235    0.02779    0.39862    0.43942    0.20833    0.41000    0.38321    0.12649    0.58858
   0.37500    0.35456    0.35775    0.44112    0.45578    0.46676    0.81662    0.41907    0.70833    0.41989    0.44335    0.43235    0.57732    0.39862    0.51340    0.16745    0.40844    0.38321    0.63409    0.47273
   0.45833    0.35456    0.35707    0.44112    0.45578    0.50260    0.39215    0.41907    0.54167    0.41989    0.44335    0.49438    0.62063    0.04167    0.43169    0.20833    0.39732    0.38321    0.56625    0.47273
   0.95781    0.41910    0.57136    0.49774    0.36819    0.09555    0.31533    0.41907    0.04367    0.41989    0.51930    0.40301    0.87997    0.54167    0.41069    0.16907    0.42509    0.38321    0.55304    0.47273
   0.48768    0.35456    0.35707    0.44112    0.45578    0.62816    0.38035    0.41907    0.05930    0.41989    0.44335    0.41698    0.40018    0.87500    0.41069    0.32537    0.41000    0.38321    0.26007    0.27542
   0.49260    0.35456    0.35707    0.44112    0.54510    0.50131    0.20952    0.41907    0.21562    0.41989    0.44335    0.41698    0.40018    0.70833    0.33721    0.20833    0.41000    0.38321    0.58111    0.47273
   0.54167    0.28633    0.01625    0.44112    0.59015    0.60989    0.31533    0.41907    0.21704    0.41989    0.42551    0.40249    0.40018    0.20833    0.46581    0.20833    0.41000    0.38321    0.58111    0.47273
   0.14668    0.29864    0.35432    0.44112    0.45578    0.63798    0.31533    0.87500    0.60632    0.41989    0.61563    0.41698    0.40018    0.62500    0.46581    0.15075    0.41625    0.38321    0.60767    0.50805
   0.37576    0.28552    0.35707    0.44112    0.45578    0.50131    0.00514    0.45833    0.29167    0.41989    0.42551    0.41698    0.40018    0.37500    0.46581    0.03976    0.41166    0.38321    0.58111    0.47273
   0.40905    0.21413    0.35707    0.44112    0.45578    0.50131    0.31533    0.62500    0.29167    0.42586    0.42551    0.41698    0.40018    0.79167    0.59848    0.24945    0.41000    0.38321    0.52893    0.47273
   0.41392    0.30293    0.23134    0.44112    0.46821    0.77984    0.31533    0.29167    0.27732    0.41989    0.42551    0.41698    0.40018    0.29167    0.42688    0.32610    0.48191    0.38321    0.52642    0.47273
   0.44521    0.34264    0.35707    0.60545    0.46821    0.50131    0.35851    0.79167    0.29167    0.41989    0.69059    0.41289    0.27188    0.12500    0.43161    0.16122    0.35078    0.38321    0.52642    0.47273
   0.11132    0.25459    0.35707    0.42924    0.46821    0.50131    0.58113    0.95833    0.29167    0.41989    0.47059    0.41698    0.58575    0.45833    0.44458    0.29015    0.41000    0.38321    0.34687    0.44810
   0.49775    0.30293    0.35707    0.40686    0.46821    0.48091    0.77810    0.04167    0.29167    0.42228    0.42551    0.41698    0.40018    0.95833    0.43161    0.29015    0.39867    0.38321    0.34687    0.69679
   0.45073    0.30293    0.59787    0.32026    0.46821    0.48091    0.35851    0.20833    0.29167    0.41989    0.42551    0.41698    0.40018    0.39796    0.43161    0.29015    0.40404    0.38321    0.47616    0.47273
   0.39036    0.30293    0.35707    0.35663    0.46821    0.46764    0.35851    0.70833    0.35280    0.41989    0.42551    0.43799    0.52229    0.56384    0.43161    0.28376    0.41000    0.38321    0.43697    0.47273
   0.40905    0.30293    0.35707    0.44112    0.51623    0.42045    0.35851    0.37500    0.47133    0.41989    0.42551    0.41698    0.28270    0.57485    0.43161    0.23654    0.40068    0.38321    0.43697    0.45769
   0.44350    0.32844    0.35707    0.44539    0.46821    0.48091    0.35851    0.54167    0.32282    0.41989    0.42551    0.41698    0.40018    0.50320    0.65124    0.31791    0.40068    0.41334    0.43697    0.43770
   0.43717    0.32844    0.51665    0.49948    0.46821    0.21557    0.40189    0.12500    0.32097    0.41989    0.42551    0.41698    0.40018    0.76188    0.43161    0.28376    0.37321    0.38321    0.43697    0.47273
   0.43717    0.32844    0.29025    0.44112    0.46821    0.48091    0.35851    0.29815    0.41948    0.41989    0.16030    0.41698    0.40018    0.09398    0.43161    0.28376    0.40068    0.38321    0.43258    0.47273
   0.44415    0.29118    0.32681    0.44112    0.59641    0.48091    0.35851    0.03972    0.46119    0.70833    0.35971    0.41698    0.40018    0.53535    0.43161    0.28376    0.40068    0.36103    0.49446    0.23763
   0.43717    0.30363    0.32681    0.45452    0.33492    0.49272    0.35851    0.08792    0.35280    0.87500    0.42551    0.41698    0.40018    0.53535    0.46866    0.28376    0.39688    0.38321    0.30056    0.47273
   0.43717    0.30363    0.32681    0.44112    0.46821    0.63896    0.35851    0.29546    0.35280    0.20833    0.42551    0.41698    0.40018    0.08413    0.43161    0.28376    0.39451    0.49842    0.38072    0.47273
   0.39797    0.30363    0.22258    0.44112    0.46821    0.54035    0.35851    0.57827    0.36842    0.37500    0.42551    0.41698    0.24178    0.50297    0.45254    0.37437    0.39688    0.38321    0.43258    0.47273
   0.47076    0.00611    0.32681    0.44112    0.47662    0.49272    0.33894    0.20146    0.35280    0.04167    0.42551    0.41698    0.45698    0.54615    0.43161    0.23652    0.39688    0.38321    0.36702    0.36013
   0.43717    0.21832    0.32681    0.44112    0.44239    0.49272    0.35597    0.29167    0.31793    0.54167    0.42551    0.41698    0.41247    0.44340    0.43161    0.28376    0.39688    0.38321    0.43258    0.59939
   0.43717    0.26590    0.32681    0.44112    0.46654    0.44520    0.35035    0.28293    0.35051    0.45833    0.42551    0.41698    0.40018    0.23607    0.56168    0.28376    0.39688    0.38321    0.42748    0.48559
   0.43717    0.30363    0.32681    0.44112    0.45605    0.41935    0.35851    0.29167    0.33929    0.95833    0.28886    0.41698    0.34088    0.50297    0.43161    0.24415    0.41317    0.38321    0.43258    0.47273
   0.39527    0.54915    0.36239    0.44112    0.45605    0.44520    0.29653    0.13948    0.30818    0.62500    0.50467    0.41698    0.39407    0.50297    0.41211    0.28376    0.39961    0.38321    0.36951    0.43370
   0.36064    0.40088    0.34874    0.44112    0.45329    0.44520    0.35851    0.46378    0.32809    0.79167    0.40683    0.54167    0.40244    0.50297    0.41874    0.28376    0.40112    0.38321    0.31790    0.51529
   0.37498    0.33516    0.30364    0.47147    0.45605    0.76309    0.35851    0.35647    0.33929    0.12500    0.42551    0.79167    0.40382    0.50297    0.43161    0.28376    0.39688    0.21196    0.45699    0.46507
   0.29047    0.30363    0.32681    0.40554    0.44913    0.18523    0.35851    0.35838    0.33929    0.29167    0.42551    0.70833    0.44719    0.50297    0.43161    0.33086    0.39688    0.38321    0.43258    0.47021
   0.39641    0.38774    0.32681    0.42433    0.44913    0.44520    0.49012    0.41871    0.33929    0.96406    0.43146    0.04167    0.40382    0.50297    0.44819    0.36463    0.39688    0.36632    0.37754    0.39587
   0.42354    0.30363    0.32681    0.42433    0.45654    0.44520    0.35851    0.29167    0.33929    0.16850    0.42551    0.12500    0.40382    0.50297    0.44819    0.36463    0.40287    0.38321    0.43258    0.42111
   0.37498    0.30712    0.32681    0.42433    0.44913    0.51666    0.35851    0.30382    0.33929    0.45617    0.41847    0.62500    0.40382    0.26883    0.44819    0.36463    0.39772    0.41836    0.43258    0.45334
   0.21379    0.30363    0.32681    0.42433    0.44913    0.31009    0.35851    0.41466    0.33929    0.37500    0.41847    0.37500    0.40882    0.41399    0.44819    0.49365    0.39688    0.38321    0.43258    0.45334
   0.31123    0.30363    0.33118    0.42433    0.53716    0.46715    0.35851    0.30382    0.27580    0.20393    0.41847    0.87500    0.37978    0.41399    0.44819    0.36463    0.39688    0.39582    0.50583    0.45334
   0.37498    0.30363    0.32681    0.42433    0.43959    0.44520    0.32311    0.35156    0.35661    0.66667    0.41847    0.95833    0.40382    0.41399    0.50836    0.38330    0.87500    0.38321    0.43258    0.45334
   0.35943    0.30363    0.32681    0.42433    0.43828    0.44520    0.35851    0.35156    0.35661    0.37500    0.41847    0.29167    0.40382    0.41399    0.44819    0.36463    0.79167    0.38321    0.41862    0.45334
   0.35462    0.30363    0.18896    0.42433    0.44417    0.44520    0.35851    0.35156    0.37141    0.37500    0.41847    0.20833    0.40382    0.30795    0.43924    0.36463    0.62500    0.38321    0.41862    0.45334
   0.37498    0.28854    0.37242    0.40861    0.42521    0.44520    0.35851    0.35156    0.37141    0.16005    0.41847    0.45833    0.45109    0.41399    0.43924    0.36463    0.45833    0.38321    0.41862    0.45334
   0.37498    0.43151    0.31708    0.41399    0.44913    0.44520    0.35851    0.35156    0.37141    0.46065    0.41847    0.73223    0.40228    0.44127    0.43924    0.35650    0.95833    0.38984    0.39805    0.45334
   0.37498    0.25245    0.30937    0.41399    0.43635    0.44520    0.35851    0.30810    0.43332    0.37500    0.41272    0.08411    0.40382    0.44127    0.43924    0.35650    0.29167    0.38321    0.41862    0.45334
   0.37498    0.31135    0.31708    0.41399    0.43635    0.47063    0.34035    0.34761    0.37141    0.37500    0.41847    0.29167    0.40382    0.44127    0.43924    0.35650    0.70833    0.38321    0.41862    0.45334
   0.37498    0.31135    0.31708    0.41399    0.43635    0.44520    0.35728    0.04648    0.37141    0.77676    0.41847    0.29167    0.39207    0.44601    0.44036    0.41439    0.04167    0.38321    0.41862    0.49050
   0.37498    0.31135    0.31708    0.41399    0.43635    0.43655    0.35728    0.34638    0.37141    0.60780    0.41847    0.29167    0.39136    0.44127    0.43924    0.33961    0.54167    0.38321    0.41862    0.43580
   0.37498    0.31135    0.31708    0.42669    0.43635    0.42044    0.35728    0.30810    0.37141    0.31023    0.54167    0.03468    0.40382    0.47761    0.43924    0.35650    0.37500    0.38321    0.41862    0.43580
   0.37498    0.31135    0.31708    0.42669    0.44040    0.43655    0.38941    0.30173    0.37141    0.45617    0.87500    0.42399    0.40382    0.44127    0.43924    0.26267    0.20833    0.38321    0.41862    0.43580
   0.29807    0.31135    0.31708    0.42509    0.44040    0.42340    0.38941    0.22747    0.30715    0.44972    0.29167    0.35274    0.40382    0.44127    0.44101    0.35650    0.12500    0.38321    0.38231    0.35491
   0.38353    0.31135    0.31708    0.41146    0.42621    0.42340    0.38941    0.29375    0.37141    0.45617    0.79167    0.29167    0.40238    0.43555    0.43924    0.35650    0.49491    0.38321    0.41862    0.43580
   0.37573    0.32131    0.28183    0.41146    0.43046    0.42340    0.38941    0.29375    0.38715    0.45617    0.04167    0.04745    0.40238    0.43555    0.43924    0.36785    0.14712    0.04167    0.41862    0.46142
   0.37498    0.32131    0.31769    0.37125    0.43046    0.42340    0.38941    0.29375    0.38715    0.45617    0.62500    0.30249    0.40238    0.35760    0.43924    0.45136    0.54041    0.37500    0.41862    0.43580
   0.37498    0.32131    0.31708    0.41146    0.43046    0.42340    0.38941    0.29375    0.44111    0.46450    0.37500    0.27212    0.40238    0.43555    0.43924    0.35650    0.65988    0.29167    0.41862    0.43580
   0.37498    0.32131    0.31708    0.41146    0.43046    0.42340    0.38941    0.29375    0.37051    0.45617    0.95833    0.23554    0.40238    0.43555    0.47565    0.35650    0.13717    0.54167    0.42212    0.43580
   0.37498    0.32131    0.35783    0.41146    0.41518    0.42340    0.38941    0.29375    0.35814    0.42736    0.20833    0.24382    0.40238    0.43555    0.43924    0.34366    0.19151    0.20833    0.70833    0.42946
   0.37498    0.32131    0.28990    0.41146    0.42372    0.42340    0.38941    0.16500    0.38715    0.41733    0.70833    0.26946    0.39212    0.43555    0.43924    0.34366    0.45371    0.87500    0.87500    0.42946
   0.37498    0.32289    0.31708    0.41146    0.42372    0.42516    0.45577    0.49137    0.38715    0.41733    0.12500    0.26946    0.40280    0.43555    0.43924    0.34366    0.45371    0.12500    0.54167    0.42946
   0.37498    0.33013    0.30950    0.41146    0.41233    0.42516    0.38941    0.29428    0.38715    0.41733    0.45833    0.26946    0.40238    0.43555    0.44736    0.34366    0.96668    0.79167    0.20833    0.44155
   0.37876    0.32289    0.32399    0.41146    0.41233    0.41335    0.38941    0.27437    0.38715    0.41733    0.96081    0.22871    0.40238    0.43555    0.43924    0.34366    0.45371    0.45833    0.95833    0.42946
   0.37876    0.32888    0.31708    0.41146    0.41711    0.41852    0.38941    0.36740    0.38715    0.41733    0.96638    0.26946    0.40238    0.43555    0.43924    0.34366    0.45371    0.70833    0.62500    0.42946
   0.37876    0.32289    0.31021    0.41146    0.41711    0.41366    0.38941    0.36740    0.38715    0.41733    0.37588    0.26946    0.62500    0.43555    0.43680    0.34366    0.45371    0.62500    0.37500    0.42946
   0.37658    0.33702    0.31522    0.41146    0.40104    0.41661    0.38941    0.36740    0.38715    0.41733    0.52821    0.26946    0.95833    0.43555    0.41859    0.34366    0.17467    0.95833    0.04167    0.42946
   0.38182    0.33702    0.31889    0.41146    0.41390    0.41042    0.38057    0.36740    0.38715    0.44001    0.98184    0.26946    0.70833    0.46809    0.43680    0.33524    0.57841    0.21432    0.79167    0.42946
   0.37876    0.33702    0.31708    0.39827    0.41390    0.41042    0.38941    0.36740    0.36319    0.44001    0.58850    0.26946    0.87500    0.43555    0.43680    0.40581    0.51026    0.95594    0.45833    0.42946
   0.37876    0.33702    0.31708    0.41146    0.41390    0.41042    0.38941    0.36740    0.40213    0.47864    0.54167    0.26946    0.54167    0.43555    0.43680    0.36503    0.45371    0.04305    0.12500    0.37481
   0.62500    0.33702    0.31708    0.41167    0.41390    0.41042    0.38941    0.45569    0.38715    0.45076    0.59233    0.26946    0.79167    0.43555    0.43680    0.35409    0.84322    0.23600    0.29167    0.44372
   0.29167    0.37360    0.31708    0.41146    0.41489    0.41042    0.38941    0.36740    0.38715    0.44001    0.24247    0.36364    0.20833    0.43555    0.43680    0.35761    0.35693    0.57627    0.03331    0.42946
   0.79167    0.33702    0.31708    0.42382    0.70833    0.41042    0.38941    0.36740    0.38715    0.44001    0.41682    0.24222    0.45833    0.43555    0.43680    0.38788    0.45371    0.57627    0.26993    0.43304
   0.87500    0.33702    0.31708    0.41146    0.04167    0.20833    0.37988    0.36740    0.39203    0.44001    0.41682    0.37217    0.12500    0.43555    0.43680    0.35761    0.45371    0.50989    0.01074    0.42946
   0.45833    0.33702    0.30961    0.41146    0.62500    0.62500    0.38941    0.36740    0.39203    0.55428    0.41682    0.23870    0.29167    0.43555    0.95833    0.35761    0.45371    0.51631    0.20833    0.42946
   0.04167    0.33702    0.30961    0.40874    0.45833    0.29167    0.38941    0.36740    0.39892    0.45897    0.40438    0.31587    0.04167    0.40409    0.79167    0.35761    0.53381    0.40498    0.30633    0.42946
   0.95833    0.33702    0.30961    0.40383    0.20833    0.95833    0.38665    0.36268    0.39203    0.44794    0.61678    0.26946    0.37500    0.41465    0.87500    0.35761    0.52263    0.55942    0.52867    0.42946
   0.54167    0.38031    0.30961    0.40690    0.87500    0.54167    0.40965    0.36740    0.39568    0.44001    0.41682    0.29146    0.01278    0.41465    0.29167    0.35761    0.46800    0.57627    0.00116    0.45400
   0.12500    0.33702    0.31289    0.62500    0.12500    0.12500    0.40965    0.36308    0.39603    0.44001    0.41682    0.29146    0.95226    0.41380    0.37500    0.37924    0.45371    0.63110    0.36632    0.42946
   0.20833    0.33702    0.31036    0.12500    0.79167    0.87500    0.40245    0.36740    0.62500    0.44001    0.26400    0.29146    0.66292    0.37143    0.54167    0.35761    0.48174    0.31613    0.21968    0.42946
   0.70833    0.33702    0.31036    0.79167    0.54167    0.45833    0.40245    0.36740    0.54167    0.44001    0.56082    0.27882    0.66292    0.41380    0.45833    0.35761    0.45371    0.38120    0.30633    0.42946
   0.37500    0.33702    0.31036    0.29167    0.37500    0.04167    0.40245    0.36740    0.87500    0.44001    0.49504    0.28506    0.50942    0.41380    0.62500    0.35761    0.45371    0.48663    0.30633    0.42946
   0.10085    0.33702    0.31048    0.04167    0.95833    0.70833    0.40245    0.36740    0.95833    0.44001    0.41682    0.29146    0.92171    0.41380    0.70833    0.35761    0.45371    0.48663    0.30633    0.42946
   0.40576    0.33702    0.04167    0.54167    0.29167    0.37500    0.40245    0.36740    0.70833    0.44001    0.41682    0.23986    0.56178    0.42048    0.12500    0.35761    0.34635    0.48663    0.30633    0.42946
   0.62465    0.79167    0.54167    0.45833    0.83777    0.79167    0.40245    0.36740    0.20833    0.44001    0.41682    0.29146    0.56178    0.41380    0.20833    0.35761    0.45371    0.64499    0.30633    0.42946
   0.62917    0.62500    0.37500    0.95833    0.06498    0.12106    0.40245    0.36740    0.79167    0.30712    0.41682    0.31031    0.36549    0.41335    0.04167    0.35761    0.45371    0.48663    0.30633    0.42946
   0.62917    0.70833    0.12500    0.70833    0.00001    0.03933    0.40245    0.32047    0.29167    0.46537    0.41682    0.26986    0.56178    0.41453    0.10875    0.95833    0.45371    0.42658    0.30633    0.42946
   0.62917    0.45833    0.20833    0.20833    0.25176    0.46247    0.40705    0.39701    0.04167    0.44001    0.43549    0.35330    0.56178    0.39012    0.30297    0.79167    0.45371    0.43088    0.66787    0.70833
   0.46600    0.95833    0.70833    0.87500    0.36351    0.29167    0.40413    0.36740    0.12500    0.44001    0.43146    0.31031    0.62810    0.41380    0.37500    0.87500    0.46854    0.16313    0.30633    0.95833
   0.52691    0.87500    0.29167    0.37500    0.22034    0.71855    0.40413    0.36740    0.45833    0.44001    0.41682    0.31803    0.08241    0.41198    0.24628    0.62500    0.45371    0.47199    0.25056    0.62500
   0.19086    0.12500    0.79167    0.05294    0.53876    0.29167    0.40413    0.36740    0.37500    0.44001    0.41682    0.31031    0.32069    0.41198    0.53599    0.45833    0.45371    0.49273    0.37463    0.87500
   0.33630    0.04167    0.87500    0.03093    0.36351    0.31975    0.40413    0.36740    0.57797    0.44001    0.56136    0.31031    0.56178    0.41198    0.08307    0.29167    0.52338    0.41990    0.37463    0.45833
   0.40778    0.54167    0.62500    0.18588    0.66190    0.31975    0.40413    0.36740    0.29167    0.44001    0.41682    0.30211    0.56178    0.41828    0.53599    0.70833    0.45371    0.56940    0.54985    0.79167
   0.40778    0.29167    0.45833    0.35156    0.36351    0.48685    0.40413    0.43736    0.29167    0.38014    0.41682    0.31031    0.45479    0.41198    0.72500    0.54167    0.45371    0.49273    0.37463    0.20833
   0.40778    0.37500    0.95833    0.29167    0.43059    0.60920    0.40413    0.36740    0.39004    0.44001    0.37265    0.31031    0.56826    0.41198    0.53599    0.37500    0.45371    0.49273    0.37463    0.54167
   0.58449    0.20833    0.75732    0.29167    0.39086    0.31975    0.40413    0.36740    0.89176    0.44001    0.49229    0.31031    0.59708    0.41198    0.53599    0.12500    0.45371    0.49273    0.38992    0.12500
   0.40778    0.62820    0.33698    0.22788    0.61123    0.31975    0.40413    0.36816    0.48818    0.44001    0.35171    0.31031    0.54040    0.41198    0.50919    0.20833    0.45371    0.45447    0.37463    0.37500
   0.40778    0.37253    0.39478    0.36242    0.39086    0.31975    0.40413    0.36740    0.19622    0.48459    0.41682    0.31877    0.39443    0.41198    0.53599    0.04167    0.45371    0.45447    0.37463    0.04167
   0.40778    0.34014    0.54310    0.29167    0.39086    0.31975    0.40413    0.36740    0.59500    0.44001    0.41682    0.35307    0.56539    0.41198    0.02618    0.04561    0.45371    0.45447    0.37463    0.29167
   0.40778    0.34014    0.14091    0.44774    0.39086    0.31975    0.45833    0.35758    0.79295    0.44001    0.49282    0.43817    0.51551    0.41198    0.85386    0.63079    0.45371    0.45447    0.21210    0.01241
   0.40778    0.05207    0.10375    0.33925    0.53166    0.31975    0.20833    0.36740    0.39004    0.44001    0.41682    0.43817    0.50512    0.70833    0.53599    0.21256    0.45371    0.45447    0.56200    0.14110
   0.48742    0.64034    0.33698    0.38081    0.45056    0.31975    0.37500    0.36740    0.46598    0.51423    0.41682    0.43817    0.38095    0.12500    0.52000    0.45833    0.45371    0.45447    0.33715    0.04150
   0.78397    0.03744    0.33698    0.38081    0.39086    0.31975    0.04167    0.36740    0.46598    0.44001    0.41682    0.43817    0.44812    0.62500    0.52000    0.05830    0.31801    0.44625    0.41530    0.36716
   0.40778    0.34228    0.46281    0.25914    0.40213    0.31975    0.12500    0.36740    0.66714    0.44001    0.41408    0.50734    0.50512    0.20833    0.52000    0.45833    0.54154    0.44625    0.87069    0.37113
   0.40778    0.55130    0.26537    0.43067    0.40213    0.34896    0.70833    0.36740    0.46598    0.44001    0.41682    0.43817    0.50512    0.54167    0.45250    0.23226    0.45371    0.37413    0.37463    0.40810
   0.40778    0.57171    0.33698    0.33622    0.40213    0.62045    0.29167    0.36740    0.46598    0.44001    0.41682    0.43817    0.37808    0.04167    0.42654    0.52608    0.45371    0.40777    0.37463    0.28228
   0.01491    0.47211    0.33698    0.40041    0.42333    0.34896    0.87500    0.36740    0.46598    0.40377    0.41682    0.70365    0.50512    0.95833    0.80358    0.36420    0.60567    0.40777    0.37463    0.53064
   0.08312    0.47211    0.48141    0.35454    0.40213    0.17727    0.95833    0.36740    0.46598    0.44001    0.41682    0.18263    0.50512    0.45833    0.45250    0.32101    0.48219    0.40777    0.37463    0.59007
   0.40778    0.46504    0.09406    0.38081    0.40213    0.45392    0.62500    0.36740    0.47874    0.44001    0.41682    0.43817    0.48559    0.79167    0.53020    0.32101    0.45371    0.23323    0.37463    0.40810
   0.40778    0.47211    0.44431    0.38081    0.40213    0.34896    0.79167    0.36740    0.46598    0.44001    0.42025    0.43817    0.50512    0.37500    0.45250    0.31904    0.45371    0.40777    0.37463    0.40810
   0.40778    0.47211    0.33698    0.38081    0.40213    0.34896    0.54167    0.36740    0.51153    0.43822    0.41682    0.43817    0.27361    0.87500    0.84244    0.10840    0.45371    0.40777    0.37463    0.40810
   0.40778    0.47211    0.32731    0.38081    0.40213    0.29488    0.35695    0.36964    0.46598    0.44001    0.41682    0.43817    0.41661    0.29167    0.61508    0.31904    0.45371    0.39743    0.35517    0.40810
   0.44693    0.47211    0.33698    0.38081    0.36499    0.34896    0.45564    0.36964    0.46598    0.44001    0.41682    0.43817    0.41661    0.54219    0.49768    0.34027    0.45371    0.40777    0.37463    0.37664
   0.42858    0.85602    0.33698    0.41188    0.43517    0.31996    0.45564    0.36964    0.46598    0.44001    0.41252    0.43817    0.41661    0.26893    0.49768    0.37835    0.44857    0.40777    0.37463    0.40810
   0.72153    0.47211    0.31881    0.51330    0.43517    0.34896    0.45564    0.36964    0.46598    0.41098    0.41252    0.43817    0.22389    0.43596    0.49768    0.09363    0.44857    0.40830    0.37463    0.40810
   0.12478    0.47211    0.34057    0.30939    0.43517    0.34751    0.99707    0.36964    0.80410    0.41098    0.40979    0.43817    0.41661    0.43596    0.49768    0.47966    0.44857    0.40830    0.37463    0.43444
   0.42858    0.47211    0.39927    0.38081    0.51125    0.34751    0.45564    0.38707    0.35874    0.42461    0.41252    0.43817    0.41661    0.43596    0.49768    0.31904    0.42716    0.40830    0.37463    0.33254
   0.42858    0.14405    0.37423    0.38081    0.37180    0.44115    0.68987    0.36964    0.37284    0.42461    0.41252    0.43817    0.43695    0.74359    0.49768    0.30294    0.44857    0.39947    0.37463    0.40810
   0.42858    0.50377    0.37423    0.38081    0.41992    0.34751    0.25581    0.45833    0.46598    0.42461    0.41252    0.43817    0.33302    0.43596    0.31087    0.35257    0.44857    0.40258    0.37463    0.40810
   0.44105    0.43967    0.43124    0.38081    0.41992    0.34751    0.63139    0.79167    0.59657    0.42461    0.41252    0.30509    0.41661    0.43596    0.49768    0.38925    0.44857    0.43726    0.37463    0.21408
   0.44578    0.43967    0.37423    0.38081    0.41992    0.34751    0.57141    0.87500    0.46598    0.42159    0.41252    0.47440    0.41661    0.01031    0.49768    0.31904    0.44031    0.40830    0.37463    0.62864
   0.43181    0.43967    0.37926    0.38081    0.41992    0.34751    0.48584    0.37500    0.48499    0.42329    0.41252    0.45246    0.41661    0.43596    0.49768    0.31904    0.44031    0.40830    0.37463    0.40810
   0.42858    0.43967    0.37423    0.41206    0.41992    0.34751    0.48584    0.95833    0.48499    0.42461    0.41252    0.53698    0.49425    0.41472    0.49768    0.31904    0.41992    0.41191    0.37463    0.40810
   0.42858    0.39252    0.37423    0.38081    0.41992    0.34751    0.48584    0.70833    0.48499    0.42461    0.40570    0.43817    0.35790    0.43596    0.36794    0.31904    0.44443    0.40830    0.37463    0.40810
   0.42858    0.89932    0.41015    0.38081    0.41992    0.34751    0.48584    0.29167    0.48499    0.42461    0.79167    0.43817    0.41661    0.43596    0.38822    0.31904    0.43248    0.40830    0.37463    0.40810
   0.42858    0.76815    0.39314    0.38081    0.41992    0.22702    0.48584    0.04167    0.48499    0.41718    0.37500    0.43817    0.41661    0.43596    0.38822    0.31904    0.44031    0.40605    0.37463    0.40810
   0.56825    0.48982    0.37423    0.31610    0.41992    0.38392    0.48584    0.62500    0.46450    0.41718    0.70833    0.43817    0.41661    0.43596    0.38822    0.31904    0.44031    0.40830    0.37463    0.37581
   0.42858    0.43967    0.37701    0.38081    0.41526    0.38392    0.10612    0.12500    0.54351    0.41718    0.95833    0.44441    0.40776    0.43596    0.38822    0.28410    0.42479    0.39638    0.49392    0.27920
   0.42858    0.24993    0.37423    0.41699    0.41526    0.38392    0.48584    0.20833    0.46450    0.41490    0.54167    0.43817    0.40776    0.43596    0.38822    0.33817    0.43586    0.40830    0.37463    0.40810
   0.42858    0.43967    0.37423    0.39311    0.41526    0.38392    0.52166    0.54167    0.44108    0.41718    0.87500    0.43817    0.40776    0.43596    0.38822    0.33817    0.44031    0.39944    0.37463    0.40810
   0.42858    0.43967    0.37669    0.38081    0.41526    0.38392    0.48584    0.72146    0.45113    0.41718    0.12500    0.43817    0.40776    0.43596    0.36911    0.33817    0.44031    0.39944    0.37463    0.40810
   0.42858    0.46499    0.37669    0.38081    0.41526    0.38942    0.48584    0.05060    0.44108    0.41202    0.45833    0.42541    0.40776    0.30312    0.43513    0.33817    0.44031    0.39944    0.23822    0.40810
   0.42858    0.43967    0.37669    0.38081    0.41526    0.38392    0.48584    0.43738    0.44108    0.41202    0.04167    0.44898    0.40776    0.96497    0.38822    0.33817    0.43650    0.38496    0.37463    0.42714
   0.42858    0.43967    0.37669    0.39974    0.41526    0.38392    0.53488    0.00103    0.44108    0.41202    0.29167    0.43863    0.40776    0.67075    0.40383    0.33817    0.43650    0.40935    0.37463    0.40390
   0.42858    0.43967    0.37669    0.39974    0.41526    0.38392    0.44541    0.29167    0.44108    0.41202    0.62500    0.42541    0.40776    0.46561    0.38822    0.37485    0.43650    0.39944    0.37463    0.40810
   0.43215    0.43967    0.37669    0.43751    0.41526    0.38392    0.38357    0.10007    0.44108    0.41202    0.20833    0.42541    0.40776    0.49061    0.38822    0.33817    0.42050    0.39944    0.37463    0.40810
   0.42858    0.43967    0.38936    0.41652    0.41526    0.39273    0.48584    0.29167    0.44108    0.41202    0.30719    0.42541    0.40776    0.49061    0.38822    0.33817    0.42050    0.39944    0.37463    0.40810
   0.42858    0.43967    0.37384    0.41821    0.41526    0.40521    0.46936    0.29167    0.44108    0.39346    0.09362    0.42541    0.40776    0.49061    0.37030    0.33817    0.42161    0.40252    0.37463    0.41721
   0.42858    0.43967    0.37384    0.39974    0.41526    0.38392    0.47333    0.07721    0.44108    0.40821    0.37177    0.42541    0.40776    0.49061    0.41580    0.33817    0.42161    0.39944    0.37463    0.41721
   0.42858    0.43967    0.37384    0.39974    0.41526    0.38392    0.47333    0.29167    0.44108    0.40822    0.42423    0.42541    0.40776    0.49061    0.40973    0.33817    0.42161    0.39944    0.41854    0.40397
   0.43061    0.43967    0.37384    0.39974    0.41526    0.38392    0.47333    0.29167    0.44108    0.40424    0.37500    0.42541    0.40776    0.49061    0.38822    0.33817    0.42161    0.20833    0.37463    0.41721
   0.43061    0.43967    0.37384    0.39974    0.41526    0.38392    0.46173    0.29167    0.44108    0.40424    0.46007    0.42541    0.40776    0.79499    0.38822    0.33817    0.41747    0.54167    0.41204    0.41721
   0.43061    0.43967    0.37992    0.39771    0.42296    0.38392    0.46173    0.29167    0.44108    0.40424    0.38351    0.42541    0.40776    0.49061    0.38822    0.33817    0.40665    0.62500    0.39355    0.41721
   0.43061    0.43967    0.37992    0.39771    0.41526    0.38392    0.46173    0.29167    0.34195    0.40198    0.38351    0.42541    0.40776    0.49061    0.38822    0.33817    0.40665    0.29167    0.39355    0.34867
   0.43061    0.43967    0.37992    0.39771    0.41526    0.38392    0.46173    0.32402    0.36380    0.39906    0.48700    0.42541    0.40776    0.49061    0.38822    0.33817    0.39171    0.12500    0.39355    0.49712
   0.43061    0.43967    0.37992    0.39771    0.41526    0.37268    0.46173    0.29167    0.45352    0.39906    0.57564    0.20833    0.40776    0.49061    0.38822    0.33817    0.39171    0.04167    0.39355    0.41721
   0.43061    0.43967    0.37992    0.39771    0.39458    0.37268    0.46173    0.29167    0.45352    0.39906    0.39106    0.87500    0.33441    0.49061    0.44926    0.51625    0.35582    0.95833    0.39355    0.41802
   0.43061    0.43967    0.38102    0.39771    0.41869    0.37268    0.28446    0.29167    0.45352    0.54167    0.39106    0.95833    0.40776    0.49061    0.38822    0.27499    0.39171    0.87500    0.39355    0.41802
   0.43061    0.43967    0.37992    0.39771    0.41526    0.36030    0.50217    0.29167    0.45352    0.79167    0.22196    0.70833    0.40776    0.38633    0.38822    0.33817    0.39746    0.70833    0.39355    0.41802
   0.43061    0.43967    0.37992    0.39771    0.41526    0.50758    0.46173    0.29167    0.45352    0.12500    0.39106    0.54167    0.40776    0.49061    0.38271    0.33817    0.39746    0.37500    0.39355    0.41802
   0.34168    0.43967    0.37992    0.43591    0.41526    0.37268    0.46173    0.29167    0.44508    0.62500    0.39106    0.62500    0.40776    0.45414    0.38822    0.21158    0.29167    0.45833    0.39355    0.42251
   0.45915    0.43967    0.37992    0.38885    0.41526    0.37268    0.46173    0.28172    0.44508    0.70833    0.39106    0.37500    0.40776    0.45414    0.38822    0.33817    0.54167    0.79167    0.41383    0.41802
   0.43061    0.47821    0.54167    0.39771    0.44996    0.37268    0.46173    0.29167    0.38430    0.95833    0.11036    0.45833    0.41135    0.28636    0.38822    0.33817    0.87500    0.59003    0.39355    0.41802
   0.42395    0.40923    0.20833    0.39059    0.38905    0.37268    0.44661    0.29167    0.42662    0.04167    0.35359    0.29167    0.41135    0.45414    0.38822    0.35990    0.04167    0.77358    0.39355    0.41802
   0.38705    0.40923    0.70833    0.39771    0.41526    0.37268    0.44661    0.29167    0.43255    0.29167    0.53072    0.04167    0.41135    0.45414    0.38822    0.35990    0.62500    0.28748    0.39355    0.41802
   0.42395    0.41609    0.12500    0.39771    0.40831    0.37268    0.37971    0.29250    0.42662    0.37500    0.39585    0.12500    0.41135    0.48066    0.38822    0.38267    0.20833    0.28748    0.39355    0.41802
   0.42395    0.41609    0.62500    0.39771    0.40831    0.37268    0.44661    0.29167    0.42662    0.87500    0.46494    0.79167    0.41135    0.45414    0.38822    0.35990    0.79167    0.46779    0.39355    0.41802
   0.42395    0.41609    0.04167    0.39771    0.40831    0.37268    0.44661    0.29167    0.42662    0.20833    0.39585    0.51612    0.44585    0.45414    0.38822    0.35990    0.37500    0.00088    0.39355    0.41802
   0.39720    0.41609    0.95833    0.39771    0.40831    0.35695    0.44661    0.29167    0.41445    0.45833    0.39585    0.10545    0.41135    0.45414    0.38822    0.35990    0.95833    0.45591    0.39355    0.41802
   0.42395    0.42096    0.37500    0.39771    0.40831    0.37945    0.44661    0.29167    0.50675    0.75640    0.39585    0.29167    0.41135    0.45414    0.38822    0.35990    0.12500    0.28748    0.39355    0.41802
   0.42395    0.42096    0.87500    0.39771    0.40831    0.37268    0.44661    0.29167    0.42662    0.35032    0.39585    0.30240    0.41135    0.72261    0.37507    0.35990    0.45833    0.28748    0.39355    0.41802
   0.42395    0.42096    0.29167    0.39771    0.40831    0.37268    0.44661    0.29167    0.42662    0.00525    0.39585    0.29167    0.41135    0.45414    0.39539    0.35990    0.70833    0.28748    0.39355    0.41802
   0.41559    0.42096    0.79167    0.39771    0.40831    0.41475    0.44661    0.31287    0.43415    0.49469    0.39585    0.47350    0.41135    0.45414    0.39539    0.37639    0.04583    0.28748    0.39355    0.41802
   0.42395    0.42096    0.45833    0.39771    0.40831    0.34935    0.44661    0.26382    0.42662    0.49469    0.37106    0.15028    0.41135    0.45414    0.39539    0.42688    0.03103    0.28748    0.39355    0.41802
   0.45833    0.42096    0.13073    0.39771    0.40831    0.38059    0.44661    0.31312    0.42662    0.57875    0.46235    0.37768    0.40890    0.45414    0.39539    0.34062    0.29167    0.00943    0.39355    0.41336
   0.95833    0.42096    0.72962    0.39771    0.40831    0.38059    0.44661    0.29167    0.42662    0.42957    0.46235    0.35056    0.40890    0.45414    0.39539    0.35990    0.40261    0.28748    0.39355    0.41336
   0.70833    0.42697    0.33053    0.39771    0.40831    0.38059    0.43589    0.29167    0.42662    0.69768    0.42976    0.26123    0.40890    0.45414    0.39539    0.35990    0.94662    0.28748    0.39355    0.41336
   0.37500    0.42456    0.12243    0.39771    0.95833    0.38059    0.37562    0.29167    0.42662    0.95225    0.42976    0.29167    0.40890    0.45414    0.12500    0.35990    0.01683    0.28748    0.87500    0.41336
   0.20833    0.42456    0.10811    0.29167    0.37500    0.38059    0.43589    0.29167    0.42662    0.57875    0.42976    0.29167    0.45833    0.59085    0.45833    0.35990    0.40261    0.28748    0.45833    0.41336
   0.12500    0.42456    0.23972    0.45833    0.87500    0.38059    0.43589    0.29167    0.42662    0.57875    0.42976    0.29167    0.20833    0.45414    0.20833    0.35990    0.47485    0.35351    0.70833    0.41336
   0.87500    0.42456    0.35718    0.12500    0.54167    0.38059    0.43589    0.29167    0.42662    0.53331    0.42976    0.29167    0.87500    0.45414    0.29167    0.35990    0.40261    0.33041    0.04167    0.20833
   0.79167    0.42116    0.23972    0.04167    0.70833    0.54167    0.48621    0.29167    0.42662    0.53331    0.42976    0.29167    0.37500    0.44202    0.95833    0.35990    0.54516    0.33041    0.37500    0.37500
   0.62500    0.42116    0.02259    0.79167    0.20833    0.87500    0.43589    0.29167    0.42662    0.23806    0.42976    0.29059    0.70833    0.49204    0.62500    0.35990    0.40261    0.82222    0.20833    0.29167
   0.29167    0.42116    0.60043    0.37500    0.79167    0.29167    0.43589    0.29167    0.42662    0.46100    0.42976    0.29059    0.95833    0.44202    0.37500    0.36720    0.40261    0.33041    0.79167    0.95833
   0.04167    0.41533    0.13109    0.62500    0.29167    0.62500    0.43589    0.29167    0.42662    0.46100    0.42976    0.29059    0.04167    0.44202    0.04167    0.36720    0.40261    0.33041    0.62500    0.12500
   0.54167    0.41533    0.38466    0.20833    0.45833    0.79167    0.43589    0.27334    0.37646    0.31741    0.42976    0.23632    0.29167    0.44202    0.70833    0.36720    0.40261    0.33041    0.95833    0.45833
   0.40056    0.41533    0.26376    0.95833    0.12500    0.04167    0.43589    0.30205    0.42662    0.46100    0.42976    0.23632    0.62500    0.30428    0.79167    0.36720    0.40261    0.95457    0.29167    0.54167
   0.06658    0.41533    0.24870    0.87500    0.62500    0.95833    0.43589    0.29665    0.43797    0.46100    0.42976    0.23632    0.12500    0.44202    0.54167    0.37574    0.44998    0.33041    0.54167    0.87500
   0.37500    0.41533    0.34465    0.54167    0.04167    0.20833    0.43589    0.29167    0.42662    0.46100    0.42976    0.23632    0.79167    0.44202    0.87500    0.37574    0.12642    0.33041    0.12500    0.04167
   0.37500    0.41156    0.34465    0.70833    0.23121    0.37500    0.43589    0.29167    0.42662    0.02524    0.42976    0.23632    0.54167    0.44202    0.12894    0.37574    0.40261    0.33041    0.00691    0.70833
   0.37500    0.41156    0.34465    0.90950    0.01928    0.70833    0.43589    0.29167    0.42662    0.46100    0.42976    0.19920    0.60222    0.44202    0.25966    0.37574    0.40261    0.19717    0.45833    0.62500
   0.37500    0.41156    0.34465    0.01518    0.68446    0.12500    0.44590    0.29167    0.42662    0.46100    0.42976    0.39914    0.04332    0.44202    0.04196    0.37574    0.40261    0.80327    0.63466    0.79167
   0.37500    0.41156    0.34465    0.29167    0.37500    0.45833    0.43589    0.29167    0.42662    0.46100    0.42976    0.23632    0.45833    0.44202    0.40885    0.37574    0.40261    0.18834    0.28119    0.33652
   0.37500    0.40800    0.34465    0.44103    0.37500    0.09918    0.43589    0.95833    0.42662    0.46100    0.42976    0.23632    0.45833    0.44202    0.42713    0.37574    0.40261    0.44078    0.45833    0.37962
   0.49260    0.39861    0.87293    0.34496    0.37500    0.03474    0.43589    0.87500    0.42662    0.74562    0.42976    0.24900    0.06272    0.44202    0.40885    0.37574    0.46957    0.43645    0.10733    0.37909
   0.20223    0.40800    0.34465    0.23297    0.37500    0.43783    0.43589    0.29167    0.95833    0.38073    0.42976    0.24900    0.45833    0.37123    0.40885    0.38191    0.39009    0.33041    0.45833    0.37909
   0.49260    0.40278    0.34465    0.29167    0.44085    0.29167    0.43589    0.45833    0.54167    0.48482    0.42976    0.24900    0.45833    0.44202    0.40885    0.95833    0.39009    0.33041    0.45833    0.86335
   0.49260    0.12500    0.39916    0.29167    0.06774    0.29167    0.43589    0.37500    0.12500    0.46100    0.44179    0.24900    0.45833    0.44202    0.40885    0.70833    0.39009    0.33041    0.45833    0.02246
   0.49260    0.62500    0.39916    0.29167    0.37500    0.29167    0.43589    0.20833    0.37500    0.46100    0.29374    0.24900    0.45833    0.37754    0.40885    0.12500    0.39009    0.33041    0.45833    0.37909
   0.49260    0.45833    0.39916    0.29167    0.37500    0.08347    0.43589    0.79167    0.29167    0.46100    0.42976    0.24900    0.45833    0.44202    0.40885    0.37500    0.39009    0.33041    0.45833    0.44504
   0.49260    0.29167    0.46760    0.29167    0.37500    0.29167    0.43589    0.62500    0.20833    0.46100    0.40176    0.24900    0.45833    0.44202    0.40885    0.20833    0.39009    0.33041    0.45833    0.37909
