   0.32143    0.75000    0.10714    0.67857    0.32143    0.89286    0.53571    0.53571    0.17857    0.75000    0.53571    0.46429    0.25000    0.39286    0.67857    0.67857    0.53571    0.46429    0.10714    0.60714
   0.89286    0.82143    0.75000    0.17857    0.89286    0.67857    0.89286    0.75000    0.67857    0.17857    0.03571    0.67857    0.46429    0.03571    0.60714    0.25000    0.25000    0.10714    0.96429    0.25000
   0.96429    0.03571    0.60714    0.10714    0.46429    0.75000    0.25000    0.60714    0.03571    0.39286    0.25000    0.82143    0.82143    0.75000    0.46429    0.46429    0.10714    0.67857    0.39286    0.53571
   0.17857    0.32143    0.46429    0.39286    0.75000    0.03571    0.82143    0.17857    0.75000    0.32143    0.17857    0.39286    0.32143    0.89286    0.17857    0.39286    0.82143    0.17857    0.67857    0.17857
   0.46429    0.60714    0.32143    0.53571    0.39286    0.82143    0.03571    0.32143    0.39286    0.03571    0.32143    0.10714    0.03571    0.32143    0.25000    0.96429    0.60714    0.25000    0.25000    0.67857
   0.75000    0.53571    0.03571    0.75000    0.96429    0.39286    0.39286    0.10714    0.10714    0.10714    0.60714    0.25000    0.39286    0.82143    0.89286    0.10714    0.67857    0.96429    0.53571    0.10714
   0.39286    0.89286    0.82143    0.96429    0.82143    0.53571    0.67857    0.03571    0.46429    0.53571    0.10714    0.96429    0.89286    0.53571    0.03571    0.82143    0.03571    0.60714    0.82143    0.96429
   0.60714    0.10714    0.17857    0.03571    0.17857    0.46429    0.32143    0.96429    0.53571    0.46429    0.89286    0.03571    0.10714    0.46429    0.96429    0.17857    0.96429    0.39286    0.17857    0.03571
   0.25000    0.46429    0.96429    0.25000    0.03571    0.60714    0.60714    0.89286    0.89286    0.89286    0.39286    0.75000    0.60714    0.17857    0.10714    0.89286    0.32143    0.03571    0.46429    0.89286
   0.53571    0.39286    0.67857    0.46429    0.60714    0.17857    0.96429    0.67857    0.60714    0.96429    0.67857    0.89286    0.96429    0.67857    0.75000    0.03571    0.39286    0.75000    0.75000    0.32143
   0.82143    0.67857    0.53571    0.60714    0.25000    0.96429    0.17857    0.82143    0.25000    0.67857    0.82143    0.60714    0.67857    0.10714    0.82143    0.60714    0.17857    0.82143    0.32143    0.82143
   0.03571    0.96429    0.39286    0.89286    0.53571    0.25000    0.75000    0.39286    0.96429    0.60714    0.75000    0.17857    0.17857    0.25000    0.53571    0.53571    0.89286    0.32143    0.60714    0.46429
   0.10714    0.17857    0.25000    0.82143    0.10714    0.32143    0.10714    0.25000    0.32143    0.82143    0.96429    0.32143    0.53571    0.96429    0.39286    0.75000    0.75000    0.89286    0.03571    0.75000
   0.67857    0.25000    0.89286    0.32143    0.67857    0.10714    0.46429    0.46429    0.82143    0.25000    0.46429    0.53571    0.75000    0.60714    0.32143    0.32143    0.46429    0.53571    0.89286    0.39286
   0.03167    0.34165    0.98801    0.00557    0.69905    0.79474    0.48963    0.22127    0.47727    0.71747    0.12370    0.87703    0.07144    0.97015    0.58141    0.81282    0.32376    0.01592    0.28511    0.39382
   0.00437    0.45889    0.57671    0.05031    0.92857    0.28985    0.18539    0.00683    0.03571    0.97152    0.22944    0.27387    0.22445    0.75000    0.02490    0.42073    0.26499    0.16660    0.10714    0.86879
   0.00437    0.65515    0.75983    0.54734    0.69905    0.94095    0.00828    0.60105    0.03571    0.93389    0.04232    0.28115    0.00584    0.32464    0.20423    0.85054    0.25000    0.14177    0.00132    0.51933
   0.05864    0.01434    0.99249    0.63724    0.69905    0.70461    0.20502    0.56144    0.03571    0.58967    0.01089    0.46429    0.00584    0.87733    0.01818    0.81282    0.25000    0.15565    0.04690    0.52350
   0.14511    0.03809    0.82250    0.92689    0.07539    0.68229    0.84196    0.99038    0.22442    0.72971    0.18608    0.37832    0.30147    0.89578    0.17857    0.88518    0.62428    0.26369    0.62272    0.73127
   0.00437    0.03571    0.75983    0.24388    0.50961    0.88782    0.18078    0.34086    0.03571    0.39255    0.58606    0.54283    0.00584    0.91451    0.39289    0.59459    0.25000    0.06314    0.10714    0.28173
   0.00437    0.22406    0.75983    0.42390    0.58461    0.76761    0.35151    0.60105    0.03571    0.72197    0.07395    0.48428    0.00584    0.87733    0.22221    0.70976    0.35862    0.26369    0.10714    0.80846
   0.16221    0.06103    0.85929    0.43641    0.58461    0.89286    0.19058    0.57334    0.03571    0.69381    0.12976    0.53949    0.17055    0.95776    0.06412    0.70976    0.20396    0.26369    0.02152    0.73127
   0.16562    0.22406    0.75983    0.21153    0.21783    0.88355    0.32417    0.07638    0.08807    0.72197    0.03571    0.47823    0.62386    0.41433    0.37786    0.70976    0.11084    0.78066    0.70341    0.32599
   0.00437    0.22406    0.75983    0.35106    0.38084    0.99234    0.46258    0.76790    0.14990    0.88484    0.00748    0.46429    0.62386    0.94365    0.28829    0.24290    0.18164    0.68309    0.35459    0.98362
   0.00437    0.22406    0.75983    0.43641    0.21783    0.95600    0.20502    0.53834    0.03571    0.72197    0.00218    0.44421    0.60641    0.87733    0.24190    0.57964    0.27152    0.50661    0.87341    0.92402
   0.01667    0.14490    0.76024    0.43641    0.34387    0.79736    0.19279    0.54356    0.03571    0.72197    0.00393    0.46429    0.54739    0.74497    0.33877    0.70976    0.33413    0.26369    0.37462    0.73127
   0.23534    0.59428    0.75983    0.34192    0.75690    0.88355    0.19279    0.85879    0.56380    0.96579    0.03108    0.48383    0.96085    0.87723    0.19289    0.98718    0.33413    0.28931    0.93567    0.91558
   0.00437    0.18824    0.99995    0.25756    0.01404    0.62593    0.19279    0.31894    0.03571    0.42437    0.10784    0.40542    0.28653    0.94474    0.24190    0.60169    0.40872    0.47045    0.30047    0.73156
   0.00017    0.21411    0.75983    0.43641    0.34387    0.88355    0.19279    0.48293    0.01520    0.66944    0.02723    0.58368    0.34622    0.94474    0.29370    0.60169    0.34801    0.20467    0.70341    0.76576
   0.04884    0.22406    0.72910    0.43641    0.44400    0.76489    0.30286    0.53143    0.03571    0.77704    0.02540    0.48383    0.37981    0.94474    0.29370    0.60169    0.60802    0.32481    0.70341    0.79148
   0.24698    0.24935    0.98599    0.43641    0.34387    0.88355    0.19279    0.53143    0.03571    0.84157    0.02540    0.48383    0.81152    0.94474    0.43108    0.49953    0.97446    0.02453    0.43040    0.92950
   0.13573    0.22078    0.79620    0.97817    0.34387    0.88355    0.25118    0.53143    0.03571    0.72197    0.02540    0.48383    0.63948    0.94474    0.29370    0.38638    0.47102    0.01228    0.15658    0.59707
   0.04884    0.17224    0.64793    0.69943    0.34387    0.88355    0.20674    0.53143    0.01000    0.76223    0.00637    0.36510    0.52395    0.94474    0.30046    0.60169    0.57262    0.26369    0.00422    0.59707
   0.04884    0.20810    0.75983    0.50761    0.39685    0.82919    0.19279    0.52417    0.05625    0.74529    0.02540    0.35719    0.70558    0.94474    0.29370    0.60169    0.54941    0.30191    0.15658    0.59707
   0.04884    0.25637    0.61062    0.51350    0.39685    0.76521    0.21439    0.50695    0.21155    0.99845    0.00602    0.14467    0.71365    0.94474    0.29370    0.62637    0.60802    0.30191    0.15492    0.33682
   0.02523    0.11937    0.75983    0.50788    0.64972    0.56346    0.12313    0.44868    0.03571    0.73997    0.02268    0.22706    0.57123    0.94474    0.33496    0.52368    0.60802    0.30191    0.05523    0.60310
   0.04884    0.22754    0.75983    0.37671    0.39685    0.71410    0.21650    0.39175    0.02885    0.94336    0.02540    0.38117    0.51543    0.91429    0.29370    0.60169    0.54867    0.30191    0.00792    0.59707
   0.03239    0.22754    0.74546    0.43641    0.37612    0.59124    0.21650    0.49165    0.00167    0.82490    0.02540    0.38117    0.63948    0.91429    0.29370    0.60169    0.53952    0.27843    0.04871    0.59707
   0.12888    0.34180    0.83523    0.43641    0.39685    0.35207    0.21650    0.35120    0.13890    0.76223    0.02540    0.18587    0.49397    0.91429    0.23520    0.60169    0.52248    0.46571    0.00792    0.52907
   0.03239    0.22754    0.81218    0.69260    0.39685    0.41301    0.21650    0.32069    0.00167    0.85310    0.05476    0.32255    0.58111    0.91429    0.12872    0.77926    0.54867    0.30191    0.25442    0.59707
   0.00521    0.24154    0.75983    0.28919    0.39685    0.59124    0.26346    0.48515    0.00167    0.73720    0.05476    0.38117    0.63948    0.91429    0.21303    0.61059    0.50847    0.30191    0.20364    0.59707
   0.02626    0.24154    0.75983    0.41171    0.34920    0.59124    0.23634    0.48515    0.00167    0.75934    0.06314    0.38117    0.59215    0.91429    0.28544    0.61142    0.53205    0.28791    0.00792    0.59707
   0.08984    0.15440    0.75983    0.40346    0.41385    0.69347    0.08538    0.43681    0.04669    0.76223    0.02866    0.68454    0.59215    0.91429    0.29370    0.60169    0.50847    0.40308    0.00792    0.66758
   0.02626    0.00915    0.72956    0.39545    0.23930    0.59124    0.08538    0.23401    0.03051    0.83561    0.08452    0.30278    0.59215    0.87290    0.24134    0.78466    0.41191    0.23288    0.00792    0.66758
   0.01272    0.20826    0.72956    0.39545    0.34331    0.59124    0.12371    0.43681    0.00167    0.87011    0.08450    0.38117    0.59215    0.91429    0.29370    0.61834    0.46783    0.23890    0.00792    0.66758
   0.02626    0.15440    0.72241    0.39545    0.39685    0.59124    0.08538    0.43681    0.00167    0.77267    0.09967    0.38117    0.59215    0.91429    0.26616    0.57260    0.50847    0.28791    0.00792    0.66758
   0.02626    0.15440    0.56347    0.49780    0.39685    0.73561    0.17709    0.43681    0.00167    0.77267    0.09967    0.49841    0.68341    0.91429    0.31817    0.41802    0.60807    0.18612    0.00792    0.57708
   0.15228    0.15440    0.62870    0.11311    0.39685    0.52227    0.19083    0.42899    0.00167    0.77267    0.13850    0.38117    0.33491    0.91429    0.27129    0.35785    0.50847    0.12850    0.09490    0.75825
   0.08001    0.15440    0.63036    0.31073    0.40650    0.44266    0.08538    0.47195    0.00167    0.83216    0.08396    0.36855    0.49557    0.91429    0.29370    0.41802    0.48786    0.22362    0.00792    0.59880
   0.11077    0.15289    0.63036    0.35936    0.38546    0.52227    0.12524    0.41627    0.00167    0.77267    0.09045    0.38571    0.59312    0.91429    0.29370    0.41802    0.50847    0.27069    0.00085    0.59880
   0.08001    0.15440    0.56006    0.35936    0.38331    0.46048    0.08538    0.40296    0.00167    0.80142    0.08396    0.38571    0.59215    0.54393    0.31806    0.42849    0.54541    0.27069    0.02110    0.59880
   0.08429    0.15440    0.63036    0.35936    0.38546    0.52227    0.08538    0.43681    0.00167    0.77267    0.08595    0.38571    0.42748    0.84972    0.30002    0.50765    0.51636    0.23572    0.01723    0.59880
   0.12288    0.15440    0.66481    0.18291    0.33229    0.47557    0.09496    0.43681    0.00167    0.79833    0.08595    0.38571    0.51363    0.47959    0.27463    0.45178    0.47415    0.27069    0.00085    0.59880
   0.08001    0.16210    0.60269    0.24950    0.36733    0.52227    0.10170    0.41900    0.00167    0.78896    0.08595    0.36640    0.59215    0.84972    0.28643    0.45619    0.50847    0.20252    0.00085    0.59880
   0.11495    0.19131    0.63036    0.35936    0.38699    0.54665    0.11053    0.41900    0.00167    0.77267    0.08595    0.38571    0.59215    0.45979    0.29370    0.45178    0.47334    0.27069    0.11153    0.28485
   0.08001    0.20752    0.63036    0.24108    0.35973    0.52227    0.08705    0.41900    0.00167    0.78848    0.02561    0.37729    0.59215    0.76900    0.29524    0.40187    0.41778    0.27069    0.00085    0.00142
   0.08001    0.19143    0.64123    0.17373    0.35973    0.48574    0.10132    0.41900    0.00167    0.77267    0.02561    0.38571    0.62386    0.69727    0.29411    0.45178    0.48968    0.27069    0.00085    0.00326
   0.06751    0.19131    0.61222    0.36885    0.36784    0.51048    0.10170    0.41900    0.00167    0.79204    0.06037    0.38571    0.58138    0.79416    0.28647    0.45178    0.48968    0.27069    0.00085    0.42713
   0.08001    0.19131    0.63036    0.35936    0.37621    0.55814    0.13363    0.55880    0.00167    0.75864    0.02561    0.38571    0.55852    0.88808    0.29370    0.33823    0.45479    0.27069    0.06885    0.42713
   0.08001    0.24922    0.53740    0.36929    0.32635    0.52227    0.10170    0.55176    0.00167    0.77267    0.02561    0.68679    0.57402    0.85659    0.29370    0.44537    0.42925    0.27069    0.07303    0.00087
   0.09861    0.23226    0.58700    0.29547    0.36171    0.52227    0.10087    0.41900    0.00167    0.77969    0.03621    0.38571    0.59215    0.84972    0.28975    0.45178    0.43864    0.27069    0.00085    0.35445
   0.10911    0.20120    0.63036    0.29596    0.31564    0.52227    0.10170    0.41900    0.00167    0.78880    0.02561    0.38962    0.59215    0.84972    0.28975    0.45178    0.43562    0.27069    0.00085    0.43308
   0.10135    0.18439    0.65548    0.47700    0.34528    0.44368    0.09108    0.64070    0.00167    0.79295    0.02047    0.38571    0.59215    0.84972    0.28252    0.41731    0.43864    0.26409    0.00085    0.42713
   0.09861    0.18439    0.66256    0.32150    0.35973    0.44368    0.10170    0.41900    0.01193    0.76924    0.07294    0.43757    0.57452    0.61697    0.29350    0.45178    0.43864    0.27381    0.00085    0.42713
   0.08380    0.19593    0.64795    0.35936    0.35877    0.44368    0.13110    0.38302    0.00167    0.77162    0.02561    0.40294    0.58159    0.91371    0.28975    0.44380    0.44248    0.27953    0.00085    0.42713
   0.08976    0.18713    0.63036    0.35936    0.36517    0.44368    0.10597    0.38302    0.00167    0.77412    0.02561    0.38571    0.59215    0.93651    0.28975    0.44380    0.43329    0.27069    0.00085    0.42713
   0.09861    0.18713    0.60142    0.35936    0.35973    0.44368    0.11620    0.31095    0.00167    0.77958    0.04214    0.38571    0.61839    0.93651    0.29165    0.39130    0.43898    0.27069    0.00085    0.42713
   0.09231    0.20043    0.61353    0.29888    0.39723    0.48000    0.12432    0.12216    0.00167    0.77412    0.03403    0.38571    0.59215    0.99793    0.28182    0.44380    0.39874    0.26984    0.00085    0.21127
   0.09394    0.18713    0.58291    0.33571    0.35973    0.41689    0.13110    0.38302    0.00399    0.77412    0.02561    0.38571    0.59215    0.91593    0.27865    0.49530    0.39874    0.27136    0.00235    0.19651
   0.09861    0.19227    0.54140    0.34320    0.36181    0.45706    0.12127    0.38302    0.00167    0.77412    0.02561    0.38571    0.59215    0.94210    0.27915    0.46032    0.39874    0.27297    0.00085    0.42713
   0.09861    0.19074    0.58291    0.35936    0.34116    0.44042    0.15872    0.34755    0.00167    0.78036    0.02561    0.38571    0.59215    0.93396    0.27466    0.45422    0.33737    0.27069    0.06373    0.50557
   0.09347    0.18713    0.57055    0.35936    0.36181    0.44042    0.13110    0.24968    0.00667    0.77412    0.04865    0.38571    0.59215    0.75061    0.28182    0.46032    0.31637    0.27032    0.00085    0.28796
   0.09861    0.17736    0.57182    0.32115    0.37703    0.44042    0.11711    0.32653    0.00167    0.76938    0.05017    0.39224    0.59215    0.87931    0.28182    0.46032    0.29309    0.27069    0.00085    0.42713
   0.09205    0.18713    0.57748    0.35936    0.36810    0.43233    0.11711    0.34111    0.00167    0.60714    0.03246    0.38571    0.59215    0.89970    0.28245    0.46032    0.33737    0.27339    0.00027    0.42713
   0.10647    0.22653    0.58291    0.41592    0.36181    0.48226    0.11071    0.38302    0.00167    0.46429    0.02561    0.40763    0.59215    0.77651    0.75000    0.47408    0.35459    0.27607    0.00085    0.42724
   0.09697    0.20999    0.57944    0.35936    0.36938    0.45902    0.11711    0.32021    0.00167    0.89286    0.01915    0.41720    0.59215    0.85091    0.03571    0.49100    0.33737    0.28211    0.02863    0.42713
   0.75000    0.18713    0.55982    0.33585    0.36624    0.45902    0.10475    0.34179    0.00167    0.32143    0.02928    0.40623    0.59093    0.89970    0.60714    0.46032    0.33737    0.27635    0.00085    0.41479
   0.67857    0.17897    0.58289    0.35775    0.36615    0.45902    0.11711    0.37483    0.00167    0.17857    0.02561    0.40046    0.59215    0.90312    0.32143    0.45933    0.33737    0.27871    0.00085    0.42713
   0.46429    0.18115    0.57944    0.37624    0.36181    0.45902    0.11711    0.38302    0.01318    0.96429    0.02896    0.38571    0.59215    0.89970    0.82143    0.48514    0.33737    0.27339    0.00085    0.31622
   0.10714    0.17826    0.57944    0.35936    0.36769    0.43198    0.12037    0.25412    0.00167    0.25000    0.02698    0.38571    0.59215    0.91745    0.10714    0.49062    0.26706    0.27339    0.02707    0.35813
   0.60714    0.18713    0.57944    0.35936    0.36518    0.45902    0.11279    0.35680    0.00121    0.75000    0.02561    0.39594    0.59215    0.90440    0.46429    0.47690    0.33737    0.46429    0.01119    0.43036
   0.82143    0.18186    0.75000    0.35936    0.36552    0.45902    0.11279    0.36566    0.00167    0.03571    0.02561    0.39274    0.59215    0.89970    0.53571    0.47690    0.35479    0.67857    0.00702    0.43036
   0.03571    0.16404    0.96429    0.35936    0.89286    0.43991    0.11279    0.36566    0.00167    0.82143    0.02561    0.38571    0.59215    0.89970    0.89286    0.47690    0.33737    0.82143    0.00085    0.43036
   0.96429    0.17043    0.17857    0.33609    0.25000    0.44474    0.11026    0.28930    0.00167    0.67857    0.03453    0.38571    0.60427    0.89970    0.17857    0.47690    0.33737    0.89286    0.00085    0.53625
   0.17857    0.18186    0.10714    0.37660    0.03571    0.44889    0.11849    0.34721    0.00167    0.10714    0.03453    0.39728    0.60714    0.90044    0.67857    0.47258    0.33737    0.39286    0.00857    0.49807
   0.39286    0.18323    0.39286    0.35936    0.53571    0.44889    0.11585    0.36566    0.00003    0.53571    0.03453    0.39085    0.46429    0.89970    0.39286    0.47001    0.34400    0.03571    0.00855    0.53625
   0.89286    0.18323    0.32143    0.35936    0.39286    0.45512    0.12046    0.36566    0.00616    0.39286    0.25000    0.38571    0.67857    0.83112    0.96429    0.47083    0.34351    0.25000    0.00085    0.59538
   0.53571    0.17956    0.46429    0.35936    0.32143    0.46155    0.82143    0.36566    0.00167    0.81686    0.67857    0.38571    0.17857    0.74898    0.25000    0.48707    0.33737    0.75000    0.00085    0.53625
   0.32143    0.17633    0.53571    0.35936    0.17857    0.45169    0.75000    0.37386    0.00018    0.64818    0.39286    0.38571    0.03571    0.83112    0.16878    0.47784    0.34533    0.96429    0.00497    0.46173
   0.25000    0.18368    0.67857    0.35936    0.82143    0.45232    0.10714    0.35898    0.00004    0.54928    0.82143    0.38693    0.10714    0.83112    0.71249    0.47601    0.34321    0.60714    0.00798    0.50345
   0.26044    0.18323    0.60714    0.43182    0.67857    0.44889    0.67857    0.36566    0.00004    0.10070    0.89286    0.38571    0.75000    0.83112    0.82143    0.47083    0.33737    0.10714    0.00497    0.34666
   0.34366    0.18323    0.89286    0.35936    0.60714    0.25000    0.96429    0.36566    0.00004    0.32143    0.96429    0.38940    0.25000    0.77012    0.58129    0.47137    0.33737    0.17857    0.01106    0.39871
   0.31915    0.18323    0.82143    0.39740    0.46429    0.96429    0.60714    0.36566    0.00004    0.76568    0.53571    0.38571    0.89286    0.77012    0.03142    0.47137    0.53571    0.32143    0.00497    0.39871
   0.46429    0.18323    0.03571    0.35936    0.96429    0.53571    0.46429    0.36566    0.00004    0.32143    0.46429    0.89286    0.96429    0.79907    0.43102    0.47137    0.60714    0.53571    0.00841    0.39871
   0.97788    0.39286    0.25000    0.35936    0.75000    0.67857    0.53571    0.38541    0.00004    0.32143    0.03571    0.32143    0.82143    0.79907    0.35281    0.47950    0.96429    0.09691    0.02200    0.23809
   0.23140    0.03571    0.93975    0.43802    0.10714    0.60714    0.39286    0.36566    0.00004    0.51942    0.10714    0.53571    0.32143    0.79907    0.17552    0.46123    0.89286    0.80348    0.60714    0.31466
   0.55707    0.10714    0.11092    0.38519    0.25227    0.10714    0.03571    0.36566    0.00004    0.46930    0.17857    0.82143    0.53571    0.79907    0.08953    0.47137    0.82143    0.45954    0.17857    0.46283
   0.55707    0.75000    0.72926    0.36702    0.15907    0.17857    0.32143    0.36566    0.00004    0.29957    0.60714    0.96429    0.39286    0.78569    0.40478    0.46959    0.32143    0.46429    0.32143    0.43116
   0.31381    0.46429    0.84072    0.40007    0.49193    0.82143    0.89286    0.40074    0.01016    0.32143    0.32143    0.39286    0.49660    0.78569    0.38455    0.47137    0.25000    0.46429    0.46429    0.52502
   0.78556    0.82143    0.37885    0.33502    0.27120    0.89286    0.25000    0.34426    0.67857    0.61174    0.75000    0.75000    0.09234    0.78569    0.35281    0.47137    0.75000    0.17779    0.25000    0.53226
   0.55343    0.67857    0.75000    0.35749    0.12462    0.39286    0.17857    0.34786    0.17857    0.32143    0.85978    0.25000    0.10714    0.73355    0.11569    0.60714    0.67857    0.46429    0.96429    0.46283
   0.60808    0.32143    0.75000    0.33502    0.40626    0.32143    0.86927    0.36566    0.25000    0.24798    0.80581    0.60714    0.10714    0.73355    0.75805    0.03571    0.17857    0.46429    0.10714    0.46283
   0.65386    0.17857    0.75000    0.33502    0.25000    0.46429    0.23479    0.36566    0.46429    0.41265    0.95507    0.03571    0.18140    0.63915    0.35281    0.75000    0.10714    0.00277    0.89286    0.46283
   0.58676    0.53571    0.80054    0.31389    0.23887    0.03571    0.36580    0.82143    0.60714    0.48769    0.95756    0.17857    0.10714    0.69726    0.35281    0.82143    0.03571    0.09399    0.03571    0.53371
   0.52450    0.25000    0.72321    0.33502    0.29487    0.75000    0.60714    0.67857    0.03571    0.21401    0.95756    0.46429    0.06466    0.73355    0.65009    0.10714    0.39286    0.26663    0.75000    0.48660
   0.55707    0.89286    0.75000    0.33502    0.09632    0.93393    0.28074    0.03571    0.89286    0.29575    0.97751    0.67857    0.13791    0.75876    0.03014    0.46429    0.46429    0.46429    0.53571    0.53371
   0.69873    0.96429    0.75000    0.38450    0.21132    0.68925    0.90470    0.60714    0.10714    0.34050    0.95756    0.10714    0.26485    0.73355    0.35281    0.67857    0.26325    0.46429    0.67857    0.61641
   0.64922    0.60714    0.69910    0.38450    0.10877    0.93393    0.60714    0.53571    0.96429    0.34050    0.96281    0.94864    0.48784    0.75316    0.35281    0.32143    0.01120    0.46429    0.82143    0.53371
   0.55707    0.07334    0.77277    0.40119    0.43640    0.57692    0.74046    0.10714    0.39286    0.34050    0.95756    0.78097    0.31625    0.74828    0.35281    0.53571    0.34962    0.30437    0.39286    0.53371
   0.57499    0.09208    0.72291    0.40119    0.21132    0.93393    0.60714    0.25000    0.53571    0.34050    0.99691    0.86706    0.35041    0.74828    0.69073    0.89286    0.30953    0.46429    0.98408    0.56339
   0.57499    0.02872    0.80050    0.40119    0.33079    0.75270    0.82845    0.75000    0.75000    0.33913    0.95756    0.95973    0.54688    0.69612    0.35281    0.17857    0.02583    0.66183    0.21174    0.53371
   0.57499    0.00765    0.81686    0.40119    0.21132    0.93393    0.48086    0.89286    0.82143    0.26070    0.95756    0.51109    0.42192    0.74828    0.35281    0.25000    0.05434    0.46429    0.32143    0.53371
   0.57499    0.01751    0.75000    0.40119    0.21132    0.93393    0.60714    0.46429    0.32143    0.33913    0.95756    0.91085    0.21425    0.77290    0.35281    0.96429    0.30953    0.46429    0.41132    0.53371
   0.56665    0.30307    0.75000    0.38671    0.21132    0.93393    0.97835    0.39286    0.32027    0.33913    0.82616    0.89286    0.35041    0.74310    0.29750    0.39286    0.30953    0.60203    0.35153    0.53371
   0.63040    0.03571    0.75000    0.40119    0.21132    0.93393    0.97835    0.96429    0.07939    0.32309    0.95857    0.91572    0.51780    0.74310    0.35281    0.29504    0.79055    0.46429    0.03989    0.51087
   0.57499    0.15352    0.93789    0.38306    0.21132    0.97365    0.97835    0.32143    0.17655    0.32309    0.90613    0.85276    0.35041    0.74310    0.35281    0.00985    0.50312    0.58253    0.14489    0.57877
   0.59421    0.12625    0.75000    0.38306    0.36234    0.93057    0.97835    0.17857    0.04735    0.46214    0.95857    0.95789    0.51954    0.74310    0.35281    0.16290    0.21153    0.46429    0.06483    0.53446
   0.59454    0.03001    0.75000    0.38306    0.21132    0.93393    0.96911    0.88272    0.07235    0.36863    0.93548    0.95789    0.35057    0.74310    0.00218    0.05997    0.30008    0.40207    0.03358    0.53446
   0.57499    0.03571    0.75000    0.42320    0.21480    0.93393    0.86798    0.25115    0.40036    0.35785    0.97331    0.95789    0.35057    0.73088    0.17369    0.48510    0.30008    0.36923    0.00558    0.53446
   0.57716    0.03571    0.75000    0.33728    0.21480    0.98869    0.97835    0.17493    0.17655    0.35785    0.97451    0.99918    0.32368    0.73088    0.08366    0.17857    0.33838    0.17941    0.03241    0.52082
   0.56838    0.09327    0.75000    0.40232    0.21480    0.93393    0.97835    0.02788    0.04885    0.42611    0.87193    0.89474    0.46928    0.73088    0.07290    0.24944    0.30008    0.41201    0.03241    0.53446
   0.57716    0.03571    0.78442    0.38306    0.21480    0.93393    0.97835    0.63885    0.04885    0.34875    0.95857    0.92400    0.43381    0.72427    0.08366    0.17857    0.30008    0.36923    0.32188    0.52265
   0.47218    0.09572    0.75000    0.89286    0.28422    0.79550    0.97523    0.10974    0.02686    0.35785    0.91487    0.90083    0.46093    0.76623    0.08366    0.17857    0.29684    0.36923    0.26174    0.52265
   0.55547    0.03571    0.46779    0.39286    0.24934    0.76878    0.97835    0.01178    0.04885    0.35785    0.93734    0.89474    0.46928    0.73088    0.10767    0.17857    0.06963    0.27087    0.00512    0.52265
   0.53435    0.06084    0.65042    0.82143    0.10742    0.79107    0.97835    0.15408    0.00563    0.42710    0.91487    0.59649    0.44758    0.75205    0.08366    0.57969    0.11904    0.26776    0.03241    0.53387
   0.60383    0.03571    0.77507    0.25000    0.24934    0.63205    0.39209    0.33962    0.04885    0.35785    0.90620    0.67696    0.50741    0.73088    0.08366    0.64605    0.28138    0.38949    0.03241    0.52265
   0.57716    0.03348    0.77507    0.53571    0.24934    0.66571    0.63575    0.33332    0.01784    0.35785    0.91487    0.81086    0.69835    0.73088    0.08366    0.23401    0.15764    0.36923    0.03241    0.52265
   0.60198    0.03348    0.77507    0.67857    0.24934    0.60811    0.81124    0.44337    0.04885    0.48463    0.91487    0.91641    0.50741    0.73088    0.08366    0.79700    0.24447    0.42541    0.03241    0.52265
   0.56313    0.03348    0.86218    0.96429    0.32351    0.69949    0.95926    0.40379    0.04885    0.35785    0.84080    0.60938    0.50741    0.73088    0.13412    0.57969    0.22489    0.36923    0.03241    0.52265
   0.56313    0.01077    0.69605    0.03571    0.24934    0.56298    0.90566    0.40379    0.46996    0.34414    0.84389    0.77859    0.50741    0.73088    0.54631    0.68078    0.24734    0.36923    0.18474    0.52265
   0.54598    0.06185    0.69605    0.32143    0.24934    0.64740    0.67784    0.14436    0.13116    0.35785    0.89151    0.90592    0.50741    0.73088    0.08366    0.80493    0.48410    0.36923    0.02194    0.52265
   0.53956    0.07277    0.69605    0.46429    0.24934    0.61206    0.95926    0.26906    0.04885    0.35033    0.91487    0.92604    0.50741    0.73088    0.08366    0.68078    0.46147    0.40623    0.18474    0.52265
   0.53956    0.06185    0.69605    0.75000    0.24934    0.66571    0.97553    0.30054    0.04885    0.40559    0.91487    0.56129    0.50741    0.73088    0.08366    0.63403    0.50577    0.36923    0.18474    0.52265
   0.53045    0.06185    0.69605    0.17857    0.24934    0.57392    0.87394    0.30054    0.41740    0.41432    0.93101    0.86485    0.50741    0.74029    0.27255    0.63403    0.44651    0.36923    0.29992    0.52265
   0.50574    0.06185    0.69605    0.60714    0.20900    0.49605    0.95926    0.51955    0.07919    0.40559    0.98437    0.85308    0.50741    0.73088    0.01900    0.98440    0.60333    0.36923    0.04158    0.52265
   0.53045    0.06185    0.24814    0.10714    0.24810    0.54115    0.87448    0.36786    0.04885    0.40559    0.93101    0.72880    0.50741    0.71469    0.08366    0.91570    0.44678    0.36923    0.13921    0.55810
   0.53045    0.12660    0.69605    0.89476    0.05613    0.58041    0.95926    0.34427    0.02130    0.44855    0.84160    0.70841    0.48136    0.72256    0.08366    0.63403    0.53740    0.38522    0.06067    0.52265
   0.53325    0.03025    0.69605    0.35313    0.20900    0.57392    0.85079    0.31034    0.02130    0.44133    0.84160    0.76905    0.43504    0.72256    0.08366    0.63403    0.49517    0.38016    0.04158    0.52265
   0.50490    0.03119    0.69605    0.34959    0.20900    0.57392    0.78465    0.30087    0.02130    0.44133    0.84160    0.82205    0.48136    0.72256    0.08366    0.63403    0.43919    0.36923    0.01252    0.54044
   0.50893    0.06185    0.67442    0.53134    0.23173    0.62195    0.99888    0.34427    0.02130    0.45588    0.85677    0.73010    0.55097    0.71863    0.06390    0.92953    0.51347    0.36923    0.02411    0.52265
   0.53045    0.03792    0.71729    0.55566    0.20900    0.57867    0.95926    0.34427    0.02130    0.44133    0.77049    0.74811    0.48136    0.72256    0.06390    0.60309    0.51347    0.36923    0.04158    0.52265
   0.53045    0.06185    0.69605    0.73775    0.20900    0.57294    0.95926    0.34427    0.02130    0.39972    0.79189    0.76103    0.48136    0.72543    0.00026    0.63403    0.51347    0.36923    0.04158    0.52265
   0.51311    0.03756    0.68323    0.51162    0.23239    0.54100    0.95926    0.24589    0.32584    0.42242    0.84160    0.82205    0.82652    0.70264    0.06390    0.60150    0.57820    0.38487    0.04104    0.82143
   0.52071    0.05224    0.90059    0.62215    0.20900    0.58842    0.95926    0.28498    0.02130    0.44133    0.84160    0.82205    0.38197    0.53571    0.03075    0.80240    0.51347    0.36923    0.04158    0.03571
   0.51311    0.07547    0.41964    0.51162    0.13198    0.58842    0.95926    0.24589    0.03321    0.43120    0.84300    0.82205    0.48136    0.67857    0.15283    0.57127    0.50819    0.40134    0.01956    0.53571
   0.51948    0.05061    0.59585    0.51162    0.20900    0.63005    0.79924    0.24589    0.03771    0.44024    0.83290    0.82205    0.45277    0.89286    0.04065    0.63403    0.54146    0.38255    0.23970    0.32143
   0.49502    0.04563    0.59585    0.65883    0.20900    0.63005    0.82760    0.24589    0.03612    0.44133    0.85575    0.82205    0.69169    0.17857    0.09243    0.51232    0.49904    0.36923    0.23970    0.39286
   0.51143    0.07547    0.59585    0.36003    0.20900    0.63982    0.98286    0.24589    0.02130    0.44133    0.81855    0.65480    0.70511    0.96429    0.10465    0.36260    0.47478    0.36923    0.16783    0.25000
   0.52025    0.11028    0.59585    0.51162    0.23549    0.63982    0.95926    0.24589    0.02130    0.45738    0.81855    0.66276    0.42401    0.75000    0.12716    0.60230    0.51347    0.36923    0.23970    0.89286
   0.51311    0.09711    0.56141    0.53124    0.20900    0.63982    0.95926    0.32103    0.02130    0.44133    0.81855    0.65480    0.42401    0.60714    0.21338    0.64682    0.51347    0.37779    0.23970    0.10714
   0.51367    0.07547    0.59585    0.51162    0.22771    0.61064    0.95926    0.07465    0.02130    0.44133    0.81855    0.65480    0.19903    0.39286    0.18493    0.79018    0.51347    0.36923    0.23970    0.75000
   0.51878    0.07547    0.49881    0.51162    0.21535    0.63982    0.95926    0.15736    0.02130    0.44133    0.81855    0.72582    0.42401    0.25000    0.20696    0.53872    0.51691    0.34998    0.23970    0.60714
   0.51367    0.07547    0.59585    0.33573    0.20900    0.63982    0.95926    0.21567    0.02130    0.41136    0.81855    0.72233    0.42401    0.03571    0.32453    0.72474    0.51347    0.36923    0.20289    0.67857
   0.51367    0.09129    0.59585    0.51162    0.20900    0.63982    0.95926    0.24589    0.02130    0.44133    0.77680    0.71298    0.42401    0.82143    0.20696    0.63403    0.51347    0.36923    0.20289    0.46429
   0.51367    0.05869    0.59585    0.51162    0.19807    0.63982    0.95926    0.14157    0.02130    0.44133    0.77680    0.65480    0.42401    0.10714    0.28508    0.63403    0.52353    0.36923    0.22272    0.96429
   0.50470    0.07547    0.59585    0.51162    0.21263    0.63982    0.95926    0.24589    0.01479    0.49476    0.77680    0.65480    0.42401    0.32143    0.25517    0.65619    0.52422    0.36693    0.17010    0.17857
   0.51845    0.07547    0.59585    0.66914    0.20900    0.62398    0.95926    0.26605    0.02130    0.46749    0.79833    0.65480    0.42401    0.46429    0.28508    0.63403    0.51347    0.36923    0.23795    0.31928
   0.67857    0.09084    0.57144    0.66242    0.20900    0.63982    0.89128    0.19950    0.06645    0.45667    0.76050    0.67958    0.42401    0.63043    0.28508    0.63403    0.51347    0.36923    0.44767    0.07575
   0.25000    0.07547    0.59585    0.45323    0.20900    0.67217    0.81854    0.26352    0.07645    0.44133    0.79928    0.67958    0.42401    0.03985    0.28508    0.56204    0.51350    0.36923    0.40517    0.15124
   0.60714    0.07547    0.59585    0.51162    0.21384    0.65426    0.89128    0.26352    0.07780    0.42768    0.78089    0.78688    0.42401    0.08617    0.28508    0.63403    0.53209    0.39286    0.57568    0.27462
   0.82143    0.07547    0.62057    0.51162    0.20900    0.64920    0.89128    0.26534    0.08543    0.44133    0.77478    0.67958    0.42401    0.03985    0.28508    0.68729    0.52091    0.03571    0.40517    0.18906
   0.10714    0.08214    0.59585    0.51162    0.20900    0.63982    0.70739    0.33509    0.21073    0.44133    0.77684    0.67958    0.42401    0.62640    0.29311    0.68729    0.51635    0.53571    0.66932    0.00977
   0.46429    0.07034    0.59585    0.51162    0.21014    0.63982    0.79303    0.33509    0.13085    0.44133    0.78334    0.67958    0.24629    0.03985    0.24550    0.70191    0.51347    0.25000    0.40517    0.15124
   0.03571    0.07547    0.65083    0.49437    0.20900    0.65355    0.89128    0.33509    0.14453    0.43655    0.77478    0.67958    0.33369    0.03978    0.29610    0.71419    0.51999    0.89286    0.40517    0.13918
   0.96429    0.07547    0.64531    0.61135    0.20900    0.65355    0.89896    0.33509    0.10438    0.43707    0.77478    0.67958    0.38022    0.03978    0.34365    0.68729    0.51810    0.17857    0.49320    0.68842
   0.53571    0.06191    0.61503    0.51162    0.20900    0.65355    0.79919    0.32394    0.12623    0.44133    0.77478    0.67958    0.38022    0.24446    0.29610    0.66282    0.51805    0.32143    0.40517    0.68842
   0.89286    0.07547    0.59585    0.49671    0.20900    0.67525    0.91747    0.33509    0.08543    0.44133    0.77478    0.67958    0.38022    0.03978    0.29610    0.68729    0.51347    0.67857    0.40099    0.42510
   0.17857    0.07471    0.59585    0.51162    0.20900    0.68816    0.90433    0.33509    0.08543    0.44133    0.78138    0.75966    0.38022    0.03978    0.29610    0.76322    0.51347    0.82143    0.40517    0.86797
   0.39286    0.06506    0.56126    0.51162    0.75000    0.68816    0.91747    0.32652    0.10945    0.43817    0.77478    0.62218    0.38022    0.03978    0.29610    0.72810    0.51347    0.10714    0.35386    0.99626
   0.75000    0.06780    0.57647    0.37256    0.03571    0.73411    0.91747    0.32652    0.07583    0.43917    0.77478    0.64921    0.38022    0.03978    0.29610    0.68846    0.46429    0.75000    0.40517    0.53527
   0.32143    0.06780    0.56960    0.52973    0.32143    0.68816    0.91747    0.37226    0.08543    0.10714    0.77478    0.67958    0.38022    0.09851    0.29610    0.66216    0.32143    0.46429    0.40517    0.65324
   0.71362    0.06780    0.56126    0.52973    0.60714    0.67562    0.91747    0.32652    0.11145    0.03571    0.77478    0.67958    0.34578    0.09851    0.30565    0.69854    0.10714    0.96429    0.40517    0.65324
   0.29721    0.53571    0.56126    0.52973    0.53571    0.68816    0.91747    0.32652    0.11145    0.25000    0.77478    0.72563    0.33623    0.09851    0.30565    0.68846    0.39286    0.60714    0.40517    0.65324
   0.74547    0.17857    0.46429    0.47310    0.17857    0.71671    0.87256    0.33890    0.11145    0.32143    0.25000    0.69004    0.30273    0.09851    0.34906    0.68846    0.82143    0.68342    0.40517    0.62146
   0.67443    0.96429    0.10714    0.47310    0.10714    0.69830    0.87256    0.32652    0.16114    0.82143    0.53571    0.67958    0.32728    0.09851    0.30565    0.68846    0.25000    0.66179    0.40517    0.42544
   0.63426    0.89286    0.96429    0.47310    0.89286    0.69577    0.90293    0.32652    0.15424    0.46429    0.39286    0.67958    0.23837    0.02082    0.32475    0.70465    0.03571    0.66187    0.47393    0.65324
   0.43643    0.75000    0.39286    0.38232    0.82143    0.69942    0.87256    0.32652    0.15450    0.39286    0.82143    0.72808    0.27375    0.09617    0.33407    0.68846    0.96429    0.66187    0.42273    0.52485
   0.50488    0.39286    0.25000    0.38232    0.46429    0.68816    0.87256    0.18518    0.24360    0.60714    0.67857    0.70219    0.27375    0.04578    0.30565    0.69825    0.75000    0.25763    0.40517    0.65324
   0.48896    0.32143    0.82143    0.38232    0.39286    0.68816    0.83924    0.25817    0.15424    0.53571    0.10714    0.69033    0.27375    0.02082    0.30565    0.65386    0.17857    0.25763    0.40517    0.65324
   0.90666    0.67857    0.67857    0.38232    0.67857    0.68816    0.87256    0.26043    0.15424    0.17857    0.03571    0.65951    0.27375    0.02082    0.32147    0.68846    0.60714    0.13504    0.40517    0.64386
   0.44013    0.60714    0.32143    0.38347    0.96429    0.68816    0.87256    0.26604    0.14405    0.67857    0.96429    0.65951    0.27375    0.02786    0.32147    0.66254    0.89286    0.60267    0.40517    0.97743
   0.48896    0.25000    0.17857    0.41536    0.25000    0.68816    0.89669    0.26043    0.16624    0.75000    0.89286    0.65951    0.27375    0.02082    0.32147    0.68846    0.67857    0.25763    0.40517    0.78718
   0.48896    0.10714    0.75000    0.38232    0.77959    0.70359    0.87256    0.26043    0.12527    0.96429    0.32143    0.65951    0.27375    0.00772    0.32147    0.69487    0.53571    0.38863    0.40517    0.64386
   0.31486    0.03571    0.60714    0.38232    0.32143    0.68816    0.87256    0.26043    0.12527    0.89286    0.17857    0.65951    0.23198    0.02082    0.32147    0.70118    0.54622    0.38863    0.40517    0.64386
   0.65147    0.82143    0.03571    0.38232    0.73084    0.68816    0.88943    0.27143    0.12527    0.02565    0.60714    0.69084    0.27950    0.00011    0.32147    0.67873    0.02982    0.38863    0.40517    0.63259
   0.48896    0.46429    0.89286    0.38232    0.39224    0.68816    0.90379    0.19822    0.10319    0.34197    0.46429    0.68492    0.27625    0.29601    0.30644    0.67319    0.04981    0.55524    0.33070    0.81997
   0.48896    0.98700    0.53571    0.38232    0.39224    0.68816    0.88943    0.19822    0.12527    0.46429    0.75000    0.68492    0.31863    0.00011    0.30644    0.67629    0.34574    0.41763    0.36057    0.56766
   0.78525    0.33761    0.39371    0.38232    0.39224    0.68816    0.88943    0.17946    0.12527    0.40600    0.64475    0.70451    0.29726    0.00011    0.30644    0.69661    0.03667    0.27379    0.36057    0.56766
   0.48896    0.67857    0.50213    0.32376    0.39230    0.68816    0.88113    0.17946    0.12092    0.87727    0.05153    0.68492    0.27950    0.00011    0.28792    0.68746    0.25000    0.38863    0.36057    0.33582
   0.52590    0.67857    0.56443    0.38232    0.39224    0.68816    0.88113    0.05134    0.10650    0.77390    0.09855    0.68492    0.25915    0.03029    0.30644    0.67873    0.25000    0.38863    0.35252    0.56766
   0.47482    0.47417    0.55821    0.35117    0.12784    0.68816    0.88407    0.17946    0.11200    0.46429    0.05279    0.68492    0.27950    0.00011    0.30644    0.67873    0.25000    0.85850    0.34781    0.44092
   0.77460    0.71500    0.74684    0.38232    0.15339    0.68816    0.88113    0.21888    0.10650    0.59770    0.48222    0.70438    0.29674    0.00011    0.30644    0.67873    0.25000    0.41623    0.36057    0.56766
   0.22342    0.98349    0.99373    0.38232    0.39224    0.69278    0.88113    0.17946    0.11835    0.69270    0.00426    0.66780    0.27950    0.00446    0.30644    0.67873    0.10395    0.38863    0.37197    0.56766
   0.47482    0.49374    0.55821    0.41526    0.39224    0.71481    0.85564    0.17946    0.10650    0.78340    0.48222    0.68492    0.29224    0.12137    0.29375    0.67873    0.05362    0.38863    0.37197    0.56766
   0.47482    0.71539    0.55821    0.38232    0.39224    0.70124    0.88113    0.17946    0.08975    0.61590    0.48222    0.68492    0.28828    0.06877    0.29375    0.67873    0.00886    0.38863    0.28899    0.48126
   0.12233    0.96001    0.20122    0.38232    0.58121    0.70669    0.88113    0.20246    0.10650    0.59770    0.03945    0.67563    0.28828    0.07495    0.29375    0.68741    0.05362    0.28068    0.37197    0.56766
   0.00362    0.67917    0.55821    0.38232    0.39224    0.69278    0.88113    0.17946    0.10714    0.97197    0.31014    0.69714    0.29213    0.00011    0.29837    0.32143    0.00519    0.38863    0.38739    0.56766
   0.41564    0.71500    0.54948    0.35357    0.39224    0.60714    0.86596    0.17946    0.32143    0.59770    0.48222    0.67304    0.28736    0.00011    0.30449    0.82143    0.05362    0.39740    0.37197    0.32998
   0.44171    0.71500    0.55821    0.36761    0.23813    0.46429    0.86720    0.11751    0.96429    0.65757    0.41019    0.69021    0.28828    0.00011    0.29750    0.10714    0.03875    0.38863    0.34892    0.56766
   0.71928    0.61002    0.57579    0.36761    0.55414    0.67857    0.88113    0.17946    0.17857    0.59770    0.41019    0.68492    0.28828    0.00011    0.29375    0.60714    0.03875    0.39903    0.37990    0.56766
   0.32254    0.71500    0.70513    0.36761    0.39224    0.82143    0.88113    0.17946    0.25000    0.44511    0.33345    0.67857    0.28828    0.00011    0.29375    0.96429    0.03875    0.38863    0.37197    0.70165
   0.44171    0.71500    0.50446    0.36450    0.39224    0.10714    0.88113    0.17946    0.60714    0.07165    0.33345    0.39286    0.28828    0.02103    0.29375    0.46429    0.03875    0.57512    0.34789    0.70165
   0.44171    0.43453    0.55821    0.36761    0.31421    0.25000    0.75000    0.17946    0.53571    0.24512    0.33345    0.03571    0.29706    0.00011    0.29273    0.25000    0.06097    0.57512    0.37197    0.62671
   0.01779    0.43453    0.46674    0.36761    0.39224    0.96429    0.10714    0.67857    0.46429    0.27766    0.46187    0.53571    0.28828    0.00011    0.29273    0.75000    0.06097    0.51302    0.34456    0.62671
   0.15470    0.43453    0.69525    0.36761    0.39224    0.03571    0.60714    0.39286    0.39286    0.44511    0.46187    0.17857    0.28828    0.00011    0.29273    0.53571    0.06097    0.57512    0.36392    0.62671
   0.46651    0.43453    0.55821    0.36761    0.39224    0.75000    0.96429    0.25000    0.75000    0.54002    0.46187    0.89286    0.28828    0.00011    0.30033    0.03571    0.04937    0.57512    0.37197    0.62671
   0.44171    0.34666    0.55821    0.36761    0.39224    0.89286    0.46429    0.17857    0.82143    0.53990    0.41455    0.75000    0.30028    0.00011    0.29796    0.39286    0.12676    0.49658    0.37197    0.68738
   0.93708    0.05695    0.55821    0.36761    0.39224    0.17857    0.17857    0.46429    0.03571    0.48761    0.46187    0.25000    0.46429    0.00011    0.29273    0.89286    0.12676    0.51116    0.37197    0.62671
   0.77946    0.43453    0.60680    0.35077    0.52844    0.32143    0.32143    0.03571    0.67857    0.48761    0.30072    0.10714    0.67857    0.00011    0.29273    0.17857    0.37893    0.53189    0.35054    0.60770
   0.44171    0.43453    0.55821    0.38184    0.52844    0.53571    0.67857    0.89286    0.89286    0.48761    0.30072    0.82143    0.03571    0.00011    0.32143    0.67857    0.12676    0.52057    0.37197    0.62671
   0.44171    0.95633    0.54110    0.37070    0.63877    0.39286    0.82143    0.10714    0.86299    0.48761    0.30072    0.46429    0.82143    0.00011    0.75000    0.02450    0.12676    0.51116    0.37197    0.59741
   0.44171    0.80971    0.35284    0.36761    0.81507    0.20605    0.53571    0.96429    0.00871    0.48761    0.12410    0.96429    0.39286    0.00011    0.89286    0.16790    0.45482    0.54902    0.37197    0.62671
   0.11413    0.80971    0.54110    0.36761    0.47913    0.15223    0.03571    0.53571    0.25000    0.18615    0.20942    0.60714    0.10714    0.00011    0.17857    0.29858    0.78220    0.54902    0.37197    0.62671
   0.44171    0.66596    0.54110    0.37427    0.47913    0.60714    0.39286    0.82143    0.25000    0.61880    0.30402    0.32143    0.25000    0.02367    0.96429    0.10714    0.63721    0.50028    0.37197    0.62671
   0.44171    0.66596    0.51100    0.36801    0.47913    0.33535    0.89286    0.75000    0.00521    0.48761    0.30072    0.28614    0.75000    0.00095    0.60714    0.10714    0.38770    0.54902    0.33313    0.62671
   0.07602    0.66596    0.17553    0.36761    0.65442    0.97498    0.25000    0.60714    0.36142    0.48761    0.44960    0.40579    0.89286    0.00011    0.46429    0.66898    0.45482    0.58323    0.37197    0.62038
   0.44171    0.94880    0.51100    0.17857    0.81597    0.37820    0.81579    0.32143    0.25207    0.48761    0.33242    0.74303    0.60714    0.00011    0.53571    0.10714    0.54824    0.58323    0.37197    0.62671
   0.44171    0.86747    0.40045    0.46429    0.74200    0.47111    0.99941    0.37671    0.25207    0.48761    0.30072    0.34490    0.17857    0.00011    0.39286    0.14752    0.45482    0.65842    0.40370    0.62671
   0.44171    0.86747    0.51100    0.03571    0.65442    0.53795    0.75000    0.03571    0.10399    0.48761    0.30072    0.12659    0.96429    0.00149    0.03571    0.10714    0.45482    0.73310    0.39262    0.62671
   0.76135    0.74852    0.51100    0.25000    0.65442    0.27594    0.75271    0.09507    0.25207    0.48761    0.21245    0.80460    0.32143    0.00011    0.82143    0.05563    0.45482    0.80288    0.39262    0.62671
   0.92797    0.86747    0.32754    0.67857    0.65442    0.53795    0.89974    0.13391    0.21124    0.47373    0.30072    0.80460    0.53571    0.00011    0.10714    0.01205    0.54278    0.75140    0.38211    0.67880
   0.44171    0.99804    0.51100    0.89286    0.65442    0.43849    0.36676    0.30921    0.26141    0.39433    0.30072    0.80460    0.16409    0.00484    0.25000    0.01197    0.45482    0.72319    0.39262    0.67880
   0.44171    0.86747    0.51100    0.60714    0.65442    0.49892    0.98867    0.03571    0.53784    0.39433    0.27014    0.52429    0.02702    0.00355    0.67857    0.01197    0.45482    0.73310    0.39182    0.77691
   0.44171    0.86747    0.84441    0.39286    0.58331    0.53795    0.75000    0.10208    0.25207    0.39433    0.30072    0.80340    0.39780    0.00011    0.02981    0.01197    0.45482    0.76581    0.38303    0.72547
   0.24376    0.99801    0.69171    0.10714    0.65442    0.51666    0.47666    0.03571    0.24002    0.39433    0.30072    0.64965    0.46429    0.00011    0.03638    0.01197    0.50394    0.76581    0.38303    0.72547
   0.44171    0.86747    0.51100    0.32143    0.65442    0.53795    0.63971    0.57633    0.20963    0.32955    0.27222    0.80460    0.46429    0.00011    0.32143    0.01197    0.45482    0.76581    0.36661    0.72547
   0.44171    0.98272    0.47928    0.75000    0.51850    0.53495    0.75000    0.95512    0.05499    0.39433    0.30072    0.55973    0.48688    0.00011    0.27372    0.34802    0.44211    0.76581    0.38303    0.72547
   0.15768    0.66153    0.51100    0.96429    0.66079    0.78357    0.75000    0.66181    0.14628    0.39433    0.37715    0.80460    0.46429    0.00011    0.56742    0.01197    0.34150    0.82792    0.38303    0.72357
   0.99370    0.75778    0.51100    0.53571    0.67741    0.53495    0.92647    0.57633    0.22611    0.39433    0.30072    0.80460    0.46265    0.00011    0.32143    0.01197    0.44211    0.76581    0.38303    0.72357
   0.44171    0.75778    0.51100    0.82143    0.67741    0.53495    0.75000    0.75953    0.16228    0.49520    0.30072    0.80460    0.22410    0.00011    0.10468    0.01197    0.44211    0.76581    0.38303    0.72357
   0.44171    0.78313    0.51100    0.00210    0.67741    0.51726    0.75000    0.65557    0.20963    0.48665    0.30072    0.80460    0.46429    0.00011    0.40969    0.24885    0.44211    0.76581    0.38303    0.72357
   0.44171    0.75778    0.51100    0.17670    0.77876    0.58480    0.75000    0.82086    0.20963    0.45970    0.30072    0.80460    0.46429    0.75000    0.10497    0.01197    0.44211    0.76581    0.17857    0.69802
   0.44171    0.81803    0.55345    0.00590    0.63185    0.51726    0.97426    0.57633    0.20963    0.38936    0.18110    0.80460    0.46429    0.32143    0.26412    0.01197    0.44211    0.76581    0.46429    0.72357
   0.44171    0.75778    0.51100    0.12021    0.66084    0.44232    0.46922    0.52622    0.18977    0.45970    0.31251    0.80460    0.73100    0.17857    0.32143    0.01197    0.44211    0.79760    0.25000    0.72357
   0.44171    0.84873    0.51100    0.12021    0.50815    0.44232    0.75000    0.28008    0.31521    0.45970    0.30072    0.80460    0.36795    0.60714    0.27178    0.26931    0.44211    0.74277    0.60714    0.72357
   0.44171    0.61675    0.51100    0.26117    0.79064    0.32827    0.75000    0.38033    0.16353    0.44410    0.38080    0.72056    0.36795    0.89286    0.27178    0.01197    0.44211    0.78162    0.96429    0.72520
   0.44171    0.61675    0.49825    0.12021    0.67741    0.44232    0.89201    0.25332    0.14521    0.44419    0.30072    0.72056    0.41905    0.03571    0.14466    0.01197    0.51378    0.77888    0.67857    0.72357
   0.44171    0.61675    0.51100    0.09340    0.65283    0.44232    0.74635    0.28008    0.20963    0.44410    0.30072    0.72056    0.41905    0.53571    0.27178    0.08347    0.47819    0.76842    0.89286    0.78649
   0.44171    0.61675    0.51100    0.12021    0.67741    0.44232    0.75000    0.28008    0.20963    0.44410    0.30072    0.72056    0.31927    0.46429    0.27178    0.08347    0.44211    0.80567    0.10714    0.75262
   0.44171    0.61675    0.51100    0.12021    0.60425    0.44232    0.75000    0.33353    0.20963    0.44410    0.25632    0.72056    0.40871    0.96429    0.27178    0.22060    0.44211    0.76842    0.32143    0.72357
   0.26247    0.61675    0.55982    0.09818    0.67741    0.31060    0.76540    0.33353    0.20963    0.44410    0.27707    0.71581    0.40871    0.10714    0.66879    0.08347    0.46302    0.76842    0.03571    0.72357
   0.44171    0.61675    0.54205    0.12021    0.67741    0.44232    0.66935    0.57232    0.24742    0.51252    0.28612    0.71581    0.36195    0.39286    0.36564    0.00146    0.44211    0.76842    0.39286    0.72357
   0.44171    0.61675    0.53104    0.14312    0.65852    0.44232    0.75000    0.84697    0.12555    0.47373    0.29480    0.71581    0.36195    0.82143    0.27178    0.29555    0.44211    0.76842    0.75000    0.72357
   0.84494    0.73469    0.45046    0.38690    0.67741    0.62335    0.75113    0.57232    0.20963    0.48136    0.29480    0.77515    0.19048    0.67857    0.27178    0.27525    0.41287    0.79019    0.53571    0.72357
   0.98785    0.73469    0.48096    0.12021    0.65019    0.44232    0.86868    0.59129    0.16111    0.47373    0.33465    0.75173    0.30955    0.25000    0.27178    0.04734    0.44211    0.77657    0.82143    0.72357
   0.44171    0.69592    0.51100    0.19816    0.64414    0.44232    0.84339    0.76753    0.18248    0.47373    0.29551    0.72778    0.36195    0.08823    0.27178    0.08347    0.44211    0.73418    0.99923    0.68231
   0.44171    0.73469    0.51640    0.12021    0.58353    0.39771    0.79613    0.83986    0.25951    0.47373    0.28922    0.57085    0.31297    0.02296    0.27178    0.08347    0.44211    0.73418    0.45040    0.70295
   0.21025    0.57345    0.51100    0.12021    0.74581    0.39771    0.77473    0.75538    0.20963    0.47373    0.28922    0.72778    0.22910    0.06111    0.27178    0.06377    0.44211    0.73418    0.44197    0.72858
   0.29296    0.70533    0.48653    0.01086    0.70166    0.19292    0.77473    0.65333    0.20963    0.62466    0.28922    0.72778    0.36195    0.03571    0.43512    0.06377    0.46264    0.73418    0.55377    0.72858
   0.44171    0.67869    0.51100    0.01461    0.67741    0.34584    0.77473    0.91103    0.20963    0.53090    0.28922    0.72778    0.48516    0.03571    0.28783    0.06377    0.44211    0.75247    0.05569    0.72858
   0.44171    0.70533    0.51653    0.46849    0.67741    0.39771    0.77473    0.65333    0.20963    0.52521    0.28922    0.63320    0.36195    0.03571    0.24027    0.10711    0.44211    0.73418    0.30284    0.72858
   0.44171    0.70533    0.51653    0.66105    0.67741    0.13399    0.72986    0.65333    0.21401    0.50473    0.28922    0.83707    0.36195    0.01048    0.27178    0.25327    0.44211    0.73794    0.38687    0.72858
   0.66335    0.70533    0.51653    0.46849    0.67741    0.66474    0.62644    0.65333    0.20963    0.47373    0.28922    0.72778    0.33273    0.01048    0.01971    0.20280    0.44211    0.73418    0.45040    0.72858
   0.55175    0.70533    0.52043    0.17407    0.67741    0.39771    0.63582    0.74716    0.20963    0.47373    0.28922    0.75501    0.36195    0.17979    0.27178    0.25327    0.44211    0.73418    0.97693    0.73085
   0.55175    0.85885    0.51733    0.17407    0.67741    0.39771    0.70038    0.66537    0.19135    0.47373    0.29308    0.72778    0.24978    0.08184    0.24493    0.25327    0.44211    0.73418    0.34847    0.82143
   0.71451    0.85885    0.51653    0.06090    0.67741    0.39771    0.72986    0.65333    0.22534    0.47373    0.28922    0.76130    0.34710    0.00137    0.27178    0.25327    0.41912    0.73418    0.45040    0.67857
   0.74815    0.85885    0.51653    0.17407    0.67741    0.35485    0.72986    0.65333    0.20963    0.50391    0.28922    0.72778    0.36195    0.01004    0.27178    0.25327    0.44211    0.73418    0.45040    0.03571
   0.65844    0.76347    0.51653    0.17407    0.67741    0.35485    0.72986    0.65333    0.20963    0.50007    0.17857    0.72778    0.41934    0.21961    0.27178    0.25327    0.44478    0.69724    0.72242    0.89286
   0.65844    0.76347    0.51653    0.34573    0.65972    0.36803    0.72986    0.51844    0.18048    0.50007    0.67857    0.72778    0.28354    0.27285    0.27178    0.43728    0.44211    0.72871    0.03214    0.39286
   0.65844    0.78110    0.51653    0.52343    0.69113    0.36803    0.72986    0.65333    0.18048    0.50007    0.89286    0.72778    0.28354    0.09149    0.27178    0.56165    0.45128    0.71609    0.31695    0.53571
   0.80416    0.76347    0.52388    0.58373    0.69113    0.35716    0.67560    0.65333    0.18048    0.50007    0.75000    0.73921    0.28354    0.00137    0.13311    0.57891    0.44793    0.73418    0.39330    0.75000
   0.54876    0.71144    0.52099    0.56932    0.69113    0.36803    0.70052    0.65333    0.18048    0.48655    0.60714    0.73921    0.28354    0.00137    0.22002    0.56165    0.44211    0.74238    0.39330    0.25000
   0.65844    0.76347    0.96429    0.56932    0.69113    0.36803    0.70221    0.57937    0.18048    0.50007    0.53571    0.81227    0.28354    0.00137    0.27178    0.56165    0.44211    0.77679    0.09037    0.46429
   0.65844    0.92189    0.39286    0.64530    0.68681    0.36803    0.74260    0.65333    0.18048    0.50007    0.03571    0.73921    0.28354    0.00137    0.45759    0.56165    0.46429    0.76306    0.29870    0.60714
   0.81101    0.76347    0.25000    0.51946    0.69880    0.36803    0.71758    0.68476    0.18048    0.50007    0.96429    0.74962    0.27294    0.00137    0.21280    0.56165    0.89286    0.77679    0.29870    0.10714
   0.77985    0.76347    0.67857    0.56932    0.69113    0.36803    0.72986    0.65333    0.15728    0.50007    0.46429    0.76783    0.28354    0.16130    0.22113    0.49541    0.17857    0.77679    0.73067    0.96429
   0.65844    0.62004    0.53571    0.56932    0.75000    0.37672    0.72986    0.71905    0.18048    0.50007    0.39286    0.76783    0.28354    0.00137    0.25434    0.56165    0.03571    0.77679    0.29870    0.32143
   0.65844    0.76347    0.82143    0.56932    0.39286    0.36803    0.72986    0.68512    0.18048    0.46429    0.25000    0.76783    0.28354    0.00137    0.27178    0.56871    0.25000    0.80395    0.29870    0.17857
   0.65844    0.84762    0.10714    0.56932    0.17857    0.36803    0.72986    0.67546    0.18048    0.89286    0.10714    0.76783    0.28354    0.00137    0.27178    0.52388    0.39286    0.77679    0.36005    0.83784
   0.49918    0.84762    0.89286    0.56932    0.96429    0.36803    0.72986    0.65333    0.18048    0.03571    0.32143    0.80505    0.28354    0.00137    0.21631    0.52595    0.67857    0.77679    0.31363    0.67857
   0.65844    0.84762    0.17857    0.56932    0.67857    0.36803    0.72986    0.65333    0.18048    0.75000    0.82143    0.80505    0.28354    0.00137    0.21631    0.56165    0.32143    0.77679    0.60716    0.67857
   0.65844    0.84762    0.46429    0.56932    0.46429    0.30899    0.72860    0.65333    0.18048    0.82143    0.64898    0.80505    0.28354    0.00137    0.14451    0.51039    0.60714    0.80693    0.36005    0.87266
   0.65844    0.76920    0.32143    0.56932    0.89286    0.43180    0.72414    0.65333    0.17205    0.67857    0.63612    0.80505    0.27205    0.00137    0.21631    0.56165    0.75000    0.77679    0.36005    0.87266
   0.65844    0.79706    0.75000    0.56932    0.10714    0.38125    0.71589    0.65333    0.18048    0.60714    0.94104    0.81692    0.28354    0.00137    0.21631    0.54050    0.96429    0.77679    0.36005    0.53774
   0.65844    0.79706    0.60714    0.56932    0.53571    0.36337    0.72986    0.65333    0.17620    0.39286    0.98227    0.85821    0.35202    0.14394    0.21631    0.56165    0.82143    0.77679    0.36005    0.87266
   0.65844    0.79706    0.03571    0.69981    0.32143    0.36337    0.72986    0.65333    0.17620    0.32143    0.89286    0.94172    0.30542    0.07837    0.21631    0.56165    0.10714    0.81849    0.36005    0.78270
   0.65844    0.69272    0.28156    0.56932    0.03571    0.36337    0.72986    0.65333    0.17620    0.17857    0.49398    0.85821    0.29918    0.10056    0.21631    0.56165    0.53571    0.81849    0.36005    0.31882
   0.59990    0.79706    0.81886    0.63524    0.82143    0.36337    0.72986    0.66888    0.17620    0.25000    0.77289    0.85821    0.28354    0.10056    0.24429    0.54203    0.48899    0.81849    0.36005    0.78270
   0.65844    0.79706    0.60203    0.56932    0.60714    0.36337    0.72986    0.65333    0.21783    0.96429    0.89286    0.85821    0.28354    0.08717    0.21631    0.54203    0.11805    0.81849    0.36005    0.78270
   0.65844    0.79706    0.53571    0.56932    0.25000    0.36337    0.72986    0.65333    0.17620    0.10714    0.85274    0.85821    0.30024    0.16451    0.21631    0.51750    0.14513    0.81849    0.36005    0.78270
   0.65844    0.73878    0.98463    0.56932    0.43980    0.40247    0.72986    0.65928    0.19563    0.53571    0.72701    0.85821    0.28766    0.08717    0.21631    0.51750    0.02416    0.81849    0.36005    0.43111
   0.62885    0.79706    0.86053    0.59647    0.17021    0.36337    0.72986    0.65333    0.17620    0.40444    0.90386    0.85821    0.28354    0.04137    0.21631    0.51750    0.36759    0.81849    0.36005    0.43111
   0.62885    0.79706    0.54447    0.52502    0.53571    0.36337    0.72986    0.65333    0.14284    0.89286    0.89286    0.85821    0.28354    0.02955    0.21631    0.51750    0.31885    0.81849    0.36005    0.75271
   0.62885    0.79706    0.53571    0.56932    0.24703    0.36337    0.72986    0.65333    0.17620    0.92634    0.89286    0.97347    0.29266    0.08717    0.18186    0.51750    0.07187    0.81849    0.36005    0.67294
   0.62885    0.81149    0.46125    0.56932    0.53571    0.36337    0.72986    0.65333    0.17620    0.98030    0.89286    0.85821    0.28354    0.08717    0.21631    0.50983    0.06142    0.81849    0.36005    0.43111
   0.62885    0.81149    0.53571    0.59758    0.84251    0.36337    0.72986    0.65333    0.17620    0.30955    0.81263    0.85821    0.28354    0.08717    0.22473    0.51750    0.00272    0.81849    0.36005    0.43111
   0.62885    0.81149    0.53571    0.56932    0.53571    0.36337    0.72986    0.65333    0.17620    0.06553    0.85050    0.85821    0.28354    0.16470    0.21631    0.51750    0.06142    0.81849    0.36005    0.43111
   0.62885    0.81149    0.53571    0.56932    0.53571    0.38217    0.72986    0.65333    0.17620    0.60192    0.81263    0.85821    0.28354    0.16470    0.21631    0.51750    0.06142    0.81849    0.36005    0.43111
   0.70359    0.81149    0.24213    0.56932    0.53571    0.36337    0.72986    0.65333    0.17620    0.30955    0.59910    0.85821    0.28354    0.16470    0.20164    0.51750    0.13184    0.82143    0.36005    0.93536
   0.62885    0.81149    0.24213    0.56932    0.53571    0.35009    0.10714    0.10714    0.17620    0.30955    0.81263    0.85821    0.28354    0.16470    0.20899    0.51750    0.06142    0.53571    0.36005    0.00226
   0.59122    0.81149    0.40494    0.56932    0.44611    0.36337    0.53571    0.82143    0.21285    0.02037    0.81263    0.85821    0.28354    0.16470    0.21261    0.51750    0.06142    0.75000    0.12423    0.23277
   0.62885    0.81149    0.40494    0.56932    0.53571    0.36337    0.96429    0.60714    0.17620    0.02037    0.81263    0.85821    0.28354    0.16470    0.21631    0.51750    0.06142    0.89286    0.32020    0.31605
   0.62885    0.81149    0.40494    0.56932    0.53571    0.36337    0.82143    0.96429    0.17620    0.11286    0.75401    0.85821    0.28354    0.16470    0.21631    0.51750    0.14101    0.39286    0.34070    0.31605
   0.62885    0.82135    0.40494    0.58352    0.67889    0.36337    0.67857    0.25000    0.17620    0.02037    0.81263    0.85821    0.30145    0.16470    0.21631    0.51750    0.06142    0.67857    0.32020    0.31605
   0.62885    0.73506    0.15507    0.58352    0.61189    0.36337    0.60714    0.32143    0.21378    0.02037    0.81263    0.92067    0.28354    0.03732    0.21631    0.51750    0.06142    0.96429    0.32020    0.31605
   0.62885    0.77335    0.40494    0.58352    0.53571    0.36337    0.75000    0.46429    0.21378    0.02037    0.65626    0.85821    0.28354    0.16470    0.21631    0.47378    0.06142    0.03571    0.17779    0.31605
   0.62885    0.77335    0.40494    0.58352    0.53571    0.36337    0.25000    0.53571    0.19526    0.02037    0.65626    0.85821    0.29122    0.16470    0.20923    0.49690    0.06142    0.32143    0.32020    0.31605
   0.60087    0.79191    0.40494    0.57696    0.53571    0.36337    0.39286    0.67857    0.21378    0.02037    0.65626    0.87137    0.29122    0.29724    0.21631    0.52507    0.06142    0.60714    0.32020    0.31605
   0.62885    0.77335    0.48669    0.60479    0.53571    0.36337    0.32143    0.75000    0.23128    0.02037    0.65626    0.79243    0.29122    0.16470    0.39286    0.51750    0.06142    0.10714    0.00464    0.31605
   0.62885    0.77335    0.40494    0.58352    0.57187    0.36337    0.17857    0.03571    0.21378    0.02037    0.33536    0.79243    0.29122    0.16470    0.89286    0.51750    0.06142    0.25000    0.32020    0.37770
