   0.53571    0.53571    0.32143    0.67857    0.67857    0.53571    0.32143    0.82143    0.82143    0.39286    0.82143    0.17857    0.67857    0.89286    0.46429    0.75000    0.17857    0.67857    0.32143    0.10714
   0.17857    0.17857    0.10714    0.53571    0.46429    0.82143    0.39286    0.60714    0.03571    0.89286    0.46429    0.39286    0.60714    0.75000    0.39286    0.82143    0.32143    0.75000    0.60714    0.32143
   0.89286    0.10714    0.25000    0.60714    0.25000    0.67857    0.53571    0.03571    0.46429    0.17857    0.03571    0.32143    0.03571    0.32143    0.10714    0.46429    0.96429    0.82143    0.53571    0.75000
   0.75000    0.03571    0.82143    0.25000    0.96429    0.10714    0.96429    0.46429    0.39286    0.25000    0.25000    0.46429    0.82143    0.60714    0.17857    0.89286    0.25000    0.39286    0.89286    0.96429
   0.03571    0.67857    0.46429    0.10714    0.89286    0.03571    0.25000    0.25000    0.10714    0.03571    0.67857    0.75000    0.10714    0.53571    0.32143    0.67857    0.39286    0.03571    0.96429    0.82143
   0.60714    0.75000    0.39286    0.03571    0.60714    0.39286    0.10714    0.89286    0.67857    0.32143    0.39286    0.96429    0.46429    0.96429    0.96429    0.39286    0.53571    0.53571    0.25000    0.53571
   0.67857    0.60714    0.96429    0.17857    0.17857    0.75000    0.82143    0.67857    0.25000    0.46429    0.10714    0.89286    0.75000    0.82143    0.75000    0.96429    0.89286    0.10714    0.17857    0.39286
   0.32143    0.39286    0.03571    0.82143    0.82143    0.25000    0.17857    0.32143    0.75000    0.53571    0.89286    0.10714    0.25000    0.17857    0.25000    0.03571    0.10714    0.89286    0.82143    0.60714
   0.39286    0.25000    0.60714    0.96429    0.39286    0.60714    0.89286    0.10714    0.32143    0.67857    0.60714    0.03571    0.53571    0.03571    0.03571    0.60714    0.46429    0.46429    0.75000    0.46429
   0.96429    0.32143    0.53571    0.89286    0.10714    0.96429    0.75000    0.75000    0.89286    0.96429    0.32143    0.25000    0.89286    0.46429    0.67857    0.32143    0.60714    0.96429    0.03571    0.17857
   0.25000    0.96429    0.17857    0.75000    0.03571    0.89286    0.03571    0.53571    0.60714    0.75000    0.75000    0.53571    0.17857    0.39286    0.82143    0.10714    0.75000    0.60714    0.10714    0.03571
   0.10714    0.89286    0.75000    0.39286    0.75000    0.32143    0.46429    0.96429    0.53571    0.82143    0.96429    0.67857    0.96429    0.67857    0.89286    0.53571    0.03571    0.17857    0.46429    0.25000
   0.82143    0.82143    0.89286    0.46429    0.53571    0.17857    0.60714    0.39286    0.96429    0.10714    0.53571    0.60714    0.39286    0.25000    0.60714    0.17857    0.67857    0.25000    0.39286    0.67857
   0.46429    0.46429    0.67857    0.32143    0.32143    0.46429    0.67857    0.17857    0.17857    0.60714    0.17857    0.82143    0.32143    0.10714    0.53571    0.25000    0.82143    0.32143    0.67857    0.89286
   0.00075    0.26735    0.04549    0.42619    0.27897    0.29865    0.37849    0.49036    0.89310    0.11368    0.94098    0.00925    0.18734    0.71896    0.51908    0.25643    0.39244    0.15216    0.88058    0.20668
   0.03624    0.09281    0.03221    0.57324    0.07756    0.18649    0.04814    0.02881    0.24761    0.12290    0.75185    0.26943    0.15453    0.13477    0.04166    0.02779    0.10895    0.03090    0.12473    0.45341
   0.03624    0.06865    0.10714    0.38909    0.27897    0.10643    0.08819    0.03407    0.23974    0.00102    0.28836    0.35610    0.00163    0.15455    0.01425    0.25643    0.15836    0.00785    0.00295    0.77001
   0.03624    0.00377    0.10714    0.38909    0.55949    0.48428    0.25017    0.03407    0.24761    0.11368    0.46429    0.05764    0.00163    0.11324    0.23252    0.08005    0.05312    0.07028    0.12473    0.14207
   0.34147    0.15988    0.77156    0.51005    0.14924    0.94466    0.06854    0.00351    0.55221    0.30213    0.91630    0.51295    0.00163    0.37184    0.47742    0.59426    0.32143    0.17453    0.13714    0.15607
   0.03103    0.58076    0.02439    0.29123    0.27897    0.58640    0.50618    0.03407    0.76394    0.00727    0.38581    0.21758    0.20556    0.11324    0.68534    0.25643    0.25281    0.01207    0.07280    0.04066
   0.03624    0.23528    0.14392    0.25541    0.11076    0.72105    0.25017    0.32454    0.23803    0.23311    0.38409    0.17857    0.02145    0.00306    0.24985    0.25643    0.09286    0.31358    0.07280    0.00407
   0.03624    0.22871    0.15116    0.50351    0.10961    0.25011    0.18558    0.10890    0.05667    0.23311    0.48222    0.17857    0.30000    0.00306    0.31948    0.32174    0.23022    0.12543    0.20024    0.09955
   0.01658    0.11477    0.00185    0.92431    0.01893    0.15886    0.81028    0.05026    0.23803    0.63353    0.37866    0.05331    0.00163    0.00306    0.17857    0.84959    0.24078    0.21921    0.20024    0.15607
   0.32711    0.22802    0.35491    0.53916    0.09843    0.02213    0.48735    0.15985    0.23803    0.15635    0.30092    0.48344    0.00163    0.00306    0.05080    0.38555    0.38871    0.08578    0.06649    0.09601
   0.03624    0.23528    0.14392    0.33577    0.01893    0.15886    0.35568    0.17708    0.23803    0.24083    0.46429    0.17857    0.27028    0.00306    0.17857    0.25643    0.23022    0.12543    0.02668    0.08246
   0.00196    0.23528    0.20425    0.33577    0.00648    0.22450    0.27461    0.03407    0.17939    0.18871    0.46429    0.17857    0.16311    0.00306    0.17857    0.25643    0.23022    0.12543    0.09142    0.09850
   0.03624    0.23528    0.71789    0.00734    0.00648    0.11383    0.02599    0.24026    0.13758    0.59733    0.49911    0.26663    0.00163    0.07202    0.17857    0.05696    0.23022    0.55054    0.50913    0.39250
   0.03624    0.13762    0.12606    0.10205    0.20611    0.16605    0.05932    0.02106    0.17939    0.24083    0.46429    0.26663    0.00163    0.00306    0.39765    0.25643    0.05374    0.57707    0.41862    0.15607
   0.03624    0.23528    0.14392    0.38202    0.00648    0.15886    0.00593    0.03407    0.17204    0.29355    0.46429    0.33790    0.11743    0.09341    0.24267    0.25643    0.00110    0.12543    0.20735    0.29424
   0.03624    0.27270    0.14392    0.33577    0.03111    0.15886    0.01555    0.03407    0.17531    0.24083    0.46429    0.18870    0.14140    0.09341    0.24267    0.25643    0.05374    0.12543    0.24018    0.02975
   0.03624    0.32618    0.04655    0.33577    0.25913    0.27251    0.01787    0.03407    0.08214    0.93365    0.57328    0.30894    0.15387    0.09341    0.24267    0.25643    0.05231    0.42551    0.13530    0.02975
   0.03624    0.23528    0.20266    0.14562    0.00648    0.11140    0.03027    0.13943    0.17939    0.19061    0.34627    0.18376    0.00163    0.54084    0.24267    0.76905    0.14708    0.29061    0.27141    0.02975
   0.10151    0.23528    0.14392    0.33577    0.06579    0.04871    0.13177    0.01283    0.17939    0.21316    0.46429    0.18870    0.01906    0.09341    0.21676    0.27096    0.06173    0.16819    0.27141    0.02975
   0.10151    0.23528    0.14392    0.33577    0.01129    0.04871    0.03589    0.01283    0.17939    0.25259    0.47418    0.18870    0.00163    0.09341    0.24267    0.25643    0.05719    0.16819    0.27141    0.02975
   0.10151    0.30281    0.11752    0.33577    0.36028    0.04871    0.02599    0.14519    0.22382    0.21740    0.66230    0.18870    0.10376    0.36131    0.57331    0.61907    0.05374    0.29736    0.27141    0.10288
   0.00771    0.32055    0.19894    0.33577    0.01129    0.04871    0.01591    0.00483    0.36174    0.25462    0.55889    0.15502    0.04546    0.26637    0.24267    0.08987    0.05374    0.16819    0.29446    0.02975
   0.02996    0.18628    0.12538    0.33577    0.09113    0.02866    0.02599    0.14967    0.17939    0.21316    0.46429    0.18870    0.00163    0.07242    0.19183    0.25643    0.08287    0.16819    0.27141    0.00220
   0.10151    0.19564    0.14392    0.33577    0.01129    0.02866    0.00496    0.04945    0.17939    0.21316    0.46145    0.17071    0.00163    0.07242    0.22619    0.25643    0.10125    0.16819    0.27141    0.07778
   0.14045    0.03578    0.08971    0.05046    0.16691    0.02866    0.01881    0.03527    0.55037    0.18525    0.52748    0.03497    0.05339    0.01471    0.22985    0.25643    0.16235    0.16819    0.27141    0.29616
   0.07053    0.06846    0.20054    0.05046    0.24580    0.02866    0.03352    0.00483    0.17939    0.21316    0.42227    0.17071    0.00163    0.20124    0.24267    0.07409    0.02527    0.33016    0.71835    0.07778
   0.11390    0.18628    0.11134    0.05046    0.01129    0.02866    0.02599    0.00483    0.17939    0.21316    0.42227    0.13004    0.00163    0.07242    0.20590    0.24888    0.08287    0.11086    0.40181    0.07778
   0.11390    0.18628    0.14392    0.12701    0.01129    0.04689    0.02716    0.00013    0.17939    0.21316    0.42227    0.07630    0.00163    0.07242    0.22025    0.21816    0.08287    0.16819    0.27141    0.06307
   0.25312    0.26422    0.15000    0.05046    0.06055    0.02179    0.10355    0.00125    0.17302    0.21316    0.42227    0.13004    0.15855    0.58324    0.32976    0.10217    0.08287    0.16819    0.61493    0.22774
   0.20021    0.26422    0.17913    0.08257    0.01129    0.02866    0.10355    0.01065    0.40328    0.24556    0.35998    0.02940    0.27465    0.03242    0.25915    0.25643    0.13729    0.17490    0.02429    0.22774
   0.11390    0.26422    0.16411    0.00766    0.01129    0.01714    0.07024    0.00125    0.25956    0.21316    0.31851    0.13004    0.15855    0.07242    0.24100    0.25643    0.08287    0.17111    0.22306    0.22774
   0.11390    0.25694    0.16411    0.08257    0.00130    0.04550    0.10355    0.00125    0.17939    0.23969    0.35998    0.13004    0.15855    0.07242    0.21897    0.23390    0.08287    0.16819    0.27141    0.22774
   0.11390    0.23691    0.16411    0.08257    0.01129    0.11276    0.28060    0.17029    0.01129    0.23969    0.35998    0.20844    0.38342    0.14134    0.24267    0.23390    0.03517    0.06066    0.27141    0.41290
   0.11390    0.40045    0.19125    0.08257    0.01129    0.14091    0.16956    0.00125    0.17939    0.32044    0.35998    0.13004    0.35580    0.12179    0.24267    0.09029    0.05267    0.16819    0.42492    0.41328
   0.11390    0.32449    0.16411    0.08257    0.00070    0.19626    0.19480    0.00125    0.24419    0.23969    0.36604    0.13004    0.26703    0.07242    0.23153    0.26777    0.08287    0.08166    0.27654    0.12802
   0.12686    0.27980    0.18658    0.08257    0.01129    0.13050    0.10355    0.00125    0.17939    0.23969    0.36604    0.13004    0.15418    0.07242    0.23164    0.23390    0.08287    0.16819    0.27141    0.12802
   0.18120    0.23372    0.02445    0.26358    0.04442    0.19358    0.12404    0.00125    0.25086    0.26245    0.36604    0.13004    0.27391    0.07242    0.24109    0.15592    0.07611    0.24960    0.28631    0.11313
   0.16830    0.30504    0.16411    0.08257    0.07776    0.28599    0.10355    0.09695    0.32620    0.26203    0.33717    0.16194    0.13374    0.07242    0.19419    0.23390    0.14608    0.14421    0.44007    0.22476
   0.11378    0.27705    0.16411    0.08257    0.08419    0.18285    0.15552    0.14664    0.25086    0.22829    0.28806    0.12365    0.15855    0.01360    0.23164    0.23390    0.05211    0.12011    0.27141    0.19716
   0.11390    0.26422    0.16411    0.02537    0.07776    0.20249    0.10337    0.18269    0.25086    0.23969    0.33717    0.16194    0.15855    0.07242    0.23164    0.23390    0.07453    0.16819    0.25664    0.17495
   0.11168    0.19192    0.29479    0.33273    0.15887    0.06678    0.08778    0.36601    0.19763    0.24041    0.27174    0.16194    0.15855    0.16868    0.23164    0.23390    0.08287    0.18822    0.37222    0.17495
   0.11390    0.15743    0.16411    0.08257    0.11103    0.14659    0.10337    0.36713    0.25463    0.23609    0.30375    0.16194    0.09614    0.34035    0.23164    0.27240    0.08287    0.20184    0.24027    0.51347
   0.14165    0.15714    0.16411    0.22425    0.16236    0.19866    0.10337    0.15276    0.28911    0.23969    0.30375    0.16194    0.13963    0.07242    0.23164    0.21778    0.07090    0.18708    0.33799    0.11972
   0.11390    0.19192    0.16411    0.15924    0.11103    0.14659    0.10337    0.18269    0.19706    0.23969    0.30375    0.18113    0.13207    0.06341    0.23164    0.23390    0.07284    0.16819    0.28867    0.17495
   0.11390    0.21372    0.18971    0.08257    0.08492    0.14659    0.09463    0.18269    0.19706    0.28128    0.30375    0.16194    0.15855    0.07242    0.21746    0.23390    0.07090    0.13989    0.15919    0.63670
   0.14325    0.20736    0.16399    0.07697    0.11103    0.14659    0.13942    0.32449    0.12789    0.23969    0.26762    0.16194    0.15855    0.07242    0.21662    0.29274    0.07090    0.16819    0.27141    0.14599
   0.13050    0.18852    0.18693    0.08257    0.13492    0.14659    0.12347    0.18269    0.19706    0.22930    0.34464    0.11657    0.14194    0.06937    0.21670    0.25402    0.07090    0.15740    0.23975    0.17495
   0.13520    0.19192    0.17436    0.15514    0.11103    0.14659    0.13942    0.15367    0.19706    0.22930    0.30375    0.14817    0.15384    0.10522    0.22144    0.22037    0.07090    0.16466    0.24827    0.17495
   0.10694    0.22031    0.17436    0.08257    0.10751    0.14419    0.15851    0.03463    0.19706    0.20727    0.25097    0.16194    0.13481    0.32689    0.21670    0.23135    0.04681    0.16819    0.23975    0.21073
   0.13050    0.22031    0.17436    0.15217    0.11423    0.21131    0.17299    0.15367    0.19706    0.22930    0.30375    0.16194    0.15384    0.26634    0.20966    0.23390    0.02664    0.15693    0.18193    0.42032
   0.13050    0.20792    0.17436    0.10300    0.11103    0.13057    0.19458    0.14777    0.23017    0.22930    0.28432    0.13402    0.15384    0.10522    0.22415    0.23390    0.05773    0.16819    0.18193    0.17495
   0.13050    0.22031    0.17436    0.09759    0.10347    0.14419    0.19458    0.15549    0.23017    0.22930    0.27470    0.14895    0.15238    0.10522    0.22542    0.23390    0.06407    0.17040    0.19453    0.17495
   0.11731    0.25766    0.17905    0.09759    0.11103    0.05707    0.19947    0.15549    0.20417    0.21354    0.30375    0.16194    0.15238    0.18974    0.20838    0.23390    0.10569    0.18414    0.17547    0.34009
   0.13050    0.22031    0.17436    0.09759    0.11954    0.14419    0.19458    0.15549    0.23017    0.22412    0.30375    0.16194    0.12841    0.10522    0.21670    0.23390    0.10569    0.18414    0.18193    0.17495
   0.12160    0.21302    0.17436    0.09759    0.11342    0.14419    0.19458    0.15549    0.23017    0.22796    0.29122    0.16194    0.12947    0.10522    0.22287    0.23390    0.10834    0.18130    0.14348    0.17495
   0.13050    0.22031    0.17436    0.10635    0.11103    0.14419    0.21415    0.15549    0.23439    0.22778    0.30063    0.15073    0.14658    0.10522    0.22423    0.24083    0.10834    0.18414    0.18193    0.17495
   0.13623    0.22031    0.18825    0.09759    0.11103    0.19340    0.16150    0.15549    0.27962    0.22778    0.30375    0.14981    0.14658    0.10522    0.21670    0.26059    0.10834    0.18576    0.18193    0.43274
   0.13050    0.19948    0.17436    0.12156    0.11103    0.23730    0.18150    0.15549    0.27962    0.22778    0.30375    0.16194    0.16884    0.22690    0.21670    0.24083    0.06234    0.18414    0.19374    0.36677
   0.12664    0.20588    0.17436    0.12156    0.11103    0.19340    0.18549    0.15549    0.25982    0.22778    0.29345    0.12507    0.15130    0.10522    0.21940    0.23067    0.10834    0.18115    0.20975    0.17495
   0.13050    0.19948    0.17436    0.12156    0.11103    0.19340    0.17810    0.15549    0.25849    0.17857    0.30375    0.12899    0.15098    0.10522    0.22217    0.24083    0.10834    0.17860    0.18193    0.17495
   0.13050    0.19948    0.14074    0.12156    0.12886    0.18651    0.17711    0.15549    0.25982    0.25000    0.30375    0.23963    0.14658    0.10522    0.46429    0.17979    0.10834    0.17860    0.16233    0.17495
   0.13337    0.18870    0.16100    0.12156    0.11887    0.16119    0.18549    0.15549    0.29094    0.39286    0.30375    0.16194    0.14658    0.10522    0.25000    0.26009    0.16694    0.17911    0.17151    0.17495
   0.25000    0.20811    0.16100    0.12156    0.11589    0.18881    0.18549    0.15893    0.27321    0.32143    0.30375    0.15310    0.14658    0.10522    0.10714    0.25134    0.10834    0.17860    0.19422    0.17495
   0.67857    0.19948    0.16775    0.12156    0.11320    0.16119    0.18549    0.15549    0.26131    0.96429    0.30375    0.16316    0.14658    0.10522    0.32143    0.23437    0.10834    0.17812    0.19422    0.17495
   0.10714    0.20958    0.16100    0.11131    0.11605    0.17426    0.18549    0.03895    0.25982    0.53571    0.31552    0.18324    0.13230    0.12480    0.17857    0.23304    0.10834    0.17258    0.19892    0.17495
   0.39286    0.19948    0.17054    0.12156    0.11605    0.14857    0.18549    0.15549    0.24056    0.89286    0.32127    0.19998    0.14658    0.15763    0.60714    0.23849    0.10834    0.17860    0.18664    0.32135
   0.03571    0.19948    0.16100    0.13243    0.12036    0.17156    0.19479    0.15549    0.25801    0.10714    0.30803    0.17972    0.15399    0.10522    0.03571    0.23437    0.10834    0.32143    0.19189    0.17495
   0.46429    0.19948    0.82143    0.11537    0.11605    0.16119    0.19479    0.15549    0.25534    0.46429    0.30375    0.16194    0.15399    0.10522    0.96429    0.22312    0.09980    0.89286    0.19217    0.17495
   0.82143    0.19948    0.75000    0.11537    0.75000    0.16565    0.20284    0.15549    0.25982    0.03571    0.30375    0.16194    0.16056    0.20156    0.39286    0.23437    0.10834    0.53571    0.19422    0.33596
   0.17857    0.19948    0.03571    0.11537    0.39286    0.16765    0.19554    0.15549    0.25809    0.67857    0.30375    0.16874    0.15399    0.15038    0.82143    0.22806    0.10834    0.03571    0.18884    0.17495
   0.53571    0.19948    0.53571    0.11537    0.32143    0.16565    0.19136    0.15549    0.24370    0.60714    0.30375    0.15474    0.82143    0.13372    0.67857    0.23437    0.10834    0.60714    0.19422    0.18130
   0.96429    0.19948    0.67857    0.11537    0.10714    0.16657    0.19143    0.15549    0.25428    0.75000    0.30650    0.15670    0.60714    0.15038    0.89286    0.22893    0.10834    0.25000    0.19422    0.17495
   0.60714    0.17952    0.60714    0.14114    0.17857    0.14324    0.20070    0.29258    0.25809    0.82143    0.39286    0.15797    0.25000    0.15038    0.75000    0.23437    0.10135    0.17857    0.19422    0.27957
   0.89286    0.18675    0.10714    0.14114    0.03571    0.15827    0.89286    0.01567    0.25809    0.10986    0.67857    0.15553    0.96429    0.15038    0.53571    0.23437    0.09352    0.82143    0.21060    0.02686
   0.32143    0.19278    0.89286    0.14114    0.46429    0.15792    0.17857    0.10032    0.25809    0.12944    0.46429    0.15530    0.32143    0.18302    0.17620    0.23437    0.10834    0.75000    0.19422    0.17495
   0.75000    0.19200    0.39286    0.14114    0.53571    0.16437    0.39286    0.14402    0.25303    0.49003    0.82143    0.15828    0.46429    0.15938    0.18989    0.23437    0.10834    0.39286    0.20237    0.17495
   0.06650    0.19948    0.32143    0.13690    0.96429    0.17861    0.46429    0.22116    0.25303    0.02170    0.89286    0.16194    0.10714    0.19676    0.00342    0.21806    0.11229    0.96429    0.19422    0.17495
   0.05312    0.19948    0.46429    0.16672    0.82143    0.25000    0.67857    0.15549    0.25098    0.68478    0.03571    0.16194    0.89286    0.18302    0.17857    0.21806    0.10834    0.46429    0.19422    0.15034
   0.00974    0.19422    0.96429    0.21207    0.89286    0.60714    0.03571    0.19243    0.25303    0.33711    0.75000    0.15636    0.53571    0.23146    0.11055    0.21806    0.75000    0.10714    0.20040    0.15034
   0.23970    0.19605    0.25000    0.18195    0.67857    0.03571    0.25000    0.17265    0.25303    0.27760    0.25000    0.32143    0.67857    0.18302    0.03811    0.22259    0.03571    0.67857    0.19422    0.15034
   0.10714    0.32143    0.17857    0.16672    0.60714    0.10714    0.75000    0.13520    0.24356    0.23088    0.96429    0.39286    0.03571    0.18302    0.16300    0.22259    0.89286    0.10311    0.19422    0.15034
   0.26080    0.75000    0.85886    0.16672    0.25000    0.67857    0.96429    0.15549    0.25086    0.27760    0.10714    0.17857    0.75000    0.18302    0.00844    0.22259    0.39286    0.33655    0.96429    0.15034
   0.16880    0.96429    0.79260    0.16672    0.33745    0.82143    0.32143    0.16845    0.26119    0.41379    0.17857    0.96429    0.39286    0.18302    0.40785    0.22486    0.32143    0.32231    0.89286    0.15034
   0.16880    0.89286    0.51609    0.16672    0.97854    0.53571    0.53571    0.16845    0.25303    0.31582    0.53571    0.89286    0.17857    0.18302    0.23419    0.22498    0.53571    0.32143    0.46429    0.15034
   0.41046    0.60714    0.91667    0.16672    0.00323    0.46429    0.60714    0.16845    0.25303    0.27760    0.32143    0.75000    0.06465    0.18302    0.24805    0.22486    0.82143    0.00081    0.17857    0.19712
   0.16880    0.53571    0.46252    0.17558    0.42291    0.17857    0.82143    0.17791    0.46429    0.21311    0.60714    0.46429    0.82943    0.18302    0.02650    0.22486    0.17857    0.74839    0.67857    0.09316
   0.16880    0.17857    0.96423    0.17558    0.39286    0.32143    0.10714    0.17862    0.25000    0.10160    0.05296    0.53571    0.45724    0.18302    0.02650    0.10714    0.46429    0.00535    0.75000    0.15034
   0.16880    0.82143    0.82143    0.17558    0.05146    0.89286    0.29174    0.16845    0.60714    0.26679    0.08435    0.25000    0.43127    0.18302    0.02650    0.46429    0.67857    0.15542    0.60714    0.15034
   0.47154    0.46429    0.82143    0.19956    0.39286    0.96429    0.09242    0.16845    0.67857    0.27760    0.03571    0.10714    0.78060    0.18302    0.02650    0.96429    0.60714    0.15542    0.39286    0.15034
   0.11708    0.39286    0.82143    0.17558    0.39286    0.39286    0.05175    0.32143    0.82143    0.20273    0.03571    0.03571    0.23756    0.18302    0.06550    0.32143    0.10714    0.11876    0.25000    0.15034
   0.16870    0.10714    0.82143    0.17558    0.59468    0.75000    0.03571    0.39286    0.10714    0.27292    0.14039    0.82143    0.53538    0.18302    0.49416    0.25000    0.96429    0.05351    0.32143    0.15034
   0.16880    0.03571    0.82143    0.17558    0.78619    0.00660    0.57266    0.17857    0.96429    0.27760    0.14396    0.60714    0.46429    0.18302    0.06550    0.17857    0.25000    0.15542    0.82143    0.15034
   0.16880    0.25000    0.82143    0.17558    0.37508    0.11899    0.09818    0.89286    0.03571    0.27760    0.03571    0.67857    0.28829    0.18302    0.10175    0.60714    0.29931    0.15542    0.53571    0.10548
   0.21464    0.67857    0.72789    0.17558    0.30932    0.00660    0.02285    0.96429    0.89286    0.40279    0.03571    0.40542    0.35602    0.18302    0.06550    0.39286    0.60267    0.54071    0.10714    0.24100
   0.18334    0.70766    0.99638    0.19609    0.23270    0.00660    0.03571    0.25000    0.17857    0.25274    0.01266    0.09265    0.18541    0.18302    0.48748    0.82143    0.03806    0.21326    0.03571    0.15034
   0.16880    0.68688    0.82143    0.19609    0.58919    0.00660    0.03571    0.46429    0.32143    0.31383    0.03571    0.01955    0.43633    0.18302    0.00738    0.75000    0.29931    0.15542    0.78217    0.15034
   0.24842    0.90666    0.82143    0.24006    0.37508    0.00660    0.30186    0.53571    0.39286    0.26340    0.03571    0.69420    0.70615    0.18302    0.06550    0.67857    0.05546    0.15542    0.94421    0.10928
   0.22843    0.71166    0.88069    0.19609    0.37508    0.00660    0.03571    0.75000    0.75000    0.11135    0.03571    0.23029    0.38211    0.21967    0.06550    0.03571    0.29931    0.15542    0.12450    0.15034
   0.21166    0.65518    0.71492    0.17493    0.37508    0.00660    0.13828    0.03571    0.53571    0.17350    0.51084    0.32143    0.43633    0.18633    0.29271    0.53571    0.29931    0.15542    0.31254    0.18247
   0.16880    0.96584    0.57844    0.18550    0.37508    0.22747    0.13828    0.10714    0.61782    0.19284    0.17053    0.32143    0.25036    0.18925    0.16247    0.89286    0.43776    0.02984    0.33745    0.15034
   0.16880    0.79865    0.46546    0.19609    0.37193    0.19556    0.36079    0.82143    0.12473    0.22488    0.10152    0.29713    0.25036    0.18925    0.21345    0.96098    0.12384    0.39392    0.46429    0.11486
   0.15563    0.74348    0.57993    0.19609    0.37508    0.06389    0.30069    0.60714    0.01424    0.22488    0.08559    0.09613    0.25036    0.18925    0.06550    0.42072    0.29931    0.20858    0.28023    0.15034
   0.15563    0.43894    0.55813    0.18197    0.14628    0.00660    0.30069    0.67857    0.01424    0.22488    0.10413    0.33863    0.02098    0.18925    0.25401    0.90662    0.22347    0.11077    0.11969    0.17027
   0.15563    0.53722    0.52312    0.19426    0.12156    0.36309    0.76351    0.02584    0.46429    0.22488    0.10152    0.33863    0.34316    0.19799    0.06550    0.56182    0.22347    0.11077    0.20918    0.17027
   0.11428    0.69047    0.48222    0.19609    0.19666    0.00660    0.30069    0.15828    0.14014    0.22488    0.03816    0.35018    0.32131    0.18925    0.06550    0.67857    0.13863    0.11077    0.35953    0.20951
   0.15563    0.75000    0.31841    0.19609    0.28150    0.00660    0.26087    0.25000    0.01424    0.25483    0.10152    0.37540    0.14950    0.22638    0.03389    0.33694    0.41534    0.05591    0.16092    0.17027
   0.10966    0.82566    0.09009    0.19609    0.07733    0.00031    0.12346    0.23778    0.01424    0.16195    0.10152    0.14240    0.32131    0.21131    0.03389    0.43657    0.27094    0.11077    0.25912    0.17027
   0.15563    0.78261    0.38062    0.19576    0.01850    0.00031    0.01332    0.25537    0.01424    0.22994    0.10152    0.14240    0.32131    0.19470    0.03389    0.55881    0.27094    0.11077    0.03194    0.17027
   0.15563    0.75345    0.31841    0.67857    0.09327    0.00031    0.12346    0.25000    0.01424    0.22488    0.10152    0.18409    0.32131    0.18925    0.11842    0.06905    0.27094    0.17613    0.16092    0.17027
   0.15563    0.76879    0.31841    0.17857    0.19666    0.05757    0.23671    0.26320    0.01424    0.22488    0.10152    0.14240    0.52089    0.18925    0.11842    0.26367    0.27094    0.11077    0.06924    0.17974
   0.15563    0.75000    0.31841    0.25000    0.19666    0.00031    0.23671    0.33250    0.01424    0.12321    0.07742    0.14240    0.32131    0.18925    0.47125    0.40148    0.27094    0.11077    0.20889    0.17974
   0.15912    0.61410    0.31841    0.53571    0.19666    0.00031    0.43677    0.13299    0.32740    0.16937    0.10152    0.06737    0.34189    0.20118    0.31227    0.40148    0.27094    0.10327    0.26589    0.17974
   0.15563    0.71115    0.36596    0.60714    0.19666    0.00031    0.23671    0.08808    0.01424    0.22488    0.00384    0.14240    0.34189    0.19523    0.00104    0.48197    0.27094    0.24521    0.26589    0.17974
   0.11351    0.71115    0.36596    0.96429    0.19666    0.00031    0.23671    0.02216    0.01424    0.22488    0.11343    0.01873    0.37701    0.18925    0.11842    0.22994    0.25852    0.17024    0.26589    0.19912
   0.15563    0.69503    0.40469    0.89286    0.28383    0.00031    0.14230    0.02216    0.01424    0.22488    0.10152    0.09676    0.34189    0.19567    0.66445    0.40148    0.26802    0.14073    0.26589    0.17974
   0.15780    0.74654    0.36596    0.10714    0.19666    0.00031    0.59140    0.02216    0.01424    0.23958    0.08543    0.02803    0.34189    0.19890    0.11842    0.40148    0.27094    0.12828    0.04157    0.17974
   0.14270    0.68839    0.36596    0.03571    0.19666    0.00031    0.14230    0.02216    0.01424    0.22488    0.08880    0.14240    0.67422    0.18925    0.11842    0.40148    0.18239    0.11077    0.04157    0.17974
   0.14685    0.67951    0.24744    0.39286    0.19666    0.00031    0.14230    0.01187    0.01424    0.22488    0.10152    0.14240    0.50218    0.20624    0.11842    0.46250    0.24329    0.10128    0.14824    0.17974
   0.14685    0.64208    0.00994    0.46429    0.20478    0.00031    0.14230    0.02216    0.01424    0.19573    0.14897    0.14240    0.46457    0.19773    0.61586    0.35963    0.18239    0.11077    0.04157    0.17974
   0.13965    0.68839    0.19161    0.75000    0.26760    0.00031    0.14230    0.25192    0.24016    0.19573    0.05577    0.14240    0.50218    0.19773    0.57083    0.29695    0.18239    0.11077    0.04157    0.17974
   0.16285    0.67431    0.36596    0.82143    0.26760    0.00031    0.56819    0.02216    0.29408    0.19573    0.05577    0.14240    0.50218    0.19413    0.11842    0.03254    0.18239    0.16155    0.15408    0.14950
   0.10370    0.66391    0.36596    0.32143    0.26760    0.00031    0.14230    0.00473    0.16206    0.12279    0.04495    0.28822    0.59338    0.19773    0.08781    0.29695    0.18239    0.20862    0.07675    0.16056
   0.12414    0.62415    0.11097    0.22291    0.26760    0.00031    0.18835    0.00282    0.03660    0.17026    0.04495    0.14240    0.48701    0.19773    0.44464    0.20684    0.11344    0.20862    0.15408    0.16721
   0.13298    0.65123    0.09985    0.01051    0.15928    0.00031    0.46939    0.00282    0.24165    0.17026    0.04495    0.06933    0.48701    0.19773    0.28817    0.29695    0.18239    0.25051    0.23701    0.16721
   0.13137    0.67431    0.13375    0.01584    0.28825    0.01546    0.18835    0.00282    0.07764    0.17026    0.00997    0.14240    0.40113    0.19773    0.19419    0.35487    0.18239    0.20862    0.15408    0.16721
   0.10621    0.67289    0.13375    0.08457    0.26760    0.00031    0.18835    0.00282    0.05402    0.17026    0.03103    0.11096    0.36054    0.20659    0.11842    0.33828    0.22543    0.20862    0.08638    0.15869
   0.13027    0.59032    0.13375    0.01584    0.31742    0.00031    0.18835    0.00282    0.03660    0.17026    0.00997    0.14240    0.48701    0.19773    0.11842    0.37561    0.20353    0.20862    0.15408    0.16023
   0.13446    0.67431    0.24571    0.01584    0.33277    0.00031    0.01271    0.00282    0.30295    0.17026    0.00997    0.03195    0.48701    0.19773    0.24490    0.29695    0.22543    0.20862    0.15408    0.16721
   0.13155    0.65454    0.18984    0.01584    0.26760    0.00031    0.16278    0.00282    0.18907    0.17026    0.00997    0.14240    0.45661    0.19773    0.15686    0.41333    0.22092    0.19168    0.30995    0.39286
   0.12981    0.67431    0.00623    0.01584    0.27047    0.00031    0.18835    0.00282    0.03660    0.14849    0.00997    0.22045    0.48701    0.39286    0.15686    0.38274    0.22543    0.23011    0.15408    0.32143
   0.12523    0.64629    0.13375    0.01584    0.26760    0.00031    0.18835    0.00282    0.03660    0.17026    0.00997    0.36037    0.48701    0.75000    0.15686    0.35637    0.22543    0.20862    0.14324    0.17857
   0.13155    0.65734    0.13375    0.01584    0.26760    0.00031    0.18835    0.26400    0.11097    0.17026    0.00997    0.17428    0.53615    0.96429    0.15686    0.34242    0.22237    0.22375    0.15408    0.25000
   0.12178    0.64629    0.10921    0.01584    0.26760    0.00031    0.16461    0.00282    0.13290    0.17026    0.01783    0.19022    0.48701    0.67857    0.20739    0.29695    0.20338    0.17640    0.15408    0.96429
   0.13155    0.64629    0.13375    0.01584    0.27851    0.00031    0.18835    0.00282    0.01197    0.15024    0.00997    0.19022    0.48701    0.10714    0.21514    0.29695    0.22543    0.19083    0.15408    0.53571
   0.13155    0.66776    0.13375    0.06825    0.23971    0.00031    0.18835    0.00282    0.03660    0.13989    0.00997    0.14326    0.43445    0.82143    0.26186    0.29695    0.25966    0.15331    0.21591    0.89286
   0.13155    0.64629    0.09774    0.20558    0.22997    0.00730    0.18835    0.00282    0.03660    0.17026    0.00997    0.19022    0.43445    0.53571    0.15686    0.29695    0.22543    0.17640    0.15408    0.10714
   0.14034    0.65373    0.13375    0.01584    0.22997    0.00730    0.25617    0.00210    0.03660    0.17026    0.00997    0.18361    0.43445    0.46429    0.23150    0.29695    0.22543    0.17640    0.15408    0.46429
   0.14034    0.65586    0.13375    0.01584    0.23314    0.00087    0.18835    0.00282    0.00794    0.21209    0.01994    0.28151    0.07725    0.17857    0.23150    0.35791    0.25176    0.17640    0.10131    0.03571
   0.13583    0.64629    0.01687    0.01584    0.22997    0.00730    0.18835    0.00282    0.00794    0.21209    0.05217    0.19022    0.04089    0.89286    0.31747    0.32187    0.22543    0.15670    0.10131    0.75000
   0.13841    0.64629    0.13375    0.01584    0.22997    0.04507    0.18835    0.00282    0.01230    0.19195    0.05217    0.19022    0.04089    0.32143    0.35292    0.29695    0.23555    0.16914    0.18601    0.82143
   0.14034    0.64629    0.13375    0.01584    0.24403    0.07908    0.05972    0.00282    0.00794    0.20354    0.07421    0.19398    0.04089    0.03571    0.23150    0.29695    0.20727    0.17640    0.10131    0.67857
   0.14034    0.65175    0.27038    0.01584    0.22997    0.07908    0.18835    0.00282    0.00794    0.21209    0.04755    0.11841    0.25186    0.25000    0.25934    0.29695    0.22543    0.17640    0.10131    0.60714
   0.13877    0.65286    0.13375    0.01584    0.22997    0.07908    0.18835    0.00282    0.00073    0.18575    0.05217    0.19022    0.04089    0.60714    0.23150    0.29695    0.21109    0.18616    0.10131    0.46444
   0.89286    0.64702    0.13375    0.15969    0.22997    0.07966    0.18835    0.00282    0.00073    0.21209    0.05217    0.16106    0.01633    0.11300    0.30239    0.31375    0.21109    0.16431    0.10131    0.14684
   0.32143    0.65073    0.13375    0.01584    0.22997    0.07908    0.18835    0.00282    0.00073    0.21021    0.05217    0.16106    0.24124    0.43707    0.23150    0.31375    0.21109    0.19223    0.12280    0.02577
   0.25000    0.64724    0.13375    0.00649    0.22997    0.09042    0.18835    0.00282    0.00073    0.21209    0.05217    0.16106    0.00792    0.10328    0.23150    0.31375    0.21109    0.46429    0.12280    0.02999
   0.60714    0.64724    0.23528    0.01584    0.24283    0.07908    0.18835    0.00282    0.00073    0.21209    0.05757    0.12462    0.10754    0.82079    0.29733    0.31375    0.21613    0.17857    0.08777    0.02577
   0.82143    0.65334    0.09786    0.01584    0.24812    0.07908    0.09739    0.00282    0.00073    0.21209    0.05757    0.16106    0.08227    0.43707    0.23150    0.31375    0.21560    0.67857    0.12280    0.46962
   0.53571    0.65139    0.11706    0.01584    0.23731    0.07908    0.18835    0.01743    0.00636    0.20082    0.05757    0.16106    0.10754    0.49151    0.22032    0.31375    0.21109    0.96429    0.11848    0.01911
   0.03571    0.65038    0.17927    0.01313    0.23408    0.08621    0.18835    0.01743    0.00073    0.20244    0.05757    0.04632    0.10754    0.43707    0.23971    0.31375    0.20916    0.60714    0.11848    0.01911
   0.96429    0.65410    0.13375    0.01584    0.22997    0.09434    0.18835    0.00307    0.00073    0.21209    0.03293    0.16106    0.10754    0.43707    0.23971    0.31375    0.21191    0.10714    0.17625    0.01911
   0.46429    0.66226    0.15424    0.01802    0.23338    0.09434    0.21386    0.07326    0.00073    0.20764    0.05196    0.14828    0.12546    0.79716    0.27837    0.31375    0.21726    0.75000    0.11848    0.01911
   0.17857    0.65022    0.12526    0.01584    0.22997    0.09434    0.18835    0.01743    0.00073    0.20717    0.05757    0.16301    0.20276    0.13800    0.23971    0.23835    0.21109    0.25000    0.11848    0.01911
   0.39286    0.65490    0.13375    0.01584    0.23230    0.09434    0.18835    0.03546    0.00073    0.21209    0.05757    0.16301    0.12546    0.35954    0.23971    0.23835    0.21904    0.89286    0.19765    0.01911
   0.75000    0.65022    0.13375    0.00780    0.82143    0.12033    0.18835    0.03546    0.00073    0.21862    0.05757    0.14153    0.19209    0.43707    0.33558    0.26328    0.21473    0.39286    0.27550    0.01911
   0.67857    0.65347    0.13375    0.08122    0.03571    0.12378    0.18835    0.16334    0.00073    0.21209    0.05757    0.16301    0.12546    0.93786    0.16541    0.26328    0.17857    0.03571    0.38322    0.11877
   0.10714    0.65347    0.13375    0.01584    0.46429    0.11344    0.18835    0.10335    0.00073    0.53571    0.05757    0.16301    0.16128    0.62555    0.19491    0.28556    0.10714    0.32143    0.22846    0.02214
   0.06191    0.65855    0.13375    0.01584    0.39286    0.09434    0.18835    0.09648    0.00073    0.75000    0.05460    0.09432    0.12546    0.62555    0.17996    0.26328    0.03571    0.82143    0.22846    0.02214
   0.53571    0.96429    0.17738    0.16320    0.75000    0.10644    0.18835    0.07330    0.00073    0.89286    0.05460    0.12305    0.12546    0.53117    0.17996    0.26328    0.32143    0.53571    0.22846    0.49808
   0.23103    0.53571    0.17857    0.09852    0.10714    0.09434    0.23706    0.07330    0.09585    0.96429    0.03571    0.12959    0.12546    0.62555    0.17996    0.26328    0.75000    0.03897    0.23233    0.02214
   0.49939    0.89286    0.10714    0.13373    0.32143    0.09434    0.23706    0.07330    0.09585    0.17857    0.10714    0.14064    0.18145    0.34086    0.17996    0.26328    0.46429    0.09542    0.22846    0.02214
   0.11023    0.17857    0.03571    0.09852    0.67857    0.09434    0.22246    0.06693    0.09585    0.32143    0.82143    0.16301    0.12546    0.42334    0.17996    0.26328    0.60714    0.01289    0.22846    0.02214
   0.01947    0.67857    0.46429    0.09852    0.89286    0.09726    0.21673    0.07330    0.04643    0.60714    0.32143    0.16301    0.12546    0.57147    0.17996    0.28904    0.39286    0.19648    0.22846    0.02214
   0.04183    0.25000    0.39286    0.27687    0.25000    0.09434    0.23706    0.07330    0.07871    0.39286    0.53571    0.14873    0.13721    0.39337    0.17996    0.26328    0.53571    0.19648    0.22846    0.07706
   0.18541    0.60714    0.67857    0.12929    0.60714    0.09434    0.30755    0.15840    0.13170    0.67857    0.60714    0.16301    0.13721    0.20724    0.17996    0.26328    0.25000    0.00275    0.22846    0.02214
   0.38571    0.39286    0.25000    0.12922    0.53571    0.10013    0.27244    0.09168    0.12391    0.82143    0.25000    0.16301    0.13721    0.42334    0.16860    0.26328    0.67857    0.18374    0.22846    0.02517
   0.18541    0.75000    0.75000    0.09852    0.96429    0.10013    0.23706    0.11383    0.09585    0.03571    0.75000    0.15234    0.13721    0.55944    0.16860    0.26328    0.96429    0.34497    0.22846    0.10716
   0.18541    0.32143    0.32143    0.10559    0.17857    0.11752    0.23706    0.09168    0.09585    0.10714    0.39286    0.16301    0.13721    0.19212    0.16860    0.26328    0.89286    0.19648    0.22846    0.21159
   0.21822    0.82143    0.60714    0.18381    0.04498    0.12965    0.26123    0.09168    0.09585    0.25000    0.46429    0.15639    0.21404    0.19991    0.16860    0.26609    0.82143    0.13700    0.22846    0.05507
   0.64642    0.10714    0.53571    0.09852    0.88815    0.12636    0.23706    0.09168    0.09585    0.46429    0.67857    0.11681    0.17029    0.04637    0.17557    0.25019    0.99792    0.00029    0.22846    0.02517
   0.02784    0.46429    0.96429    0.02113    0.22419    0.12985    0.23706    0.06358    0.09585    0.08086    0.17857    0.15639    0.17144    0.19212    0.19179    0.26544    0.44409    0.08248    0.22846    0.14278
   0.21822    0.03571    0.89286    0.09852    0.46429    0.12636    0.23706    0.10836    0.13365    0.48040    0.89286    0.13066    0.18133    0.00390    0.16860    0.27757    0.09004    0.05549    0.22846    0.02517
   0.21822    0.96068    0.82143    0.09852    0.71529    0.14632    0.23706    0.09116    0.12119    0.13419    0.96429    0.14453    0.17144    0.39252    0.17878    0.25074    0.34013    0.08248    0.16826    0.11127
   0.43445    0.41935    0.65758    0.11934    0.38322    0.14632    0.23706    0.12607    0.11130    0.32143    0.20119    0.14453    0.19205    0.27418    0.17072    0.27352    0.84587    0.07183    0.16826    0.11127
   0.21822    0.49029    0.29074    0.09852    0.35351    0.15144    0.23706    0.11896    0.09585    0.41900    0.03571    0.14453    0.17144    0.19212    0.16860    0.26371    0.69996    0.10876    0.19443    0.25414
   0.26569    0.35449    0.87281    0.09852    0.32408    0.15144    0.23706    0.11896    0.09585    0.05395    0.03571    0.14453    0.17144    0.08919    0.16860    0.26290    0.29593    0.10140    0.19443    0.20026
   0.21822    0.00471    0.37512    0.09852    0.15945    0.16576    0.26771    0.25073    0.09585    0.05250    0.03571    0.13764    0.19321    0.20121    0.16346    0.25129    0.29593    0.08248    0.19443    0.12514
   0.21822    0.04764    0.04323    0.10510    0.03579    0.16576    0.23057    0.11896    0.09585    0.13523    0.03571    0.13764    0.17144    0.14266    0.16860    0.25129    0.14599    0.08248    0.20552    0.11127
   0.21822    0.04764    0.43646    0.07191    0.19485    0.18209    0.23706    0.11896    0.09585    0.43288    0.03571    0.13782    0.15714    0.14266    0.16583    0.25716    0.15249    0.08248    0.20552    0.38035
   0.21822    0.06617    0.37512    0.10510    0.15144    0.18209    0.24638    0.19575    0.11307    0.05419    0.03571    0.13764    0.15873    0.23216    0.16860    0.25594    0.15249    0.39617    0.17766    0.11127
   0.21822    0.04764    0.37512    0.08856    0.15144    0.18209    0.23706    0.07845    0.09474    0.24604    0.00473    0.13764    0.17144    0.16998    0.16860    0.25129    0.15249    0.11814    0.18443    0.12513
   0.21822    0.04764    0.66942    0.09599    0.15144    0.18361    0.23706    0.11896    0.11121    0.19480    0.00270    0.13764    0.18798    0.14266    0.16741    0.25129    0.05434    0.13637    0.20552    0.09947
   0.21822    0.02576    0.37512    0.08856    0.15144    0.18209    0.23411    0.12039    0.89286    0.26369    0.03571    0.13764    0.18798    0.18126    0.16860    0.39286    0.18569    0.06698    0.20552    0.11127
   0.21822    0.04764    0.37512    0.08856    0.05697    0.25000    0.22045    0.12039    0.53571    0.19480    0.00892    0.14332    0.17815    0.14266    0.16860    0.32143    0.05434    0.21120    0.21257    0.11127
   0.21822    0.04764    0.37512    0.08059    0.31277    0.10714    0.23224    0.13630    0.60714    0.24261    0.09783    0.13764    0.18798    0.16096    0.16860    0.25000    0.05434    0.17532    0.20552    0.11127
   0.60733    0.04764    0.37512    0.07454    0.24090    0.82143    0.21975    0.15780    0.96429    0.19480    0.41974    0.12373    0.18368    0.17467    0.16860    0.03571    0.00682    0.08248    0.21682    0.11127
   0.00706    0.04764    0.12472    0.07883    0.15144    0.60714    0.21975    0.14053    0.32143    0.14287    0.33062    0.96429    0.18798    0.16096    0.16860    0.82143    0.01246    0.08248    0.20552    0.11127
   0.21822    0.04764    0.36886    0.06038    0.18163    0.67857    0.21975    0.12039    0.75000    0.14287    0.22098    0.17857    0.18085    0.13792    0.16032    0.46429    0.05434    0.08248    0.20552    0.05680
   0.21822    0.04764    0.45286    0.07883    0.22741    0.96429    0.25000    0.12039    0.82143    0.14287    0.26969    0.53571    0.18798    0.24167    0.16032    0.10714    0.11935    0.20953    0.17905    0.10368
   0.21822    0.04764    0.45286    0.07883    0.15144    0.46429    0.39286    0.10714    0.17857    0.17185    0.22098    0.25000    0.18798    0.16814    0.15933    0.89286    0.33306    0.08248    0.17905    0.10368
   0.21822    0.00505    0.52862    0.10139    0.16655    0.53571    0.89286    0.39286    0.25000    0.14287    0.47384    0.89286    0.18226    0.16096    0.16032    0.53571    0.25143    0.01260    0.17055    0.10368
   0.17289    0.00505    0.45286    0.07883    0.16655    0.03571    0.46429    0.75000    0.67857    0.05107    0.22098    0.39286    0.17375    0.19748    0.15644    0.17857    0.25143    0.08248    0.17905    0.21579
   0.21822    0.00505    0.41728    0.07883    0.43435    0.32143    0.96429    0.46429    0.03571    0.05107    0.22098    0.32143    0.18226    0.16096    0.16032    0.96429    0.25143    0.08248    0.17905    0.10368
   0.07595    0.00505    0.41728    0.07883    0.35921    0.39286    0.32143    0.03571    0.39286    0.05107    0.22098    0.67857    0.10714    0.17343    0.15775    0.75000    0.58248    0.09643    0.17905    0.10368
   0.21822    0.00505    0.68033    0.07883    0.16655    0.17857    0.82143    0.17857    0.46429    0.05107    0.22098    0.60714    0.75000    0.16096    0.14692    0.67857    0.25143    0.09643    0.17905    0.13038
   0.21822    0.00505    0.33301    0.07883    0.16759    0.89286    0.17857    0.67857    0.10714    0.13968    0.18321    0.10714    0.32143    0.12311    0.67857    0.60714    0.25143    0.18847    0.10881    0.02877
   0.21822    0.00505    0.33301    0.08258    0.44609    0.75000    0.67857    0.32143    0.54772    0.13968    0.22098    0.75000    0.17857    0.12311    0.39286    0.08312    0.25143    0.09643    0.17905    0.10368
   0.87576    0.00505    0.33301    0.07883    0.16655    0.18290    0.03571    0.82143    0.13542    0.01586    0.22098    0.46429    0.46429    0.14244    0.89286    0.06766    0.12390    0.09643    0.14430    0.10368
   0.56561    0.00505    0.21785    0.07883    0.16655    0.51732    0.53571    0.96429    0.80869    0.13968    0.22098    0.82143    0.60714    0.13963    0.46429    0.12937    0.12390    0.07071    0.14430    0.05581
   0.21822    0.00505    0.33301    0.07883    0.16655    0.30554    0.10714    0.53571    0.15025    0.13968    0.28473    0.03571    0.03571    0.14224    0.82143    0.35107    0.12390    0.07071    0.14430    0.08711
   0.21822    0.12281    0.33301    0.07883    0.16655    0.15010    0.60714    0.25000    0.36211    0.07641    0.25067    0.17273    0.96429    0.13963    0.96429    0.97042    0.12390    0.07071    0.14430    0.10368
   0.21822    0.48093    0.33301    0.08242    0.16655    0.26063    0.75000    0.60714    0.32143    0.13968    0.18948    0.30481    0.39286    0.13963    0.75000    0.35107    0.12390    0.07071    0.16142    0.10368
   0.57856    0.00505    0.04728    0.03571    0.33394    0.79224    0.17707    0.89286    0.24499    0.13968    0.22098    0.25344    0.53571    0.13963    0.25000    0.00954    0.12390    0.07071    0.16375    0.10368
   0.21822    0.00505    0.33301    0.67857    0.16655    0.30554    0.00387    0.88893    0.24499    0.13968    0.22098    0.25000    0.82143    0.12666    0.03571    0.29363    0.01114    0.07071    0.15496    0.07060
   0.21822    0.36043    0.22534    0.10714    0.42796    0.30554    0.43388    0.17857    0.04328    0.04248    0.22987    0.14464    0.67857    0.13963    0.17857    0.82106    0.12390    0.07071    0.16142    0.10368
   0.04939    0.00505    0.22534    0.25000    0.32427    0.19854    0.36274    0.58042    0.50422    0.13968    0.15779    0.28227    0.25000    0.15110    0.53571    0.35107    0.24743    0.07071    0.16142    0.10368
   0.21822    0.00505    0.11297    0.46429    0.19618    0.48401    0.25000    0.15028    0.29278    0.50905    0.22098    0.15615    0.89286    0.13963    0.10714    0.11953    0.15191    0.07071    0.16142    0.10368
   0.21822    0.00505    0.13824    0.60714    0.21273    0.30554    0.11703    0.17857    0.24499    0.31528    0.19005    0.46387    0.11809    0.12749    0.60714    0.35107    0.12390    0.02975    0.14146    0.17271
   0.21822    0.02045    0.22534    0.17857    0.19618    0.30554    0.34218    0.02657    0.15950    0.15456    0.19005    0.63799    0.10714    0.14594    0.32143    0.45385    0.12390    0.14932    0.17356    0.17271
   0.21822    0.00505    0.22534    0.82143    0.03152    0.30554    0.25000    0.02815    0.23079    0.15456    0.26251    0.49398    0.10763    0.14800    0.38581    0.21669    0.12390    0.07071    0.16142    0.17271
   0.21822    0.00505    0.22534    0.39286    0.19618    0.62969    0.47781    0.03354    0.25586    0.15456    0.03576    0.40741    0.24537    0.13821    0.75572    0.21830    0.01211    0.09016    0.16142    0.17271
   0.21822    0.00505    0.22534    0.53571    0.21391    0.30554    0.44614    0.02657    0.27597    0.15456    0.12348    0.34218    0.06648    0.13963    0.64687    0.24903    0.12390    0.07071    0.16142    0.17271
   0.21822    0.00505    0.22534    0.75000    0.19618    0.30554    0.27944    0.02657    0.36122    0.15456    0.19005    0.28227    0.01222    0.13963    0.53943    0.09647    0.12390    0.07071    0.14702    0.17271
   0.21822    0.00505    0.22534    0.89286    0.19654    0.18656    0.25000    0.02657    0.30408    0.15456    0.19005    0.06702    0.11426    0.14613    0.22961    0.05883    0.25375    0.07071    0.16142    0.14882
   0.21822    0.00270    0.22534    0.32143    0.19654    0.46293    0.25000    0.00361    0.27597    0.15456    0.36608    0.28227    0.03362    0.13963    0.17656    0.21830    0.03006    0.11696    0.16142    0.14882
   0.21822    0.00270    0.37206    0.96429    0.16032    0.38177    0.16535    0.02657    0.27597    0.15456    0.24240    0.28227    0.27424    0.13963    0.12942    0.21830    0.06023    0.07071    0.17356    0.29294
   0.21822    0.00270    0.25314    0.45638    0.16870    0.25488    0.31220    0.48066    0.27597    0.27210    0.20792    0.45382    0.28709    0.13963    0.17656    0.21830    0.14526    0.00827    0.16031    0.14882
   0.06188    0.00270    0.14752    0.09598    0.16032    0.31558    0.14118    0.18045    0.42959    0.15456    0.02722    0.23193    0.11426    0.89286    0.17656    0.06969    0.12390    0.07071    0.25000    0.14882
   0.29005    0.00270    0.22534    0.52400    0.16032    0.04883    0.06902    0.02657    0.51982    0.03473    0.19005    0.28227    0.10112    0.96429    0.29115    0.21830    0.12390    0.05410    0.03571    0.14882
   0.21822    0.00270    0.22534    0.30281    0.16032    0.23526    0.14118    0.13131    0.39478    0.06072    0.19005    0.28227    0.26521    0.25000    0.17656    0.21830    0.12390    0.07071    0.82143    0.14882
   0.21822    0.00270    0.22534    0.08533    0.16032    0.23526    0.19817    0.02657    0.42959    0.07791    0.19621    0.28227    0.02630    0.32143    0.22901    0.21830    0.14052    0.07071    0.60714    0.14882
   0.62491    0.00270    0.22294    0.21914    0.29458    0.23526    0.19817    0.02657    0.55305    0.15456    0.19005    0.28227    0.11071    0.82143    0.47159    0.21830    0.12390    0.07071    0.67857    0.14882
   0.47277    0.00270    0.15248    0.30281    0.19102    0.10435    0.27880    0.02657    0.42959    0.15456    0.16521    0.26148    0.02630    0.46429    0.22901    0.21830    0.12390    0.06342    0.10714    0.22838
   0.33836    0.00270    0.18897    0.19966    0.16032    0.14807    0.19817    0.28148    0.42959    0.15456    0.19005    0.25615    0.00669    0.39286    0.30211    0.21830    0.12390    0.07071    0.46429    0.14882
   0.33836    0.00270    0.18897    0.00280    0.16443    0.18503    0.19817    0.02657    0.42959    0.15456    0.19005    0.26148    0.02630    0.60714    0.30211    0.21830    0.12390    0.07071    0.53571    0.14882
   0.33836    0.00270    0.18897    0.30281    0.20950    0.01255    0.19817    0.18532    0.42959    0.15456    0.19005    0.26148    0.02630    0.53571    0.57120    0.21830    0.16824    0.07671    0.89286    0.15916
   0.33836    0.00270    0.20523    0.30281    0.16032    0.05017    0.05347    0.18532    0.41264    0.15456    0.19005    0.26148    0.00497    0.17857    0.47546    0.21830    0.15118    0.08549    0.32143    0.14882
   0.27879    0.00270    0.23049    0.30281    0.16032    0.02180    0.19817    0.18532    0.41264    0.15456    0.19005    0.26148    0.00497    0.67857    0.30211    0.21830    0.14617    0.07671    0.39286    0.14882
   0.27879    0.00270    0.18897    0.25164    0.16032    0.09722    0.19817    0.20831    0.41264    0.15456    0.19005    0.26148    0.00497    0.75000    0.30211    0.41777    0.13652    0.08902    0.17857    0.14882
   0.27879    0.00270    0.18897    0.15583    0.21914    0.01029    0.19817    0.18532    0.48833    0.15456    0.15915    0.26148    0.00497    0.03571    0.28995    0.21830    0.13652    0.07671    0.96429    0.14882
   0.27879    0.00270    0.20861    0.20713    0.16032    0.14424    0.19817    0.18532    0.41264    0.15456    0.19005    0.26148    0.00497    0.10714    0.44710    0.22464    0.13652    0.07671    0.75000    0.14882
   0.27879    0.00270    0.18897    0.20713    0.19462    0.09722    0.19817    0.13687    0.41264    0.11849    0.18321    0.26148    0.00497    0.18815    0.30211    0.16894    0.13652    0.07671    0.70385    0.14882
   0.24746    0.18247    0.20691    0.20713    0.16032    0.09722    0.19817    0.02782    0.43612    0.19979    0.18321    0.26148    0.00497    0.85184    0.30211    0.08321    0.13014    0.07671    0.51801    0.14882
   0.27879    0.18247    0.18897    0.44934    0.16032    0.02725    0.20957    0.30548    0.39629    0.17899    0.18321    0.19243    0.00497    0.93169    0.30211    0.21830    0.13652    0.07671    0.37653    0.14882
   0.38796    0.11489    0.18897    0.40343    0.16032    0.09722    0.20957    0.26229    0.39629    0.17899    0.18321    0.21856    0.00497    0.71074    0.47194    0.21830    0.13652    0.07671    0.53325    0.12721
   0.27879    0.10986    0.18897    0.44934    0.16032    0.09722    0.20957    0.32406    0.39629    0.22991    0.18321    0.23542    0.02486    0.46429    0.30211    0.21830    0.13652    0.07671    0.28137    0.13797
   0.27879    0.11489    0.18897    0.27954    0.16032    0.09722    0.20957    0.45207    0.35157    0.18900    0.19768    0.21856    0.00497    0.13687    0.30211    0.23560    0.13652    0.07671    0.53680    0.14394
   0.27879    0.25172    0.18897    0.45561    0.16032    0.09722    0.20957    0.31566    0.39629    0.17899    0.18321    0.21856    0.00497    0.46429    0.30211    0.14931    0.16356    0.07671    0.58223    0.14100
   0.27879    0.11489    0.16707    0.27954    0.17995    0.09722    0.20957    0.26229    0.44503    0.28435    0.18321    0.21856    0.00078    0.46429    0.52325    0.14931    0.15023    0.07671    0.45829    0.14882
   0.27879    0.11489    0.18897    0.27954    0.16032    0.09722    0.20957    0.26229    0.42051    0.17899    0.18321    0.21856    0.12930    0.46429    0.30211    0.14931    0.14355    0.09861    0.22110    0.12833
   0.27879    0.11489    0.19805    0.02855    0.13967    0.11008    0.20957    0.26229    0.38863    0.17494    0.18321    0.02525    0.05778    0.62626    0.30211    0.16621    0.14077    0.07671    0.07753    0.75000
   0.27879    0.11489    0.18897    0.13924    0.16032    0.22149    0.20957    0.26229    0.39629    0.17899    0.18321    0.16037    0.04750    0.46429    0.30211    0.14931    0.13600    0.07671    0.45829    0.89286
   0.27879    0.17238    0.18897    0.27954    0.15074    0.01804    0.26015    0.26229    0.41215    0.15331    0.18321    0.21856    0.00225    0.46429    0.30211    0.14931    0.13652    0.07671    0.45829    0.03571
   0.27879    0.11489    0.18443    0.27954    0.16032    0.00378    0.20957    0.26229    0.40624    0.17899    0.89286    0.21856    0.00225    0.72181    0.30211    0.14931    0.14054    0.07671    0.45829    0.67857
   0.27879    0.11489    0.18897    0.21071    0.16032    0.01804    0.23908    0.46524    0.40624    0.17899    0.17857    0.17604    0.00225    0.46429    0.30211    0.14931    0.14096    0.07671    0.45829    0.60714
   0.27879    0.18557    0.18407    0.21071    0.16032    0.01804    0.20171    0.26229    0.43865    0.16602    0.67857    0.21856    0.00225    0.55612    0.43951    0.14931    0.13652    0.07671    0.45829    0.53571
   0.09597    0.11489    0.18897    0.22652    0.15603    0.03995    0.20957    0.26229    0.42232    0.20958    0.96429    0.21856    0.00225    0.46429    0.30211    0.14931    0.13652    0.07671    0.45829    0.82143
   0.27879    0.11489    0.18897    0.22652    0.16032    0.01804    0.20957    0.41745    0.41388    0.17899    0.25000    0.21856    0.00225    0.15397    0.30211    0.14931    0.14075    0.07671    0.45829    0.17857
   0.27879    0.11489    0.10714    0.46856    0.17896    0.01804    0.20957    0.26229    0.41388    0.17899    0.46429    0.21856    0.00225    0.43732    0.30211    0.14931    0.14499    0.07671    0.96903    0.46429
   0.27879    0.11489    0.03571    0.22652    0.19861    0.01804    0.20957    0.19220    0.41388    0.17899    0.39286    0.21856    0.00225    0.18274    0.30211    0.31529    0.67857    0.07671    0.45829    0.39286
   0.27879    0.17149    0.60714    0.22652    0.17896    0.01804    0.20957    0.26229    0.41388    0.17899    0.60714    0.19192    0.00225    0.00213    0.30211    0.17752    0.46429    0.07671    0.36974    0.32143
   0.27879    0.14941    0.46429    0.22652    0.17458    0.06587    0.20957    0.26229    0.41388    0.19383    0.53571    0.19192    0.05344    0.18274    0.30211    0.22844    0.03571    0.09674    0.16381    0.96429
   0.27879    0.14941    0.75000    0.01998    0.89286    0.03189    0.20141    0.26229    0.41388    0.19383    0.75000    0.17685    0.05344    0.09232    0.30211    0.17752    0.89286    0.09674    0.01312    0.10714
   0.56971    0.14941    0.67857    0.22652    0.39286    0.01804    0.20957    0.27893    0.41388    0.96429    0.03571    0.19192    0.02537    0.18274    0.37403    0.17752    0.82143    0.09674    0.19619    0.25000
   0.27879    0.14941    0.82143    0.22652    0.03571    0.01804    0.16864    0.26229    0.41568    0.17857    0.32143    0.15492    0.03943    0.18274    0.22305    0.17752    0.60714    0.09674    0.24132    0.44981
   0.27879    0.14941    0.17857    0.22652    0.46429    0.00540    0.20957    0.34386    0.41568    0.75000    0.82143    0.15492    0.02537    0.07640    0.22305    0.17752    0.75000    0.09674    0.24132    0.89286
   0.27879    0.14941    0.32143    0.07712    0.17857    0.02858    0.20957    0.22286    0.44526    0.32143    0.10714    0.07594    0.02537    0.18274    0.19740    0.17752    0.25000    0.12540    0.24132    0.89286
   0.27879    0.14941    0.25000    0.36948    0.32143    0.01804    0.20474    0.26229    0.41568    0.89286    0.41124    0.15492    0.05068    0.29181    0.22305    0.17752    0.39286    0.12540    0.18995    0.62900
   0.41199    0.11217    0.53571    0.30009    0.75000    0.01804    0.20957    0.27791    0.43762    0.39286    0.11290    0.15492    0.02537    0.15079    0.22305    0.17752    0.17857    0.12540    0.24132    0.11885
   0.27879    0.14941    0.39286    0.30009    0.25000    0.01804    0.20957    0.30921    0.41568    0.53571    0.60144    0.15305    0.02537    0.18274    0.22305    0.17752    0.10714    0.12540    0.65819    0.74404
   0.27879    0.28985    0.96429    0.30009    0.67857    0.01804    0.20527    0.26229    0.41568    0.46429    0.67857    0.15305    0.02537    0.18274    0.22305    0.17752    0.96429    0.12540    0.24132    0.74459
   0.13115    0.14941    0.89286    0.34209    0.82143    0.01804    0.20693    0.26229    0.45217    0.60714    0.34696    0.02885    0.02537    0.18206    0.22305    0.22110    0.53571    0.12540    0.20459    0.62900
   0.27879    0.14941    0.64887    0.30009    0.53571    0.04636    0.20957    0.27251    0.41568    0.10714    0.67857    0.13658    0.03623    0.11285    0.24014    0.22110    0.32143    0.14466    0.24132    0.62900
   0.27879    0.14941    0.91993    0.30009    0.96429    0.03226    0.20314    0.26229    0.41568    0.67857    0.67857    0.13658    0.02537    0.03189    0.22358    0.22110    0.00139    0.14466    0.03519    0.18746
   0.27879    0.01109    0.86508    0.30009    0.60714    0.03226    0.20957    0.26229    0.41568    0.25000    0.67857    0.13658    0.02537    0.11285    0.22305    0.22110    0.32446    0.21435    0.24132    0.18746
   0.20551    0.14941    0.75000    0.30009    0.10714    0.03226    0.20957    0.26229    0.41568    0.82143    0.67857    0.13658    0.02537    0.11285    0.22305    0.23138    0.03571    0.27660    0.32826    0.18746
   0.33663    0.14941    0.15087    0.30009    0.48020    0.03226    0.20957    0.26229    0.41568    0.03571    0.42819    0.13658    0.02537    0.11890    0.22305    0.29244    0.03571    0.21435    0.27391    0.18746
   0.27879    0.14941    0.75000    0.30009    0.67857    0.03226    0.20076    0.26229    0.41568    0.01171    0.57398    0.13658    0.05460    0.05230    0.21592    0.23138    0.03571    0.21435    0.24132    0.18746
   0.27879    0.14941    0.55949    0.25177    0.59784    0.03226    0.20957    0.26229    0.41568    0.14861    0.67857    0.13658    0.03977    0.11890    0.22305    0.23138    0.03571    0.21435    0.76375    0.18746
   0.27879    0.22144    0.87023    0.30009    0.67857    0.03226    0.20452    0.26229    0.37974    0.00359    0.67857    0.13658    0.03977    0.06860    0.22305    0.29781    0.03571    0.26925    0.24132    0.18746
   0.23373    0.14941    0.75000    0.34347    0.91668    0.06420    0.20957    0.26229    0.37974    0.14861    0.91548    0.16467    0.03354    0.09396    0.25272    0.23138    0.03571    0.21435    0.24132    0.18746
   0.31829    0.14941    0.99636    0.34347    0.99930    0.04814    0.20957    0.27092    0.37974    0.14861    0.67857    0.15099    0.03354    0.11890    0.22305    0.25032    0.03571    0.21435    0.24132    0.18746
   0.27879    0.14941    0.82266    0.34347    0.60313    0.04157    0.20386    0.26229    0.34057    0.03375    0.67857    0.16467    0.03354    0.11890    0.22305    0.23138    0.03571    0.21435    0.24132    0.02757
   0.27879    0.14941    0.82266    0.34347    0.67857    0.04157    0.20639    0.26657    0.34057    0.14861    0.67857    0.29911    0.03354    0.11890    0.22305    0.23138    0.03571    0.21435    0.42668    0.18746
   0.27879    0.14941    0.83322    0.34347    0.89643    0.04157    0.20957    0.26229    0.36004    0.14861    0.73812    0.20234    0.03354    0.11890    0.22305    0.23138    0.03571    0.53571    0.24132    0.18746
   0.27879    0.14941    0.83322    0.34347    0.67857    0.04157    0.10714    0.96429    0.34057    0.14861    0.68662    0.16467    0.03354    0.25875    0.22305    0.23138    0.03571    0.32143    0.24132    0.18746
   0.27879    0.14941    0.78569    0.34347    0.67857    0.04157    0.67857    0.53571    0.34057    0.14861    0.67857    0.16467    0.05107    0.25875    0.22305    0.23138    0.28283    0.10714    0.24132    0.18746
   0.27879    0.20589    0.78569    0.34347    0.67857    0.05888    0.96429    0.17857    0.34057    0.14861    0.78497    0.16467    0.04260    0.25875    0.21339    0.23138    0.16210    0.82143    0.24132    0.15387
   0.27879    0.14941    0.78569    0.32444    0.83800    0.04157    0.46429    0.67857    0.34057    0.14861    0.77727    0.16467    0.05107    0.19528    0.21339    0.23138    0.16210    0.03571    0.24132    0.15387
   0.27879    0.14941    0.95023    0.32444    0.67857    0.05014    0.39286    0.39286    0.35346    0.66349    0.55754    0.16467    0.05107    0.19528    0.21339    0.23138    0.52265    0.75000    0.24132    0.15387
   0.27879    0.14941    0.78569    0.32444    0.70674    0.04157    0.82143    0.89286    0.34057    0.03349    0.55754    0.16467    0.05107    0.19528    0.21339    0.23138    0.16210    0.60714    0.10412    0.15387
   0.27879    0.14941    0.78569    0.30652    0.67857    0.04157    0.75000    0.75000    0.37156    0.14861    0.55754    0.16467    0.05107    0.19528    0.20433    0.23138    0.16210    0.39286    0.10412    0.15387
   0.25527    0.14941    0.78569    0.32444    0.67857    0.04157    0.25000    0.25000    0.34057    0.00903    0.16686    0.16467    0.05107    0.19528    0.21339    0.23138    0.16210    0.25000    0.10412    0.39740
   0.25527    0.14941    0.78569    0.32444    0.67857    0.04157    0.17857    0.10714    0.34057    0.00903    0.16686    0.16467    0.06912    0.19528    0.21339    0.23138    0.16210    0.96429    0.10412    0.15387
   0.26660    0.07920    0.78569    0.32444    0.67857    0.04157    0.60714    0.60714    0.34057    0.00903    0.16686    0.16467    0.06017    0.19528    0.89286    0.23138    0.16210    0.17857    0.10412    0.25959
   0.26660    0.11612    0.78569    0.32444    0.67857    0.04940    0.53571    0.32143    0.34057    0.00903    0.16686    0.16467    0.05563    0.19528    0.53571    0.25806    0.16210    0.89286    0.17109    0.15387
