   0.12500    0.29167    0.70833    0.70833    0.04167    0.95833    0.45833    0.20833    0.20833    0.95833    0.12500    0.20833    0.79167    0.20833    0.54167    0.87500    0.12500    0.95833    0.04167    0.04167
   0.37500    0.79167    0.62500    0.95833    0.37500    0.54167    0.95833    0.12500    0.87500    0.87500    0.20833    0.87500    0.62500    0.54167    0.37500    0.95833    0.20833    0.12500    0.87500    0.79167
   0.04167    0.45833    0.54167    0.79167    0.45833    0.79167    0.20833    0.29167    0.70833    0.29167    0.37500    0.29167    0.45833    0.70833    0.70833    0.79167    0.29167    0.54167    0.62500    0.12500
   0.20833    0.37500    0.79167    0.54167    0.29167    0.29167    0.62500    0.54167    0.45833    0.20833    0.29167    0.62500    0.04167    0.37500    0.04167    0.54167    0.62500    0.37500    0.79167    0.37500
   0.45833    0.95833    0.95833    0.12500    0.12500    0.87500    0.87500    0.37500    0.04167    0.62500    0.95833    0.45833    0.70833    0.87500    0.87500    0.62500    0.95833    0.70833    0.70833    0.45833
   0.70833    0.87500    0.12500    0.37500    0.20833    0.62500    0.70833    0.04167    0.37500    0.54167    0.45833    0.95833    0.87500    0.95833    0.79167    0.70833    0.54167    0.20833    0.45833    0.29167
   0.29167    0.12500    0.87500    0.62500    0.79167    0.37500    0.29167    0.95833    0.62500    0.45833    0.54167    0.04167    0.12500    0.04167    0.20833    0.29167    0.45833    0.79167    0.54167    0.70833
   0.54167    0.04167    0.04167    0.87500    0.87500    0.12500    0.12500    0.62500    0.95833    0.37500    0.04167    0.54167    0.29167    0.12500    0.12500    0.37500    0.04167    0.29167    0.29167    0.54167
   0.79167    0.62500    0.20833    0.45833    0.70833    0.70833    0.37500    0.45833    0.54167    0.79167    0.70833    0.37500    0.95833    0.62500    0.95833    0.45833    0.37500    0.62500    0.20833    0.62500
   0.95833    0.54167    0.45833    0.20833    0.54167    0.20833    0.79167    0.70833    0.29167    0.70833    0.62500    0.70833    0.54167    0.29167    0.29167    0.20833    0.70833    0.45833    0.37500    0.87500
   0.62500    0.20833    0.37500    0.04167    0.62500    0.45833    0.04167    0.87500    0.12500    0.12500    0.79167    0.12500    0.37500    0.45833    0.62500    0.04167    0.79167    0.87500    0.12500    0.20833
   0.87500    0.70833    0.29167    0.29167    0.95833    0.04167    0.54167    0.79167    0.79167    0.04167    0.87500    0.79167    0.20833    0.79167    0.45833    0.12500    0.87500    0.04167    0.95833    0.95833
   0.89129    0.02408    0.54046    0.10893    0.93360    0.97264    0.38696    0.93878    0.13200    0.92706    0.75039    0.46962    0.91612    0.84861    0.81942    0.39900    0.55325    0.92515    0.28747    0.03727
   0.98449    0.63889    0.96583    0.34173    0.93767    0.61806    0.47292    0.19139    0.99227    0.87453    0.09789    0.88898    0.05706    0.97380    0.91318    0.02321    0.02476    0.43712    0.16232    0.10984
   0.48466    0.16967    0.94126    0.34173    0.81628    0.66508    0.70590    0.59884    0.31494    0.96750    0.40850    0.62500    0.42818    0.65379    0.50028    0.42158    0.35126    0.76633    0.60736    0.13306
   0.48466    0.45217    0.79924    0.41805    0.93360    0.95833    0.04410    0.55625    0.45833    0.99958    0.45833    0.62500    0.45833    0.54167    0.66024    0.55755    0.35126    0.46977    0.39034    0.32447
   0.48466    0.63058    0.98351    0.17207    0.93360    0.43728    0.97928    0.83496    0.45129    0.95833    0.95109    0.93623    0.85669    0.67749    0.31813    0.02761    0.33835    0.87680    0.31977    0.20833
   0.66431    0.27725    0.62550    0.34173    0.51902    0.95833    0.67824    0.56087    0.60641    0.96571    0.73473    0.63724    0.56559    0.42342    0.50028    0.42158    0.77080    0.57141    0.42815    0.23610
   0.37370    0.62091    0.96583    0.38230    0.64869    0.97844    0.47292    0.63230    0.37395    0.92426    0.42099    0.86557    0.50398    0.54167    0.44583    0.35182    0.24621    0.52943    0.36676    0.17542
   0.48466    0.52886    0.96583    0.38230    0.67929    0.95833    0.47292    0.54265    0.37395    0.95076    0.39105    0.63343    0.51003    0.50306    0.55747    0.42158    0.37053    0.58316    0.43348    0.38048
   0.67229    0.62099    0.96583    0.79079    0.51902    0.97831    0.41582    0.54265    0.21619    0.51566    0.59034    0.05587    0.67909    0.11472    0.03860    0.87082    0.31929    0.43940    0.84780    0.23610
   0.48466    0.62099    0.98521    0.07721    0.37673    0.95833    0.25202    0.96507    0.37395    0.95076    0.00039    0.81382    0.66070    0.12904    0.55747    0.64052    0.28825    0.41349    0.36382    0.23610
   0.48466    0.62099    0.76132    0.53525    0.54235    0.67304    0.14416    0.54265    0.37877    0.95076    0.39105    0.78122    0.39273    0.43175    0.55747    0.42158    0.31546    0.54167    0.43348    0.23610
   0.48466    0.62099    0.79577    0.38230    0.49235    0.73702    0.36504    0.54265    0.37877    0.95076    0.39105    0.66897    0.51003    0.41025    0.55747    0.42158    0.28963    0.53644    0.43348    0.23610
   0.74802    0.99872    0.38948    0.16318    0.49235    0.42270    0.31216    0.96739    0.32304    0.95076    0.09226    0.64279    0.51003    0.43175    0.98773    0.42158    0.00223    0.53893    0.75247    0.46757
   0.52309    0.62099    0.77396    0.38230    0.49235    0.42270    0.36504    0.54265    0.37877    0.57253    0.30305    0.75427    0.51003    0.00584    0.37808    0.42214    0.48197    0.50771    0.00360    0.11985
   0.41304    0.62099    0.79577    0.34543    0.49235    0.42270    0.36504    0.62136    0.37877    0.71744    0.36314    0.63343    0.43645    0.49619    0.31148    0.42214    0.31555    0.53893    0.37145    0.35254
   0.38163    0.62099    0.79577    0.31921    0.45856    0.38695    0.36504    0.54265    0.37877    0.57253    0.36314    0.63343    0.43645    0.43175    0.46477    0.42214    0.28963    0.55661    0.37145    0.26749
   0.41304    0.62099    0.45298    0.18430    0.45856    0.42270    0.35213    0.20856    0.35906    0.57253    0.36314    0.43714    0.29505    0.43175    0.39080    0.42214    0.41473    0.65987    0.37145    0.26749
   0.41304    0.52946    0.92082    0.13514    0.92716    0.66222    0.62572    0.54265    0.40052    0.57253    0.71060    0.80290    0.43645    0.43175    0.45822    0.42214    0.28963    0.53893    0.37145    0.26749
   0.47545    0.48484    0.81145    0.31921    0.45856    0.41357    0.39863    0.54265    0.33981    0.53203    0.36314    0.92390    0.36303    0.43175    0.50992    0.37777    0.32560    0.47390    0.37145    0.27292
   0.30946    0.48484    0.78276    0.33711    0.45856    0.41357    0.35213    0.54265    0.33981    0.53203    0.36314    0.80290    0.31073    0.40815    0.36437    0.42214    0.28963    0.47390    0.37145    0.26749
   0.06385    0.33496    0.57493    0.62866    0.45856    0.16092    0.10822    0.14152    0.26797    0.13329    0.11294    0.50233    0.31073    0.47824    0.35118    0.53221    0.00299    0.34441    0.37145    0.16482
   0.48136    0.31222    0.27184    0.23485    0.45856    0.52018    0.52281    0.54265    0.27917    0.38411    0.47307    0.79229    0.08373    0.43175    0.36437    0.47527    0.28963    0.30180    0.37145    0.26749
   0.37053    0.48484    0.57493    0.27995    0.45856    0.41229    0.35213    0.54265    0.26797    0.49644    0.33718    0.80290    0.35691    0.40673    0.36437    0.43591    0.25522    0.30180    0.37145    0.37310
   0.27787    0.49531    0.59816    0.23485    0.45856    0.41357    0.35213    0.54265    0.26797    0.49644    0.41842    0.81488    0.31073    0.42866    0.34957    0.43591    0.28963    0.30180    0.37145    0.26749
   0.27787    0.49531    0.57493    0.14061    0.27291    0.45283    0.31307    0.98174    0.23440    0.55874    0.41842    0.50941    0.29468    0.22829    0.34957    0.57459    0.28963    0.29719    0.01241    0.14114
   0.27787    0.49531    0.57832    0.23485    0.27291    0.52607    0.35213    0.54265    0.01461    0.39967    0.41842    0.31158    0.45256    0.40673    0.11687    0.37618    0.37892    0.25504    0.13351    0.31605
   0.18964    0.49531    0.53005    0.21528    0.22114    0.41357    0.37133    0.54265    0.27968    0.49644    0.35874    0.50941    0.31073    0.38293    0.38532    0.43591    0.28963    0.42142    0.40770    0.32658
   0.27787    0.49531    0.53005    0.23485    0.27291    0.40129    0.38490    0.57483    0.26226    0.49644    0.37823    0.50941    0.31073    0.40673    0.34698    0.51157    0.28963    0.30180    0.37145    0.26749
   0.39650    0.71773    0.38893    0.28315    0.48749    0.40129    0.44857    0.54265    0.55064    0.63250    0.41842    0.50941    0.10296    0.38198    0.34957    0.43591    0.28963    0.27074    0.54702    0.26749
   0.27787    0.49531    0.53005    0.23485    0.27291    0.37556    0.32116    0.62792    0.26226    0.64633    0.47977    0.61193    0.31073    0.40673    0.43760    0.43025    0.28963    0.30180    0.66091    0.26749
   0.27787    0.44417    0.53005    0.24744    0.27291    0.37556    0.32116    0.47322    0.28844    0.49644    0.54200    0.50941    0.31073    0.37179    0.40664    0.43591    0.28963    0.34190    0.36489    0.25843
   0.27787    0.44417    0.52272    0.24744    0.27291    0.36408    0.32116    0.43436    0.29096    0.49644    0.45343    0.52292    0.31073    0.38122    0.37229    0.43591    0.23869    0.30180    0.36489    0.25843
   0.22518    0.15897    0.53005    0.12389    0.10579    0.37556    0.19333    0.03232    0.09815    0.73479    0.41842    0.22277    0.31541    0.19424    0.34957    0.48712    0.10596    0.30563    0.36489    0.25843
   0.19452    0.44417    0.60752    0.24744    0.29158    0.37556    0.35221    0.43436    0.29096    0.49644    0.41842    0.50941    0.31073    0.26114    0.30189    0.43035    0.24181    0.33417    0.36489    0.25843
   0.22518    0.45340    0.53005    0.24744    0.37818    0.36798    0.36163    0.35937    0.40559    0.49644    0.45886    0.45186    0.31073    0.38122    0.36095    0.44328    0.27881    0.31400    0.36489    0.25843
   0.20651    0.44417    0.53914    0.24744    0.27291    0.36783    0.32116    0.39717    0.29096    0.49644    0.45886    0.43380    0.31073    0.38122    0.35294    0.43591    0.27356    0.31140    0.36489    0.25843
   0.17157    0.72802    0.45521    0.24744    0.27291    0.36783    0.32116    0.16054    0.29096    0.63996    0.45886    0.43380    0.31073    0.69277    0.32176    0.47051    0.23869    0.30757    0.36489    0.25843
   0.30567    0.37075    0.39395    0.29060    0.27291    0.25792    0.35216    0.37683    0.29096    0.43949    0.43151    0.43380    0.31073    0.20227    0.35294    0.47258    0.23869    0.30563    0.36489    0.24441
   0.22518    0.42990    0.31878    0.25587    0.27291    0.36783    0.35216    0.39717    0.29096    0.42882    0.46408    0.43380    0.31073    0.38122    0.32375    0.44197    0.29647    0.30563    0.35848    0.25843
   0.23373    0.37075    0.31878    0.25587    0.27291    0.36783    0.34162    0.39717    0.29096    0.42882    0.45559    0.43380    0.31073    0.38122    0.35294    0.43591    0.25579    0.30913    0.36489    0.25222
   0.23373    0.37075    0.19775    0.25587    0.05214    0.28842    0.34162    0.39717    0.16007    0.36268    0.45559    0.43380    0.31073    0.03391    0.32733    0.43591    0.25579    0.30563    0.43209    0.25843
   0.18814    0.37075    0.43294    0.27061    0.27291    0.32584    0.31162    0.39717    0.29096    0.17799    0.45559    0.32640    0.31073    0.54208    0.29673    0.44419    0.25579    0.32024    0.33182    0.25275
   0.23585    0.33657    0.38068    0.26335    0.27291    0.28842    0.30681    0.39717    0.29096    0.42882    0.44260    0.43380    0.31073    0.38122    0.32733    0.44147    0.22009    0.30563    0.35008    0.25843
   0.23585    0.35661    0.34193    0.25208    0.27291    0.28842    0.29707    0.39717    0.30258    0.41850    0.45559    0.43380    0.31121    0.38122    0.31797    0.45406    0.26172    0.31151    0.36489    0.25595
   0.27446    0.37075    0.34193    0.24842    0.65578    0.28842    0.26989    0.39717    0.42355    0.27846    0.52577    0.43380    0.30470    0.38122    0.32733    0.44147    0.25802    0.30480    0.31982    0.24636
   0.23585    0.30573    0.34193    0.21533    0.27291    0.23858    0.29707    0.25729    0.30258    0.41850    0.45559    0.24428    0.30522    0.46643    0.32733    0.42517    0.27886    0.31220    0.36489    0.23641
   0.14348    0.35547    0.34193    0.24124    0.27291    0.32790    0.29707    0.25729    0.30258    0.41850    0.48317    0.43380    0.30831    0.43440    0.32417    0.40819    0.25579    0.30842    0.36489    0.24888
   0.23585    0.34715    0.34193    0.25208    0.27291    0.28842    0.29707    0.25729    0.28004    0.41850    0.45559    0.43380    0.31073    0.38122    0.32733    0.42517    0.25042    0.30766    0.36489    0.24888
   0.23585    0.22074    0.35821    0.25208    0.30812    0.28842    0.29707    0.25729    0.31037    0.13860    0.45559    0.23831    0.32410    0.19516    0.32733    0.42319    0.25579    0.30106    0.36489    0.26235
   0.23585    0.34715    0.34193    0.24020    0.27291    0.20772    0.19917    0.25344    0.28004    0.41850    0.45559    0.73299    0.31073    0.45898    0.32733    0.42517    0.23640    0.30222    0.37014    0.24888
   0.26271    0.34715    0.34193    0.25208    0.27291    0.31913    0.32271    0.25729    0.28004    0.39456    0.45559    0.43380    0.31073    0.40163    0.32733    0.41047    0.26058    0.30222    0.36489    0.24888
   0.26463    0.34715    0.34193    0.25208    0.27291    0.28842    0.32271    0.25729    0.28004    0.39519    0.45559    0.43380    0.32044    0.38122    0.32072    0.42517    0.25579    0.30763    0.36747    0.24888
   0.23585    0.34715    0.36336    0.25124    0.33925    0.28842    0.32271    0.29281    0.20938    0.51248    0.45559    0.43380    0.25206    0.33345    0.28597    0.42517    0.24017    0.30958    0.35886    0.24888
   0.23585    0.34715    0.34193    0.25208    0.27291    0.28842    0.42824    0.25729    0.28620    0.25173    0.45559    0.43380    0.25206    0.38122    0.23765    0.42517    0.25551    0.30384    0.36489    0.25183
   0.23585    0.34715    0.33710    0.24134    0.28399    0.28842    0.32271    0.25729    0.28152    0.37688    0.45559    0.43380    0.26567    0.38122    0.26133    0.42342    0.25579    0.30384    0.36489    0.37500
   0.26597    0.34715    0.32774    0.25208    0.27291    0.28842    0.32271    0.25729    0.28004    0.37895    0.45559    0.43380    0.27512    0.38122    0.25137    0.42517    0.25491    0.30384    0.36489    0.04167
   0.13902    0.34362    0.32774    0.26277    0.19753    0.28842    0.32271    0.25729    0.28004    0.37895    0.45559    0.94575    0.27094    0.38122    0.24644    0.42937    0.26269    0.12500    0.36671    0.45833
   0.23585    0.34715    0.32774    0.25208    0.32419    0.28842    0.32271    0.01229    0.28004    0.37895    0.45559    0.28011    0.27512    0.46393    0.26133    0.42135    0.25444    0.20833    0.34818    0.79167
   0.23585    0.34715    0.32774    0.25208    0.29986    0.28842    0.32271    0.25729    0.28004    0.37895    0.45559    0.39627    0.27512    0.38122    0.26133    0.42135    0.25491    0.45833    0.34818    0.12500
   0.23585    0.34715    0.32774    0.25323    0.27291    0.28842    0.32271    0.26919    0.28004    0.37895    0.45559    0.40855    0.27512    0.38122    0.25623    0.42135    0.25649    0.29167    0.33842    0.70833
   0.23585    0.34715    0.27909    0.25855    0.27291    0.28553    0.36534    0.32512    0.28004    0.48707    0.46935    0.40855    0.31668    0.28215    0.27363    0.42135    0.26124    0.37500    0.32190    0.29167
   0.23585    0.33077    0.32774    0.25447    0.26398    0.29915    0.32271    0.32512    0.30990    0.37895    0.20833    0.40855    0.24038    0.38122    0.26133    0.41472    0.25697    0.04167    0.33842    0.87500
   0.23585    0.33070    0.32774    0.25323    0.28380    0.28842    0.32271    0.32512    0.28004    0.37895    0.62500    0.37409    0.27512    0.38122    0.26133    0.41472    0.25933    0.95833    0.33842    0.20833
   0.24027    0.33787    0.32774    0.25323    0.26398    0.28633    0.32271    0.31429    0.28004    0.37895    0.29167    0.39258    0.27512    0.37678    0.25363    0.41472    0.25933    0.62500    0.33842    0.54167
   0.23585    0.33070    0.28331    0.29167    0.26398    0.28633    0.35594    0.47046    0.29657    0.37895    0.54167    0.39258    0.27512    0.30296    0.26133    0.42695    0.25933    0.70833    0.32298    0.95833
   0.25270    0.33070    0.32774    0.87500    0.28373    0.28633    0.32271    0.31429    0.28761    0.24621    0.12500    0.48648    0.27512    0.30296    0.23274    0.40499    0.26354    0.54167    0.33842    0.62500
   0.23585    0.32212    0.32774    0.79167    0.26732    0.28633    0.32271    0.27205    0.28004    0.37895    0.04167    0.39258    0.27512    0.30296    0.28951    0.40499    0.25776    0.79167    0.33276    0.06636
   0.23585    0.32448    0.32774    0.37500    0.26732    0.28289    0.32271    0.33518    0.28215    0.37895    0.95833    0.39258    0.27778    0.30296    0.26133    0.40499    0.26135    0.87500    0.33516    0.06515
   0.17488    0.33070    0.32774    0.04167    0.26732    0.26966    0.28136    0.27090    0.26756    0.37895    0.87500    0.41622    0.27512    0.33103    0.26133    0.40499    0.79167    0.54566    0.33276    0.56152
   0.23585    0.33070    0.33280    0.54167    0.26732    0.28289    0.32271    0.33779    0.29841    0.37895    0.45833    0.39258    0.27512    0.30296    0.26133    0.38773    0.54167    0.65860    0.33276    0.50917
   0.23585    0.32244    0.33229    0.45833    0.26732    0.28289    0.32271    0.31429    0.28826    0.37895    0.70833    0.35582    0.27512    0.30296    0.26133    0.35091    0.29167    0.52188    0.04167    0.31794
   0.23585    0.32244    0.33096    0.95833    0.26732    0.27822    0.32271    0.31429    0.28215    0.36872    0.37500    0.37572    0.27512    0.31717    0.26133    0.35091    0.37500    0.33072    0.37500    0.70671
   0.26123    0.32244    0.32774    0.62500    0.26732    0.27822    0.32271    0.21212    0.28215    0.36872    0.79167    0.37572    0.27512    0.37879    0.26133    0.35091    0.12500    0.12512    0.20833    0.50917
   0.23585    0.32244    0.32774    0.20833    0.26732    0.27822    0.31914    0.31429    0.28215    0.26953    0.56629    0.37572    0.27512    0.25409    0.24814    0.35091    0.04167    0.06310    0.12500    0.36109
   0.21627    0.32244    0.33208    0.12500    0.26920    0.27822    0.32271    0.31429    0.28215    0.36872    0.45833    0.37572    0.27512    0.30296    0.25555    0.27930    0.95833    0.36491    0.45833    0.36109
   0.23108    0.32244    0.33399    0.70833    0.26732    0.27397    0.32271    0.31429    0.28215    0.36872    0.24804    0.37572    0.27512    0.30296    0.45833    0.20912    0.87500    0.37408    0.29167    0.36109
   0.23108    0.32244    0.29167    0.81135    0.27671    0.27545    0.30542    0.31429    0.28215    0.36872    0.45833    0.19667    0.27512    0.26503    0.87500    0.35249    0.62500    0.61278    0.70833    0.36109
   0.22721    0.32244    0.95833    0.95901    0.26732    0.27397    0.30542    0.31429    0.28215    0.32557    0.25533    0.37572    0.27048    0.29634    0.29167    0.27930    0.70833    0.20862    0.54167    0.36109
   0.22721    0.32244    0.37500    0.37155    0.54167    0.27397    0.31186    0.31429    0.28215    0.32479    0.45833    0.37572    0.27512    0.30296    0.95833    0.27930    0.45833    0.33072    0.87500    0.00833
   0.22721    0.32244    0.87500    0.69393    0.79167    0.27397    0.30968    0.32207    0.28215    0.32479    0.47876    0.37572    0.27512    0.29743    0.79167    0.27930    0.20833    0.33072    0.79167    0.69354
   0.22721    0.32244    0.20833    0.67129    0.62500    0.27397    0.30968    0.27439    0.28215    0.32479    0.50312    0.37572    0.28585    0.29743    0.37500    0.27930    0.63403    0.45132    0.62500    0.41341
   0.22721    0.32244    0.45833    0.15556    0.29167    0.27397    0.30968    0.31429    0.28215    0.28183    0.14624    0.31547    0.27512    0.29743    0.62500    0.14627    0.88831    0.34748    0.95833    0.41341
   0.22721    0.20833    0.54167    0.61917    0.12500    0.27004    0.70833    0.31429    0.28215    0.32479    0.45833    0.37572    0.27512    0.29743    0.20833    0.27930    0.73679    0.34748    0.69184    0.90615
   0.22253    0.70833    0.79167    0.64084    0.04167    0.26974    0.62500    0.31429    0.28215    0.32479    0.45833    0.36592    0.27311    0.29743    0.04167    0.28474    0.35265    0.33789    0.66056    0.41341
   0.22721    0.37500    0.12500    0.61917    0.95833    0.62500    0.95833    0.31429    0.28215    0.32479    0.46801    0.36592    0.27311    0.29743    0.70833    0.40666    0.57972    0.34748    0.57493    0.52727
   0.22527    0.54167    0.62500    0.61917    0.87500    0.70833    0.54167    0.31429    0.28215    0.32479    0.46801    0.36592    0.27311    0.29743    0.12500    0.12500    0.57488    0.18306    0.15702    0.52727
   0.22527    0.87500    0.04167    0.61917    0.70833    0.20833    0.20833    0.31429    0.28798    0.32479    0.46801    0.36592    0.27311    0.29743    0.54167    0.20833    0.40271    0.34748    0.99392    0.07301
   0.23370    0.04167    0.70833    0.61917    0.37500    0.04167    0.87500    0.31429    0.27408    0.31058    0.46801    0.36592    0.27281    0.29743    0.25568    0.37500    0.40271    0.28717    0.80667    0.52727
   0.22895    0.95833    0.14794    0.27336    0.20833    0.12500    0.12500    0.31057    0.27408    0.31058    0.46801    0.36592    0.26102    0.29743    0.55145    0.70833    0.10088    0.04678    0.54845    0.52727
   0.22527    0.12500    0.95464    0.61917    0.45833    0.45833    0.79167    0.31057    0.24350    0.27924    0.03792    0.36592    0.79167    0.26964    0.06465    0.04167    0.53908    0.28717    0.54845    0.59835
   0.22648    0.45833    0.29167    0.61917    0.94413    0.54167    0.45833    0.30505    0.27408    0.31058    0.96944    0.36592    0.12500    0.29743    0.36734    0.54167    0.48017    0.28717    0.97069    0.94204
   0.23015    0.62500    0.30723    0.61917    0.91659    0.87500    0.04167    0.30505    0.28039    0.30592    0.64503    0.36034    0.29167    0.28928    0.56166    0.45833    0.40271    0.28717    0.59524    0.68482
   0.22527    0.29167    0.29167    0.47399    0.62260    0.95833    0.37500    0.30505    0.30187    0.30592    0.42250    0.36034    0.62500    0.28928    0.36734    0.95833    0.08730    0.56549    0.54845    0.59835
   0.45833    0.79167    0.47755    0.95318    0.61180    0.79167    0.29167    0.30505    0.20833    0.30592    0.42250    0.36034    0.45833    0.28928    0.72182    0.29167    0.40271    0.47545    0.54845    0.56160
   0.20833    0.36752    0.11697    0.66353    0.24078    0.29167    0.64134    0.30505    0.37500    0.31327    0.04799    0.36034    0.95833    0.28928    0.36734    0.62500    0.41933    0.19565    0.77828    0.72061
   0.95833    0.00304    0.29167    0.56344    0.99700    0.37500    0.78249    0.30505    0.54167    0.30592    0.42250    0.36034    0.04167    0.28928    0.09678    0.79167    0.40271    0.28717    0.80805    0.56160
   0.62500    0.60706    0.20104    0.98048    0.85690    0.76048    0.76519    0.29003    0.29167    0.30592    0.42250    0.30814    0.54167    0.33071    0.35336    0.87500    0.47685    0.31981    0.59689    0.56160
   0.12500    0.25133    0.29167    0.21095    0.62260    0.91468    0.64430    0.30505    0.87500    0.30423    0.64040    0.36034    0.37500    0.28928    0.44645    0.21044    0.40297    0.28717    0.57103    0.56160
   0.70833    0.26933    0.29167    0.52223    0.62260    0.36357    0.13742    0.30505    0.95833    0.30592    0.42250    0.36034    0.70833    0.28577    0.36734    0.17038    0.36501    0.31899    0.46651    0.56160
   0.29167    0.69758    0.30637    0.49455    0.95986    0.74029    0.61575    0.30720    0.04167    0.30064    0.42250    0.36034    0.87500    0.28577    0.36734    0.12500    0.33396    0.30800    0.46651    0.56160
   0.87500    0.53114    0.29167    0.49455    0.66759    0.90220    0.50851    0.30505    0.12500    0.30064    0.41277    0.36034    0.20833    0.26305    0.57020    0.15047    0.32086    0.40073    0.59106    0.56160
   0.37500    0.36360    0.53576    0.49455    0.62260    0.74029    0.50851    0.30505    0.70833    0.30064    0.41277    0.33579    0.88447    0.28577    0.36734    0.63416    0.23679    0.38125    0.50963    0.54361
   0.04167    0.38552    0.29167    0.44917    0.37086    0.85551    0.19464    0.30505    0.45833    0.32291    0.25795    0.35109    0.83681    0.28577    0.34513    0.01467    0.29841    0.30805    0.14065    0.54361
   0.79167    0.33526    0.29167    0.46594    0.62260    0.85551    0.18481    0.30505    0.62500    0.30064    0.41277    0.35109    0.88130    0.28577    0.35423    0.12500    0.29841    0.30800    0.46651    0.28073
   0.54167    0.36752    0.48121    0.34498    0.53913    0.49493    0.31938    0.30505    0.79167    0.30064    0.49942    0.35109    0.94225    0.70833    0.44832    0.20366    0.29841    0.30800    0.42757    0.44500
   0.89182    0.38663    0.29167    0.46690    0.53913    0.59407    0.31938    0.30505    0.48921    0.27013    0.21872    0.33040    0.93216    0.95833    0.36734    0.31099    0.29841    0.30527    0.42757    0.44500
   0.47270    0.22492    0.35384    0.38636    0.41258    0.67799    0.09146    0.30505    0.10390    0.28932    0.65499    0.34338    0.34173    0.79167    0.36734    0.14700    0.29841    0.29585    0.42757    0.33904
   0.71412    0.31658    0.28171    0.38636    0.53913    0.49493    0.03480    0.30505    0.77712    0.28932    0.41277    0.34338    0.38927    0.54167    0.45077    0.04630    0.29841    0.29585    0.42757    0.34612
   0.45833    0.31418    0.43129    0.06460    0.53913    0.31884    0.45274    0.30505    0.24477    0.28932    0.41277    0.34338    0.34173    0.12500    0.35859    0.18143    0.29841    0.19501    0.34251    0.42322
   0.08691    0.34501    0.23019    0.88370    0.53913    0.55903    0.31938    0.04167    0.45029    0.26271    0.41277    0.34338    0.30082    0.62500    0.33465    0.12500    0.29841    0.37384    0.34251    0.24612
   0.41327    0.31418    0.24344    0.38310    0.29147    0.64982    0.43875    0.29167    0.37500    0.28932    0.48186    0.34338    0.61491    0.37500    0.33465    0.19114    0.29841    0.29585    0.02252    0.34612
   0.42547    0.31418    0.24344    0.38636    0.44992    0.49493    0.39160    0.20833    0.37500    0.28372    0.41277    0.33942    0.34173    0.87500    0.15858    0.14748    0.28648    0.29585    0.34251    0.27159
   0.42547    0.24489    0.53398    0.38636    0.34072    0.49493    0.40743    0.54167    0.37573    0.28932    0.40011    0.33942    0.34173    0.45833    0.17472    0.14748    0.29841    0.17476    0.34251    0.29958
   0.09376    0.24489    0.02596    0.37234    0.13308    0.70544    0.31938    0.87500    0.39252    0.28932    0.40011    0.33942    0.08967    0.20833    0.33465    0.06891    0.29841    0.29585    0.34251    0.31866
   0.42547    0.24489    0.26334    0.38636    0.34072    0.49493    0.31938    0.37500    0.37500    0.28356    0.40011    0.33942    0.34173    0.04167    0.33465    0.14748    0.28567    0.29585    0.16959    0.29958
   0.57479    0.24489    0.23942    0.38636    0.37896    0.49493    0.64483    0.62500    0.37500    0.28403    0.34633    0.33479    0.41832    0.29167    0.33465    0.14748    0.29800    0.29585    0.16959    0.17029
   0.42547    0.24489    0.24344    0.31220    0.34072    0.22316    0.31938    0.12500    0.37500    0.28932    0.34633    0.28494    0.34173    0.77401    0.32702    0.14748    0.27620    0.26872    0.24349    0.29958
   0.42547    0.22935    0.24344    0.38636    0.34606    0.38862    0.31938    0.45833    0.34025    0.28932    0.18165    0.33479    0.34173    0.94339    0.32702    0.14748    0.28567    0.26872    0.24349    0.29958
   0.42547    0.24489    0.24344    0.38636    0.34072    0.51806    0.91751    0.79167    0.34025    0.28932    0.34633    0.33479    0.45331    0.95833    0.32702    0.18158    0.28567    0.26872    0.23017    0.03365
   0.43862    0.24489    0.24344    0.37947    0.34072    0.50879    0.31938    0.70833    0.30462    0.28932    0.34633    0.33479    0.34173    0.94590    0.61059    0.14748    0.28567    0.26872    0.24349    0.32212
   0.43274    0.24489    0.24344    0.32102    0.34072    0.49493    0.29110    0.95833    0.32739    0.28932    0.29140    0.33479    0.32842    0.95833    0.16116    0.12341    0.28567    0.26872    0.16686    0.29958
   0.55208    0.24489    0.24344    0.31164    0.34072    0.61585    0.37937    0.31415    0.26496    0.28932    0.34633    0.33479    0.16910    0.95833    0.42208    0.28172    0.28567    0.31674    0.24349    0.29958
   0.46574    0.24489    0.24344    0.38636    0.34072    0.48401    0.42845    0.02873    0.34025    0.79167    0.34633    0.33479    0.38577    0.95833    0.32702    0.27309    0.28567    0.26872    0.24349    0.33294
   0.43274    0.24489    0.24344    0.38636    0.33298    0.48401    0.31938    0.81715    0.31883    0.62500    0.34633    0.33255    0.33810    0.99506    0.34283    0.22186    0.28567    0.26872    0.17902    0.29958
   0.41504    0.24489    0.34286    0.38636    0.34072    0.55499    0.33635    0.54167    0.31235    0.04167    0.34633    0.33255    0.34669    0.99506    0.32702    0.14748    0.28567    0.26872    0.21660    0.29958
   0.29451    0.24489    0.24033    0.35959    0.34072    0.43107    0.34882    0.23371    0.23863    0.29167    0.52270    0.32331    0.32842    0.42744    0.32702    0.14748    0.28567    0.30504    0.24349    0.29958
   0.30278    0.24489    0.27190    0.34005    0.34072    0.43842    0.34882    0.35529    0.29484    0.54167    0.38501    0.32496    0.36403    0.10824    0.32702    0.14748    0.28567    0.26872    0.24349    0.29958
   0.34918    0.46159    0.23243    0.35959    0.34072    0.41981    0.34882    0.54167    0.34153    0.12500    0.34633    0.32724    0.33646    0.50109    0.20251    0.14748    0.28567    0.26872    0.33876    0.35025
   0.34918    0.18402    0.09454    0.35959    0.34072    0.32831    0.34882    0.51977    0.29560    0.87500    0.34633    0.32331    0.32842    0.42744    0.31697    0.16286    0.23713    0.26872    0.21279    0.29958
   0.24710    0.21104    0.23243    0.35959    0.33105    0.32831    0.34882    0.54167    0.28201    0.45833    0.29208    0.32331    0.30168    0.42744    0.37859    0.20302    0.30023    0.26872    0.25256    0.29958
   0.25877    0.21104    0.23243    0.35959    0.26252    0.32831    0.51338    0.54167    0.23599    0.70833    0.34633    0.32821    0.34567    0.42744    0.32702    0.16286    0.28567    0.26872    0.25256    0.17043
   0.25933    0.17789    0.23243    0.34677    0.33105    0.32831    0.34882    0.54167    0.26451    0.95833    0.37847    0.70833    0.32842    0.43213    0.32702    0.15608    0.28828    0.26872    0.24445    0.29958
   0.25933    0.21104    0.17346    0.34677    0.33105    0.17840    0.34882    0.50827    0.28201    0.37500    0.34131    0.04167    0.31345    0.43736    0.32702    0.16286    0.30275    0.26872    0.26295    0.31037
   0.03412    0.21104    0.26918    0.34677    0.33105    0.17531    0.34882    0.71780    0.28201    0.20833    0.34131    0.62500    0.31345    0.43213    0.32702    0.21599    0.28567    0.26872    0.25256    0.29958
   0.25933    0.22068    0.23243    0.34677    0.33105    0.32831    0.41128    0.54167    0.28201    0.08039    0.29357    0.12500    0.32678    0.39714    0.32702    0.22634    0.28567    0.26872    0.25256    0.29958
   0.25933    0.19710    0.23243    0.34677    0.33105    0.33796    0.34882    0.54369    0.28201    0.29167    0.34131    0.79167    0.31345    0.43213    0.36208    0.22634    0.28567    0.26872    0.25256    0.29958
   0.25933    0.19710    0.23243    0.34677    0.34079    0.24725    0.30672    0.54369    0.28201    0.24394    0.34555    0.54167    0.31345    0.19016    0.32702    0.24673    0.28567    0.26872    0.25256    0.29958
   0.17768    0.19710    0.23243    0.34677    0.34079    0.38773    0.34383    0.54823    0.28201    0.38742    0.34555    0.45833    0.25522    0.37373    0.32702    0.22634    0.28567    0.26872    0.25997    0.29456
   0.25933    0.19710    0.19887    0.34677    0.34079    0.32831    0.34383    0.65150    0.26645    0.94930    0.34555    0.20833    0.31345    0.37373    0.32702    0.22634    0.28567    0.26872    0.25256    0.29456
   0.27878    0.07495    0.26257    0.34677    0.34079    0.33864    0.28917    0.54369    0.29879    0.52441    0.37460    0.87500    0.30234    0.35404    0.34814    0.29087    0.12500    0.26872    0.25256    0.29456
   0.25933    0.19710    0.14408    0.30505    0.33892    0.32831    0.30390    0.50447    0.29070    0.38742    0.34555    0.37500    0.30234    0.23439    0.33096    0.22634    0.95833    0.25127    0.25256    0.29456
   0.19718    0.22502    0.23243    0.33449    0.34079    0.32831    0.30123    0.50447    0.29070    0.38742    0.23093    0.95833    0.27265    0.35404    0.32526    0.22634    0.70833    0.25127    0.25256    0.29456
   0.31996    0.19710    0.25275    0.33449    0.35102    0.32831    0.30390    0.29589    0.33389    0.60672    0.34555    0.29167    0.30202    0.34856    0.32526    0.22634    0.20833    0.25127    0.25256    0.29456
   0.28350    0.19710    0.23243    0.33449    0.34079    0.32823    0.26755    0.42408    0.29070    0.38742    0.34555    0.80163    0.30234    0.35108    0.30981    0.22634    0.54167    0.25127    0.25256    0.40428
   0.25933    0.19710    0.19707    0.32095    0.34079    0.24402    0.30390    0.38074    0.29070    0.38815    0.34555    0.34678    0.30234    0.28561    0.33460    0.22634    0.62500    0.25127    0.25256    0.28970
   0.25933    0.19710    0.23243    0.30854    0.33347    0.34904    0.30390    0.12753    0.29070    0.38742    0.38853    0.37500    0.30234    0.23117    0.30981    0.18785    0.37500    0.25127    0.26520    0.28970
   0.18047    0.19710    0.23243    0.31880    0.31543    0.33678    0.30390    0.38074    0.29070    0.55088    0.36381    0.37500    0.30234    0.36808    0.30981    0.22634    0.45833    0.25127    0.25256    0.35297
   0.27206    0.14597    0.22271    0.31880    0.33347    0.32922    0.30390    0.34462    0.31772    0.38742    0.34555    0.11360    0.30234    0.36081    0.29735    0.22634    0.79167    0.25127    0.25256    0.28970
   0.27051    0.22532    0.18734    0.31880    0.33347    0.32922    0.30390    0.37019    0.25269    0.38742    0.54167    0.22226    0.30234    0.36081    0.30981    0.22634    0.29167    0.22825    0.25256    0.28970
   0.25933    0.22065    0.18734    0.29107    0.32710    0.33772    0.30390    0.37019    0.28167    0.38742    0.87500    0.17170    0.28645    0.36081    0.30981    0.26323    0.04167    0.26670    0.25256    0.28970
   0.25933    0.19710    0.23665    0.30027    0.30343    0.32922    0.42677    0.37019    0.17734    0.70066    0.04167    0.48274    0.28908    0.36081    0.30981    0.22634    0.87500    0.25127    0.25256    0.28970
   0.25933    0.23265    0.18734    0.30027    0.32710    0.33182    0.30390    0.33173    0.29070    0.56133    0.37500    0.55961    0.29604    0.36081    0.27960    0.22634    0.65918    0.25127    0.25256    0.28970
   0.25933    0.19710    0.19276    0.30027    0.32710    0.33027    0.30390    0.33173    0.28088    0.38742    0.29167    0.37500    0.29808    0.47475    0.30658    0.22634    0.73854    0.04167    0.25625    0.28970
   0.26465    0.19710    0.18734    0.30027    0.32710    0.32922    0.30390    0.39660    0.28088    0.43026    0.79167    0.29976    0.29604    0.36081    0.30981    0.22634    0.60931    0.79167    0.25256    0.29103
   0.24799    0.19710    0.17548    0.30027    0.32710    0.32922    0.30390    0.33173    0.28088    0.15477    0.20833    0.37500    0.29604    0.36081    0.30981    0.22634    0.58253    0.70833    0.25256    0.29103
   0.25933    0.19710    0.18734    0.29403    0.31939    0.32922    0.30390    0.33173    0.28088    0.52054    0.70833    0.45604    0.29604    0.36081    0.30981    0.22634    0.90094    0.45833    0.25256    0.29103
   0.25933    0.19710    0.18734    0.29403    0.31594    0.34422    0.30390    0.33173    0.28088    0.38742    0.62500    0.37500    0.29604    0.36081    0.30981    0.22634    0.16459    0.12500    0.37500    0.29103
   0.23609    0.20460    0.18734    0.28467    0.31939    0.32922    0.30390    0.13981    0.28088    0.38742    0.95833    0.38053    0.29539    0.37437    0.30981    0.22634    0.41746    0.62500    0.29167    0.29103
   0.24404    0.20460    0.19557    0.29403    0.31349    0.32922    0.30390    0.40215    0.30807    0.23482    0.12500    0.36628    0.30116    0.36081    0.30981    0.22634    0.41746    0.37500    0.79167    0.20962
   0.24404    0.21212    0.19557    0.28822    0.31349    0.32922    0.30390    0.33173    0.28088    0.43023    0.45833    0.30894    0.29604    0.36081    0.30981    0.22634    0.16881    0.87500    0.12500    0.34958
   0.24404    0.20460    0.19557    0.29403    0.31349    0.31864    0.30390    0.33173    0.28088    0.39603    0.33001    0.36628    0.29604    0.36081    0.30367    0.22857    0.41746    0.54167    0.54167    0.29103
   0.24404    0.20460    0.19557    0.30538    0.31349    0.31864    0.30390    0.33173    0.24624    0.38742    0.89716    0.35516    0.29604    0.36081    0.30367    0.22857    0.41746    0.29167    0.95833    0.29103
   0.24404    0.20460    0.20124    0.29889    0.31349    0.31864    0.23358    0.33173    0.28088    0.38742    0.73704    0.33485    0.70833    0.36081    0.30852    0.22857    0.41746    0.20833    0.04167    0.29103
   0.24404    0.20460    0.19219    0.29889    0.31349    0.31864    0.38115    0.33173    0.28088    0.38742    0.62999    0.33485    0.62500    0.36081    0.31905    0.22857    0.05235    0.95833    0.45833    0.29103
   0.24404    0.20199    0.18130    0.29889    0.31349    0.30919    0.30390    0.33173    0.28088    0.38742    0.26613    0.33485    0.79167    0.36081    0.30852    0.22857    0.90924    0.24925    0.87500    0.29103
   0.26532    0.19860    0.20665    0.29889    0.31659    0.30919    0.30390    0.33173    0.28088    0.38742    0.72493    0.33485    0.04167    0.32594    0.30280    0.25272    0.61744    0.05562    0.20833    0.29103
   0.24404    0.20460    0.19557    0.29889    0.31659    0.30919    0.30390    0.33173    0.28088    0.38742    0.47278    0.29636    0.54167    0.33115    0.30280    0.22857    0.43539    0.06026    0.70833    0.29772
   0.70833    0.20460    0.19557    0.29889    0.31659    0.30919    0.30390    0.30530    0.28088    0.38742    0.47278    0.25102    0.12500    0.33879    0.30280    0.24360    0.41746    0.12500    0.62500    0.29103
   0.62500    0.20460    0.19557    0.29889    0.31659    0.30919    0.30390    0.33173    0.28088    0.38028    0.57487    0.29269    0.87500    0.33879    0.30280    0.22857    0.38188    0.44358    0.38220    0.29103
   0.12500    0.19912    0.19557    0.29889    0.54167    0.30919    0.30390    0.34138    0.28088    0.39691    0.32631    0.27139    0.45833    0.33879    0.30280    0.22857    0.30035    0.96215    0.59284    0.29320
   0.45833    0.20460    0.20314    0.29889    0.04167    0.12500    0.30345    0.36073    0.28067    0.19598    0.37337    0.29636    0.95833    0.33652    0.30280    0.22857    0.46714    0.17466    0.01364    0.29103
   0.04167    0.17206    0.19557    0.29889    0.70833    0.95833    0.30165    0.33173    0.28067    0.38028    0.32631    0.42082    0.20833    0.33652    0.20833    0.24661    0.67346    0.44358    0.18944    0.30652
   0.20833    0.22195    0.19557    0.30645    0.79167    0.54167    0.30390    0.33173    0.28067    0.38028    0.32631    0.29636    0.37500    0.33652    0.70833    0.24661    0.41511    0.59470    0.27564    0.28417
   0.79167    0.22316    0.19557    0.29889    0.12500    0.37500    0.30390    0.33173    0.28067    0.38994    0.10886    0.31869    0.29167    0.33652    0.45833    0.24661    0.41746    0.20944    0.04096    0.28417
   0.95833    0.20460    0.19993    0.29889    0.37500    0.79167    0.30710    0.33173    0.28067    0.32070    0.35838    0.31110    0.89868    0.32899    0.95833    0.24661    0.41746    0.56673    0.27564    0.28417
   0.54167    0.20460    0.19593    0.79167    0.62500    0.29167    0.30710    0.33173    0.28067    0.36876    0.32631    0.31110    0.90507    0.32899    0.87500    0.24661    0.41746    0.44358    0.42865    0.28417
   0.87500    0.22022    0.19593    0.95833    0.87500    0.70833    0.30326    0.31925    0.95833    0.33572    0.32631    0.34357    0.44033    0.32899    0.62500    0.26932    0.41746    0.30898    0.27564    0.28417
   0.37500    0.20460    0.19581    0.29167    0.20833    0.20833    0.30326    0.18150    0.12500    0.33572    0.32631    0.31110    0.57215    0.32899    0.37500    0.24661    0.41746    0.48866    0.27564    0.28417
   0.29167    0.20460    0.19913    0.37500    0.29167    0.62500    0.30326    0.38849    0.37500    0.33572    0.32631    0.31110    0.69735    0.32416    0.12500    0.22529    0.38881    0.41734    0.27564    0.28544
   0.97117    0.20572    0.19593    0.54167    0.95833    0.45833    0.30172    0.31925    0.20833    0.33572    0.32631    0.31110    0.88925    0.32899    0.04167    0.23971    0.21169    0.41734    0.32497    0.28544
   0.55442    0.20460    0.70833    0.12500    0.45833    0.04167    0.30326    0.31925    0.45833    0.33572    0.19111    0.31110    0.57215    0.32899    0.54167    0.23971    0.38881    0.30989    0.44516    0.28544
   0.91246    0.95833    0.37500    0.87500    0.17323    0.87500    0.30326    0.31925    0.70833    0.33572    0.32631    0.31110    0.62383    0.32899    0.29167    0.23971    0.37236    0.50198    0.27564    0.28544
   0.74776    0.79167    0.95833    0.45833    0.12500    0.90160    0.30326    0.28042    0.29167    0.39153    0.32631    0.31110    0.92752    0.32899    0.79167    0.23971    0.37236    0.14807    0.27564    0.28544
   0.98861    0.29167    0.12500    0.62500    0.06779    0.87564    0.30326    0.28042    0.54167    0.33482    0.32631    0.31204    0.92983    0.32722    0.85384    0.20833    0.33930    0.44289    0.27564    0.28544
   0.49481    0.62500    0.54167    0.70833    0.12500    0.54167    0.30326    0.28042    0.79167    0.33572    0.39663    0.31110    0.69279    0.32899    0.67502    0.62500    0.37236    0.73280    0.35693    0.20833
   0.74776    0.54167    0.79167    0.04167    0.51414    0.54167    0.30077    0.12461    0.62500    0.33572    0.32631    0.31110    0.62383    0.30836    0.93795    0.12500    0.37236    0.44289    0.12399    0.45833
   0.62706    0.87500    0.20833    0.20833    0.51414    0.54167    0.30077    0.20924    0.87500    0.38536    0.29513    0.31110    0.42482    0.31936    0.93795    0.95833    0.37236    0.44289    0.24469    0.87500
   0.13174    0.12500    0.45833    0.21013    0.87792    0.65835    0.30077    0.28042    0.04167    0.27781    0.29513    0.31110    0.55457    0.31936    0.40719    0.45833    0.37000    0.38554    0.27564    0.04167
   0.42463    0.45833    0.87500    0.83875    0.57507    0.54167    0.30156    0.28042    0.48632    0.33572    0.28697    0.31110    0.57655    0.30637    0.16364    0.70833    0.37397    0.37006    0.71461    0.29167
   0.44564    0.37500    0.04167    0.41012    0.51414    0.54167    0.30077    0.28042    0.54167    0.33572    0.29513    0.32044    0.57655    0.31936    0.65866    0.29167    0.37236    0.38554    0.45775    0.37500
   0.44564    0.70833    0.62500    0.52205    0.94660    0.44468    0.29107    0.28042    0.80798    0.33572    0.32838    0.31828    0.57655    0.31936    0.84828    0.54167    0.35234    0.41645    0.31605    0.62500
   0.19931    0.20833    0.29167    0.26349    0.56996    0.59474    0.29107    0.28042    0.96754    0.33572    0.29513    0.39456    0.57655    0.31936    0.35011    0.04167    0.27063    0.40766    0.31605    0.70833
   0.05946    0.04167    0.16636    0.41092    0.51414    0.46575    0.29107    0.28042    0.96754    0.33572    0.22576    0.31110    0.57655    0.31936    0.21157    0.87500    0.25946    0.38554    0.62264    0.95833
   0.50753    0.07899    0.17161    0.39619    0.67976    0.39612    0.29107    0.28042    0.96754    0.33572    0.30539    0.31110    0.57655    0.31607    0.01173    0.37500    0.33347    0.38554    0.31605    0.12500
   0.50753    0.11891    0.25312    0.37500    0.77941    0.07768    0.29107    0.28042    0.96754    0.33572    0.29513    0.31221    0.57655    0.31607    0.43978    0.79167    0.33347    0.43391    0.26673    0.54167
   0.50753    0.83106    0.00333    0.12853    0.51414    0.39612    0.29107    0.28042    0.96754    0.28291    0.29513    0.31221    0.48162    0.31831    0.32058    0.12130    0.33347    0.38554    0.31605    0.79167
   0.35219    0.83106    0.70113    0.35260    0.51414    0.39612    0.79167    0.28042    0.35118    0.33572    0.24576    0.31221    0.57655    0.31607    0.21157    0.69458    0.33347    0.38554    0.77675    0.15633
   0.39982    0.78546    0.08419    0.35260    0.53729    0.37939    0.45833    0.28042    0.96754    0.33572    0.34444    0.34004    0.57655    0.04167    0.33462    0.44787    0.33347    0.38554    0.31605    0.27278
   0.39982    0.59806    0.21456    0.35260    0.51414    0.27051    0.04167    0.28042    0.96754    0.38921    0.29513    0.38185    0.85215    0.37500    0.33462    0.46831    0.29399    0.38554    0.31605    0.59343
   0.12279    0.93075    0.21456    0.05456    0.51414    0.33304    0.12500    0.28042    0.96754    0.29871    0.30365    0.34004    0.57655    0.12500    0.72656    0.46831    0.33347    0.38554    0.31605    0.31262
   0.17666    0.83106    0.21456    0.67543    0.50744    0.33304    0.70833    0.28042    0.96754    0.33572    0.29513    0.34004    0.57655    0.70833    0.33462    0.12728    0.33347    0.27175    0.05206    0.00851
   0.39982    0.94247    0.42789    0.35260    0.36178    0.33304    0.37500    0.28042    0.65026    0.33238    0.29513    0.34004    0.56580    0.45833    0.33462    0.53809    0.31397    0.30799    0.31605    0.31262
   0.39982    0.82378    0.32308    0.35260    0.21495    0.40509    0.62500    0.28042    0.68901    0.33238    0.29513    0.30930    0.30716    0.79167    0.33462    0.54473    0.31397    0.33261    0.31605    0.31262
   0.43494    0.94399    0.14130    0.35260    0.36178    0.33304    0.29167    0.28042    0.68901    0.33238    0.29513    0.30930    0.44406    0.20833    0.70057    0.14933    0.31397    0.33261    0.30310    0.36440
   0.39982    0.94399    0.12690    0.56675    0.38799    0.25835    0.87500    0.28042    0.20374    0.33238    0.28141    0.30930    0.49633    0.54167    0.40728    0.32080    0.31397    0.33261    0.51837    0.35915
   0.39982    0.95869    0.21456    0.35260    0.36178    0.33304    0.95833    0.26388    0.68901    0.33238    0.28141    0.30930    0.49633    0.29167    0.33462    0.32080    0.31397    0.30275    0.30310    0.31262
   0.39982    0.58469    0.21456    0.35260    0.36178    0.33304    0.54167    0.26388    0.68901    0.33238    0.28568    0.30930    0.30564    0.87500    0.33462    0.28019    0.31397    0.33261    0.30310    0.31262
   0.96723    0.75111    0.22914    0.35260    0.36178    0.63538    0.20833    0.26652    0.68901    0.32407    0.28141    0.42797    0.16691    0.62500    0.33886    0.28019    0.31397    0.33261    0.30310    0.31262
   0.39982    0.88207    0.54632    0.35260    0.36178    0.33304    0.99530    0.26652    0.54374    0.32839    0.28141    0.30930    0.30564    0.95833    0.33462    0.30856    0.31397    0.33261    0.34012    0.95838
   0.39982    0.48758    0.24464    0.35260    0.36178    0.38419    0.99099    0.26652    0.42383    0.32839    0.28141    0.30930    0.20325    0.92790    0.29655    0.30856    0.31397    0.33261    0.30310    0.66484
   0.39982    0.80980    0.22329    0.35260    0.36178    0.31419    0.94354    0.24852    0.48728    0.30998    0.28141    0.30930    0.27456    0.01001    0.29655    0.30856    0.31397    0.33261    0.30310    0.11690
   0.39982    0.75111    0.22329    0.35260    0.36178    0.20415    0.94354    0.26652    0.44556    0.31907    0.28141    0.30930    0.30564    0.68169    0.59363    0.30856    0.27233    0.33261    0.30310    0.37329
   0.39982    0.75111    0.38732    0.35260    0.35431    0.33304    0.44188    0.26652    0.49425    0.31907    0.28141    0.30930    0.30564    0.60126    0.15686    0.30856    0.31397    0.34975    0.45187    0.31262
   0.39982    0.37983    0.33177    0.35260    0.35834    0.33304    0.88920    0.26652    0.44556    0.31907    0.28141    0.30930    0.34317    0.92161    0.29655    0.40808    0.31397    0.37139    0.30310    0.43158
   0.39982    0.37983    0.25035    0.35260    0.36178    0.42654    0.96970    0.26652    0.44556    0.31907    0.28141    0.30930    0.30564    0.93418    0.29655    0.30856    0.31397    0.33261    0.29422    0.33771
   0.60216    0.45079    0.25035    0.35260    0.35052    0.35302    0.99704    0.12500    0.44556    0.31907    0.28166    0.16062    0.28524    0.76950    0.29655    0.39296    0.38272    0.33261    0.29422    0.31262
   0.39982    0.37983    0.30222    0.35260    0.34307    0.35651    0.85188    0.54167    0.22293    0.31907    0.28944    0.30930    0.30564    0.68169    0.29655    0.24245    0.32113    0.33261    0.29422    0.39964
   0.41769    0.37983    0.25035    0.36341    0.26920    0.33304    0.94354    0.62500    0.44556    0.31907    0.27662    0.33681    0.30564    0.50685    0.33318    0.32225    0.31397    0.29501    0.16338    0.31262
   0.39982    0.17429    0.25035    0.31434    0.34307    0.33304    0.71881    0.79167    0.44556    0.31907    0.28032    0.30930    0.30564    0.68169    0.29655    0.34144    0.31397    0.33261    0.29422    0.34945
   0.39982    0.37983    0.25035    0.29097    0.34307    0.33304    0.81270    0.95833    0.44556    0.31907    0.27500    0.30930    0.30564    0.68169    0.12703    0.29803    0.31397    0.33261    0.30456    0.31262
   0.39982    0.37983    0.31267    0.24876    0.34307    0.32300    0.49408    0.70833    0.44556    0.31907    0.28032    0.37423    0.30564    0.60791    0.29655    0.34862    0.31397    0.33261    0.29422    0.31262
   0.39982    0.37983    0.28304    0.31928    0.34307    0.33304    0.49408    0.29167    0.48001    0.31907    0.54167    0.30930    0.30564    0.60791    0.29655    0.29803    0.31397    0.28198    0.39304    0.31262
   0.39982    0.37983    0.25035    0.31928    0.34307    0.33304    0.49408    0.04167    0.44556    0.30319    0.62500    0.30930    0.41295    0.15916    0.29655    0.29315    0.31397    0.33261    0.29422    0.34886
   0.29902    0.37983    0.25035    0.30193    0.34307    0.31290    0.52224    0.20833    0.44556    0.30319    0.12500    0.30930    0.30564    0.60791    0.45469    0.29315    0.31397    0.33261    0.29422    0.31262
   0.39982    0.37983    0.25035    0.31928    0.34307    0.31290    0.52224    0.37500    0.57524    0.30319    0.70833    0.30930    0.31995    0.60791    0.53774    0.29315    0.31397    0.37975    0.26729    0.31262
   0.39982    0.37983    0.25035    0.31928    0.34307    0.31290    0.52224    0.45833    0.35921    0.30319    0.20833    0.30930    0.30881    0.77790    0.29655    0.31101    0.31397    0.30017    0.26985    0.31262
   0.39982    0.37983    0.25035    0.31928    0.34307    0.31290    0.52224    0.87500    0.42924    0.30319    0.04167    0.30930    0.23530    0.37097    0.29655    0.32427    0.31397    0.31523    0.29422    0.31262
   0.39982    0.37983    0.25035    0.31928    0.34307    0.36717    0.50804    0.00273    0.42924    0.30319    0.95833    0.30930    0.30881    0.61154    0.37890    0.31101    0.33053    0.31523    0.29422    0.31262
   0.39982    0.37983    0.25035    0.31928    0.34307    0.31290    0.23233    0.29167    0.42924    0.30319    0.79167    0.30930    0.30881    0.37097    0.29655    0.31101    0.30689    0.31523    0.29422    0.31262
   0.39982    0.44124    0.21198    0.31928    0.34307    0.31290    0.52224    0.31916    0.42924    0.30319    0.29167    0.30930    0.32250    0.37097    0.23704    0.28763    0.30723    0.31523    0.29422    0.31262
   0.39982    0.50964    0.25655    0.31445    0.34307    0.31290    0.53539    0.00187    0.39538    0.30319    0.87500    0.30930    0.30881    0.12697    0.26755    0.29394    0.30559    0.32115    0.27207    0.31262
   0.39982    0.37983    0.25035    0.31445    0.34307    0.31290    0.52224    0.85083    0.39538    0.30319    0.37500    0.32875    0.30881    0.37097    0.25911    0.28763    0.30559    0.31586    0.27207    0.31262
   0.39982    0.37983    0.27966    0.31445    0.34307    0.31290    0.52224    0.45921    0.33593    0.29422    0.45833    0.33652    0.30881    0.41078    0.29655    0.28763    0.30559    0.31523    0.27207    0.26534
   0.39982    0.37983    0.25035    0.31445    0.42364    0.31290    0.52224    0.17279    0.39538    0.29850    0.82839    0.30930    0.30881    0.41078    0.27637    0.26490    0.29798    0.31523    0.25096    0.37004
   0.39122    0.26564    0.24550    0.30449    0.34307    0.25346    0.52224    0.17298    0.39538    0.29850    0.73261    0.30930    0.30881    0.41078    0.26192    0.26490    0.29798    0.32028    0.27207    0.31262
   0.35254    0.38764    0.24550    0.37241    0.32255    0.31290    0.52224    0.29167    0.39538    0.29394    0.62500    0.30930    0.30881    0.41078    0.22942    0.26490    0.29798    0.31523    0.27207    0.31262
   0.37125    0.37983    0.23804    0.31445    0.31647    0.33391    0.49952    0.52858    0.31456    0.29850    0.72706    0.30930    0.30881    0.41078    0.26184    0.24203    0.29798    0.31523    0.27207    0.31262
   0.37125    0.44739    0.24550    0.31445    0.32255    0.31290    0.44218    0.32979    0.31456    0.28964    0.10025    0.30930    0.30881    0.41078    0.26419    0.26490    0.28872    0.70833    0.27207    0.31262
   0.37125    0.37762    0.24550    0.31445    0.32255    0.31290    0.44218    0.38130    0.31456    0.28964    0.61098    0.31268    0.30881    0.48452    0.26419    0.26490    0.28872    0.45833    0.27207    0.31262
   0.37125    0.37983    0.24550    0.31445    0.32255    0.31290    0.44218    0.33501    0.31456    0.28964    0.54791    0.30930    0.36943    0.53099    0.26419    0.14723    0.28872    0.62500    0.27207    0.31262
   0.37125    0.37983    0.24550    0.31445    0.32255    0.31290    0.29456    0.39579    0.31456    0.28964    0.54791    0.30930    0.30881    0.45755    0.26419    0.26490    0.26876    0.79167    0.27207    0.31262
   0.37125    0.41217    0.24550    0.31445    0.32255    0.30850    0.41803    0.38480    0.31456    0.28964    0.54791    0.30930    0.30881    0.45755    0.26419    0.37060    0.26876    0.04167    0.27207    0.31262
   0.36611    0.37954    0.24550    0.30479    0.28672    0.25726    0.44218    0.32597    0.31456    0.27332    0.50092    0.87500    0.30881    0.66814    0.26321    0.26490    0.27770    0.87500    0.27207    0.31262
   0.29882    0.37954    0.24550    0.28344    0.32255    0.25726    0.44218    0.36529    0.31456    0.28964    0.54791    0.95833    0.30881    0.45755    0.26321    0.26490    0.26876    0.12500    0.26343    0.31262
   0.36611    0.37384    0.24550    0.27025    0.32255    0.25726    0.44218    0.45082    0.40102    0.87500    0.50929    0.62500    0.30881    0.45755    0.19590    0.26490    0.26876    0.95833    0.18615    0.37992
   0.36611    0.34288    0.24579    0.30479    0.24670    0.25726    0.41206    0.36529    0.31456    0.54167    0.26428    0.70833    0.30881    0.45755    0.26321    0.26490    0.26876    0.20833    0.26343    0.31262
   0.36611    0.34288    0.24550    0.29606    0.32255    0.25726    0.44218    0.36529    0.31456    0.04167    0.41299    0.54167    0.30881    0.28295    0.26321    0.26490    0.27487    0.37500    0.26343    0.30324
   0.36611    0.34288    0.24550    0.29606    0.32255    0.25726    0.44218    0.44281    0.31456    0.70833    0.41299    0.79167    0.33104    0.45755    0.27985    0.26490    0.29167    0.54167    0.26343    0.30324
   0.36611    0.35190    0.24550    0.29606    0.32255    0.25726    0.44218    0.36529    0.22596    0.37500    0.41299    0.20833    0.29641    0.49394    0.26321    0.26490    0.87500    0.29167    0.26343    0.30324
   0.36611    0.34288    0.45833    0.29606    0.32255    0.25726    0.40265    0.36529    0.31456    0.20833    0.56466    0.45833    0.29641    0.45755    0.26321    0.26490    0.62500    0.78761    0.26343    0.30324
   0.36611    0.34288    0.79167    0.29606    0.32255    0.25726    0.40265    0.34080    0.32464    0.79167    0.31952    0.29167    0.29641    0.45755    0.26321    0.26490    0.04167    0.57075    0.26343    0.30324
   0.36611    0.34288    0.04167    0.29606    0.32255    0.25726    0.39462    0.31724    0.32464    0.62500    0.41299    0.37500    0.29641    0.45755    0.26321    0.26490    0.20833    0.52725    0.26343    0.30324
   0.36611    0.34288    0.87500    0.27140    0.32255    0.25726    0.39462    0.37392    0.32464    0.29167    0.41299    0.04167    0.29641    0.45755    0.26321    0.26490    0.45833    0.47516    0.26343    0.30324
   0.36611    0.34288    0.70833    0.29606    0.36442    0.25726    0.39462    0.31724    0.32464    0.95833    0.27639    0.12500    0.29641    0.30693    0.26321    0.26490    0.54167    0.15842    0.26343    0.29183
   0.36611    0.34288    0.62500    0.29606    0.32255    0.25726    0.39462    0.31724    0.32464    0.45833    0.53330    0.99501    0.29641    0.37781    0.26321    0.26490    0.79167    0.34108    0.26343    0.29183
   0.36611    0.34288    0.37500    0.29606    0.32133    0.25726    0.39462    0.34392    0.32464    0.12500    0.41299    0.36231    0.29641    0.37781    0.26321    0.39895    0.95833    0.45917    0.26343    0.29183
   0.38433    0.34288    0.29167    0.29606    0.32255    0.25726    0.26918    0.28305    0.32464    0.02459    0.41299    0.34617    0.29641    0.37781    0.26321    0.26490    0.37500    0.49915    0.26343    0.29183
   0.36611    0.36334    0.12500    0.29248    0.32255    0.25726    0.39462    0.31724    0.32464    0.67001    0.41299    0.29167    0.29641    0.28882    0.26321    0.26490    0.12500    0.08636    0.26343    0.28793
   0.36611    0.34288    0.95833    0.29248    0.31081    0.25726    0.39462    0.31724    0.32464    0.67001    0.41299    0.94628    0.29641    0.37781    0.26321    0.26490    0.70833    0.47516    0.26343    0.28793
   0.37267    0.34288    0.20833    0.29248    0.31587    0.25726    0.39462    0.29025    0.32464    0.56580    0.44434    0.29167    0.29641    0.37781    0.26321    0.26490    0.01787    0.47516    0.26343    0.28793
   0.36611    0.34288    0.54167    0.29248    0.31458    0.25726    0.39462    0.31724    0.32464    0.98525    0.41299    0.29167    0.29641    0.37781    0.26321    0.26490    0.70020    0.45023    0.25236    0.28793
   0.12500    0.34288    0.41598    0.29248    0.31081    0.25726    0.39462    0.31724    0.32464    0.67671    0.41299    0.17132    0.29641    0.37781    0.26321    0.26490    0.29167    0.45023    0.26343    0.28793
   0.20833    0.34288    0.52754    0.29021    0.31081    0.25726    0.39462    0.32022    0.32464    0.67671    0.41299    0.38621    0.29641    0.37781    0.26321    0.26490    0.17114    0.20826    0.26343    0.28178
   0.54167    0.34288    0.24678    0.29021    0.31081    0.25726    0.39462    0.32022    0.32464    0.92461    0.41299    0.60889    0.29641    0.37781    0.26321    0.20282    0.17114    0.33898    0.26033    0.28449
   0.29167    0.34288    0.08926    0.29021    0.54167    0.25726    0.39462    0.33709    0.32464    0.26310    0.42673    0.41794    0.29641    0.37781    0.12500    0.32833    0.00186    0.33898    0.20833    0.28793
   0.37500    0.36283    0.24678    0.37500    0.29167    0.25726    0.36016    0.33278    0.32464    0.91733    0.36239    0.31946    0.70833    0.37781    0.45833    0.26490    0.05361    0.33898    0.62500    0.28793
   0.95833    0.34288    0.43027    0.12500    0.20833    0.25726    0.39462    0.32022    0.32464    0.67671    0.36239    0.31946    0.20833    0.41414    0.20833    0.26490    0.41936    0.29579    0.45833    0.28364
   0.04167    0.33646    0.24990    0.79167    0.87500    0.22386    0.39462    0.29700    0.32071    0.67671    0.36239    0.38331    0.62500    0.37781    0.04167    0.26490    0.61877    0.29579    0.87500    0.79167
   0.62500    0.33291    0.43027    0.54167    0.37500    0.54167    0.39462    0.29700    0.32071    0.40683    0.36239    0.31946    0.95833    0.37781    0.62500    0.26490    0.31490    0.29579    0.04167    0.70833
   0.70833    0.33291    0.43027    0.29167    0.04167    0.12500    0.37107    0.28399    0.32071    0.94229    0.36239    0.31946    0.54167    0.38802    0.29167    0.26490    0.35653    0.29579    0.70833    0.04167
   0.45833    0.32609    0.89448    0.04167    0.95833    0.79167    0.37107    0.26609    0.32071    0.67671    0.36239    0.31946    0.12500    0.37781    0.70833    0.26490    0.24861    0.11961    0.29167    0.87500
   0.79167    0.32609    0.43027    0.95833    0.62500    0.70833    0.37107    0.28399    0.31408    0.61955    0.33585    0.31946    0.87500    0.37781    0.37500    0.26490    0.23613    0.34757    0.95833    0.62500
   0.87500    0.32609    0.43027    0.70833    0.12500    0.04167    0.37107    0.28399    0.31408    0.61955    0.33585    0.33413    0.45833    0.37781    0.95833    0.26490    0.24861    0.27926    0.12500    0.45833
   0.28055    0.32609    0.43027    0.45833    0.79167    0.62500    0.37107    0.28399    0.27415    0.22642    0.33585    0.41363    0.04167    0.37781    0.79167    0.26490    0.24861    0.27926    0.54167    0.54167
   0.53575    0.32018    0.43027    0.20833    0.70833    0.37500    0.37107    0.28399    0.31408    0.52607    0.33585    0.33413    0.37500    0.37781    0.54167    0.26490    0.24861    0.27926    0.37500    0.37500
   0.18863    0.32018    0.51766    0.87500    0.45833    0.95833    0.36693    0.28399    0.31756    0.50492    0.33585    0.33413    0.79167    0.37781    0.87500    0.26490    0.24861    0.27926    0.79167    0.12500
   0.41428    0.31498    0.51766    0.62500    0.73187    0.29167    0.36693    0.28399    0.31408    0.50492    0.30510    0.28003    0.29167    0.37781    0.78557    0.26490    0.24861    0.27926    0.87869    0.95833
   0.59539    0.31498    0.72219    0.59687    0.11940    0.20833    0.36693    0.28399    0.31408    0.50492    0.17779    0.26239    0.98798    0.37781    0.50731    0.26490    0.24861    0.27926    0.62500    0.29167
   0.29581    0.31498    0.91973    0.05579    0.65871    0.87500    0.36693    0.28399    0.31408    0.44094    0.30510    0.28003    0.70833    0.37781    0.08570    0.26490    0.24861    0.27926    0.62500    0.20833
   0.38961    0.30689    0.58729    0.60267    0.29167    0.45833    0.36107    0.28399    0.31763    0.44094    0.30510    0.28003    0.44947    0.37781    0.20833    0.26490    0.24861    0.27926    0.40139    0.14747
   0.37374    0.31498    0.61353    0.24606    0.29167    0.77162    0.33012    0.20833    0.31408    0.44094    0.30510    0.28003    0.44947    0.37781    0.47754    0.26490    0.24861    0.27926    0.98971    0.76770
   0.30563    0.31498    0.51766    0.37500    0.43029    0.94990    0.36107    0.54167    0.31408    0.44094    0.30510    0.28003    0.56535    0.37781    0.51645    0.26490    0.24861    0.77921    0.82297    0.93645
   0.30563    0.31498    0.51766    0.50127    0.29167    0.79167    0.34581    0.95833    0.12500    0.44094    0.30510    0.28003    0.44475    0.37781    0.42497    0.26490    0.24861    0.51235    0.62500    0.77920
   0.30563    0.31498    0.51766    0.37500    0.29167    0.79167    0.34581    0.62500    0.45833    0.44094    0.30510    0.28003    0.44947    0.37781    0.42497    0.70833    0.24861    0.27926    0.62500    0.77920
   0.30563    0.45833    0.51766    0.37500    0.22710    0.30734    0.34581    0.70833    0.79167    0.44094    0.30510    0.28003    0.44947    0.37781    0.42497    0.62500    0.24861    0.27926    0.48608    0.77920
   0.30563    0.70833    0.24374    0.37500    0.29167    0.30734    0.34581    0.87500    0.37500    0.44094    0.30510    0.28003    0.17516    0.47886    0.42497    0.45833    0.24861    0.00565    0.48608    0.77920
   0.63286    0.04167    0.51766    0.37500    0.29167    0.30734    0.34581    0.12500    0.04167    0.44094    0.30510    0.16159    0.61813    0.31846    0.42497    0.95833    0.24861    0.27926    0.48608    0.77920
   0.39275    0.37500    0.51766    0.37500    0.29167    0.30734    0.34581    0.29167    0.29167    0.44094    0.30510    0.28003    0.44947    0.34821    0.42497    0.87500    0.10065    0.27926    0.41525    0.32216
