   0.82143    0.10714    0.89286    0.75000    0.39286    0.46429    0.60714    0.89286    0.53571    0.60714    0.89286    0.03571    0.67857    0.60714    0.10714    0.17857    0.03571    0.17857    0.53571    0.17857
   0.25000    0.53571    0.03571    0.53571    0.89286    0.03571    0.75000    0.39286    0.03571    0.89286    0.60714    0.53571    0.96429    0.46429    0.25000    0.46429    0.25000    0.03571    0.17857    0.32143
   0.53571    0.96429    0.46429    0.10714    0.96429    0.82143    0.53571    0.17857    0.32143    0.53571    0.82143    0.25000    0.46429    0.96429    0.03571    0.39286    0.89286    0.32143    0.10714    0.53571
   0.32143    0.25000    0.82143    0.82143    0.25000    0.89286    0.82143    0.53571    0.75000    0.82143    0.46429    0.39286    0.75000    0.17857    0.46429    0.03571    0.39286    0.10714    0.96429    0.39286
   0.60714    0.32143    0.32143    0.03571    0.67857    0.25000    0.03571    0.25000    0.17857    0.96429    0.96429    0.17857    0.10714    0.32143    0.82143    0.25000    0.32143    0.39286    0.32143    0.75000
   0.10714    0.82143    0.25000    0.39286    0.82143    0.60714    0.89286    0.96429    0.39286    0.25000    0.75000    0.10714    0.82143    0.25000    0.39286    0.89286    0.46429    0.25000    0.75000    0.10714
   0.96429    0.60714    0.39286    0.32143    0.46429    0.32143    0.67857    0.67857    0.10714    0.67857    0.67857    0.67857    0.39286    0.10714    0.67857    0.32143    0.17857    0.53571    0.60714    0.96429
   0.03571    0.39286    0.60714    0.67857    0.53571    0.67857    0.32143    0.32143    0.89286    0.32143    0.32143    0.32143    0.60714    0.89286    0.32143    0.67857    0.82143    0.46429    0.39286    0.03571
   0.89286    0.17857    0.75000    0.60714    0.17857    0.39286    0.10714    0.03571    0.60714    0.75000    0.25000    0.89286    0.17857    0.75000    0.60714    0.10714    0.53571    0.75000    0.25000    0.89286
   0.39286    0.67857    0.67857    0.96429    0.32143    0.75000    0.96429    0.75000    0.82143    0.03571    0.03571    0.82143    0.89286    0.67857    0.17857    0.75000    0.67857    0.60714    0.67857    0.25000
   0.67857    0.75000    0.17857    0.17857    0.75000    0.10714    0.17857    0.46429    0.25000    0.17857    0.53571    0.60714    0.25000    0.82143    0.53571    0.96429    0.60714    0.89286    0.03571    0.60714
   0.46429    0.03571    0.53571    0.89286    0.03571    0.17857    0.46429    0.82143    0.67857    0.46429    0.17857    0.75000    0.53571    0.03571    0.96429    0.60714    0.10714    0.67857    0.89286    0.46429
   0.75000    0.46429    0.96429    0.46429    0.10714    0.96429    0.25000    0.60714    0.96429    0.10714    0.39286    0.46429    0.03571    0.53571    0.75000    0.53571    0.75000    0.96429    0.82143    0.67857
   0.17857    0.89286    0.10714    0.25000    0.60714    0.53571    0.39286    0.10714    0.46429    0.39286    0.10714    0.96429    0.32143    0.39286    0.89286    0.82143    0.96429    0.82143    0.46429    0.82143
   0.75062    1.00000    0.32916    0.17903    0.22096    0.46344    0.06351    0.00000    0.10279    1.00000    0.81880    0.00000    0.00000    1.00000    0.16862    0.86032    0.45106    0.91300    0.43168    1.00000
   0.78589    1.00000    0.06540    0.17862    1.00000    0.50290    0.00000    0.31145    0.81344    1.00000    0.51021    0.00000    0.02800    1.00000    0.63429    0.78588    0.00000    0.10631    0.74807    1.00000
   0.57867    1.00000    0.00000    0.23368    1.00000    0.36766    0.00000    0.11621    0.43737    0.87442    0.99932    0.09598    0.19143    1.00000    0.46128    0.51392    0.37986    0.49168    1.00000    0.97784
   0.77336    1.00000    0.20745    0.16514    0.75858    0.53990    0.26921    0.29372    0.53578    0.92242    0.64478    0.13197    0.16415    1.00000    0.48456    0.01632    0.35027    0.38084    0.59192    1.00000
   0.71126    1.00000    0.00000    0.00000    0.81536    0.64923    0.45064    0.60608    0.40829    0.70284    0.64107    0.00000    0.25483    1.00000    0.53283    0.50527    0.56612    0.47942    0.69752    1.00000
   0.54102    0.95581    0.00000    0.23791    0.73016    0.56415    0.33333    0.18003    0.42076    0.81028    0.80717    0.00000    0.21806    1.00000    0.45173    0.52220    0.47661    0.33051    0.31055    0.89246
   0.72630    1.00000    0.00000    0.28540    0.78386    0.58192    0.23564    0.19135    0.27580    0.81283    0.62051    0.00000    0.17898    0.97473    0.31284    0.49275    0.42379    0.44131    0.42172    1.00000
   0.87849    0.90117    0.00000    0.32624    0.73148    0.61544    0.35524    0.00000    0.59315    1.00000    0.58102    0.02266    0.37824    1.00000    0.41787    0.46198    0.40974    0.33315    0.29000    1.00000
   0.82415    1.00000    0.00000    0.21187    0.80768    0.52644    0.30886    0.00000    0.70238    1.00000    0.64347    0.08240    0.00000    1.00000    0.53445    0.52090    0.36019    0.41860    0.35755    1.00000
   0.74927    1.00000    0.02271    0.24300    0.75572    0.64457    0.23757    0.00000    0.57903    1.00000    0.77584    0.11570    0.25112    1.00000    0.46560    0.46142    0.49787    0.27805    0.40175    1.00000
   0.79513    1.00000    0.00000    0.23370    0.64679    0.56530    0.27592    0.00000    0.51320    1.00000    0.66270    0.09224    0.17771    1.00000    0.52422    0.48804    0.42549    0.28524    0.35689    1.00000
   0.70258    1.00000    0.00000    0.27738    0.75849    0.82213    0.30394    0.00000    0.46314    1.00000    0.61657    0.08509    0.25430    1.00000    0.97885    0.60310    0.49353    0.38913    0.47080    1.00000
   0.73043    1.00000    0.00000    0.27001    0.74231    0.68371    0.34254    0.00000    0.51084    1.00000    0.62228    0.11472    0.21888    1.00000    0.48504    0.62661    0.56413    0.33484    0.46339    1.00000
   0.72680    1.00000    0.00000    0.48984    0.74260    0.58426    0.39920    0.00000    0.53017    1.00000    0.63570    0.05445    0.17216    1.00000    0.61825    0.58324    0.43718    0.35181    0.40665    1.00000
   0.75505    0.95144    0.00000    0.29416    0.66757    0.63632    0.34190    0.00000    0.60616    1.00000    0.65276    0.00000    0.24315    1.00000    0.04012    0.75311    0.41966    0.42615    0.42912    1.00000
   0.75343    1.00000    0.00000    0.23605    0.76055    0.69197    0.36097    0.00000    0.53437    1.00000    0.64857    0.00944    0.27913    1.00000    0.54935    0.62501    0.49438    0.33848    0.42986    1.00000
   0.75328    1.00000    0.02389    0.20879    0.70989    0.67744    0.30139    0.00000    0.60464    1.00000    0.66748    0.04469    0.24144    1.00000    0.49685    0.67926    0.59187    0.33322    0.43148    1.00000
   0.72936    1.00000    0.00000    0.25105    0.56827    0.81993    0.40304    0.00350    0.56457    1.00000    0.61786    0.04254    0.32829    1.00000    0.58236    0.75161    0.50165    0.39412    0.43243    1.00000
   0.77938    1.00000    0.00000    0.28844    0.64817    0.64261    0.38006    0.00000    0.53610    1.00000    0.60531    0.05270    0.27256    0.98805    0.62295    0.63739    0.80379    0.34844    0.43437    1.00000
   0.75797    1.00000    0.00000    0.26894    0.65068    0.65193    0.34940    0.00000    0.87818    1.00000    0.62962    0.01445    0.33150    1.00000    0.59180    0.66485    0.51441    0.27489    0.43441    1.00000
   0.73658    0.99704    0.01054    0.27629    0.59501    0.59080    0.38488    0.00000    0.70098    1.00000    0.62650    0.00000    0.36045    1.00000    0.58323    0.65478    0.20872    0.35732    0.46011    1.00000
   0.78990    1.00000    0.13957    0.27382    0.67302    0.61280    0.36831    0.00000    0.62691    1.00000    0.64183    0.00000    0.42125    1.00000    0.52712    0.79804    0.41900    0.31115    0.44209    1.00000
   0.77004    1.00000    0.00000    0.27108    0.68061    0.72120    0.40381    0.00000    0.56767    1.00000    0.64422    0.00000    0.35589    1.00000    0.55050    0.98449    0.45582    0.33755    0.45280    1.00000
   0.77890    1.00000    0.00000    0.23793    0.65490    0.80691    0.54404    0.01277    0.58840    1.00000    0.65579    0.00798    0.33511    0.99893    0.58290    1.00000    0.49783    0.33870    0.44698    0.98885
   0.77014    1.00000    0.00000    0.38478    0.68372    0.60114    0.41509    0.00000    0.62602    1.00000    0.65835    0.00000    0.28749    1.00000    0.59174    0.75823    0.47487    0.33175    0.50572    1.00000
   0.80731    1.00000    0.00000    0.36836    0.69028    0.53332    0.40026    0.00000    0.68677    1.00000    0.65160    0.00000    0.33565    0.99487    0.57109    0.68376    0.48381    0.31362    0.46742    1.00000
   0.77308    1.00000    0.00000    0.31239    0.67884    0.64189    0.42245    0.00000    0.62828    1.00000    0.65017    0.00000    0.35697    1.00000    0.61964    0.75396    0.49714    0.37555    0.48570    1.00000
   0.78925    1.00000    0.01313    0.35440    0.66727    0.93426    0.41926    0.00000    0.62374    0.98357    0.66111    0.00000    0.35012    1.00000    0.54087    0.78683    0.49181    0.36627    0.44876    1.00000
   0.53796    1.00000    0.00000    0.35855    0.69944    0.70367    0.42679    0.00000    0.66980    1.00000    0.63674    0.00000    0.32552    1.00000    0.55819    0.75809    0.48201    0.33883    0.42420    1.00000
   0.73760    1.00000    0.04320    0.32795    0.68085    0.63432    0.43677    0.00000    0.64545    1.00000    0.65943    0.00000    0.32254    1.00000    0.89783    0.79346    0.50734    0.32877    0.44906    1.00000
   0.74418    1.00000    0.01056    0.35989    0.65161    0.63817    0.42720    0.01972    0.62622    0.97243    0.64296    0.00000    0.32014    1.00000    0.58143    0.64372    0.46150    0.34328    0.45624    0.96965
   0.77108    1.00000    0.00000    0.41041    0.74282    0.61702    0.43595    0.00000    0.71049    0.97626    0.63362    0.00000    0.37064    1.00000    0.70569    0.69802    0.64591    0.30750    0.56756    0.83587
   0.77515    1.00000    0.61005    0.35722    0.71046    0.57119    0.43190    0.00000    0.67720    0.98704    0.64612    0.00000    0.33711    1.00000    0.56145    0.69597    0.42592    0.30093    0.45308    0.94602
   0.78368    1.00000    0.00000    0.38937    0.70918    0.65877    0.42060    0.01092    0.64234    1.00000    0.62633    0.00000    0.34596    1.00000    0.56036    0.68578    0.47699    0.36992    0.39378    0.95828
   0.77153    1.00000    0.00000    0.38274    0.67872    0.60574    0.44865    0.00000    0.66231    0.98863    0.65264    0.00000    0.34518    0.99763    0.64848    0.65598    0.46027    0.34557    0.46137    0.96802
   0.75668    1.00000    0.00000    0.48223    0.65629    0.62760    0.41035    0.00000    0.68302    0.98850    0.64653    0.00000    0.30376    1.00000    0.60587    0.68444    0.25894    0.33929    0.44920    0.92496
   0.77945    1.00000    0.00000    0.37809    0.69258    0.63201    0.40595    0.00993    0.75379    1.00000    0.64625    0.00000    0.29521    1.00000    0.60389    0.67667    0.52835    0.36282    0.44255    0.96479
   0.80198    1.00000    0.00921    0.37669    0.71025    0.57985    0.40710    0.08164    0.72908    1.00000    0.64423    0.00000    0.31585    1.00000    0.69975    0.65985    0.39220    0.35777    0.46256    0.96019
   0.77953    1.00000    0.00000    0.37319    0.70153    0.62006    0.41632    0.02530    0.76297    1.00000    0.64532    0.00426    0.29528    1.00000    0.80290    0.70187    0.40795    0.38698    0.46225    0.95224
   0.77441    1.00000    0.00000    0.39100    0.70402    0.63942    0.41103    0.00000    0.69823    1.00000    0.64088    0.00000    0.34439    1.00000    0.65848    0.70474    0.26684    0.40712    0.44405    0.89775
   0.77786    1.00000    0.00000    0.42220    0.70856    0.58760    0.40483    0.00237    0.79446    1.00000    0.64517    0.00000    0.33911    1.00000    0.66998    0.72705    0.34492    0.35360    0.45336    0.94443
   0.79262    1.00000    0.03139    0.34453    0.69658    0.17311    0.40832    0.04897    0.73654    1.00000    0.63365    0.00413    0.32006    1.00000    0.67015    0.71907    0.41139    0.38738    0.44445    0.95282
   0.77270    1.00000    0.00715    0.34169    0.70874    0.58725    0.40043    0.03343    0.70011    0.99113    0.64193    0.00000    0.33956    1.00000    0.62724    0.64676    0.39699    0.39751    0.44792    0.94762
   0.78380    1.00000    0.00000    0.34946    0.70440    0.60972    0.40752    0.00000    0.75054    1.00000    0.64637    0.00000    0.31052    0.98878    0.65465    0.67625    0.42121    0.36369    0.44927    0.94479
   0.78179    1.00000    0.00632    0.35681    0.70365    0.62599    0.39751    0.02360    0.72833    1.00000    0.64680    0.00000    0.29754    0.98286    0.62452    0.71694    0.37833    0.37280    0.44932    0.95518
   0.78001    1.00000    0.01140    0.35472    0.69707    0.60600    0.41796    0.00000    0.74076    1.00000    0.64899    0.00000    0.32072    0.98452    0.60176    0.68779    0.35650    0.37144    0.44817    0.92240
   0.77458    1.00000    0.00000    0.34614    0.70358    0.59127    0.41356    0.00000    0.68997    1.00000    0.64095    0.00000    0.32316    0.98997    0.65097    0.71742    0.26494    0.37996    0.44814    0.94993
   0.77968    1.00000    0.01356    0.35961    0.71299    0.56571    0.40934    0.01423    0.71996    1.00000    0.63871    0.00000    0.32443    0.98487    0.65800    0.76247    0.38959    0.34605    0.46748    0.94856
   0.78238    1.00000    0.00392    0.35465    0.70698    0.56682    0.39496    0.01655    0.72262    1.00000    0.64024    0.00000    0.32505    0.99042    0.66919    0.73009    0.37170    0.33635    0.44364    0.95034
   0.86088    1.00000    0.00000    0.35681    0.69790    0.61300    0.40617    0.01204    0.72894    1.00000    0.64189    0.00000    0.33125    0.98292    0.64922    0.67932    0.37151    0.36499    0.45028    0.94443
   0.78916    1.00000    0.00000    0.35923    0.70125    0.59619    0.40386    0.04261    0.68401    1.00000    0.53571    0.00000    0.32454    0.98690    0.64800    0.69061    0.36281    0.35449    0.43713    0.94405
   0.78354    1.00000    0.00000    0.35679    0.70677    0.61305    0.40742    0.00163    0.71874    1.00000    0.03571    0.00000    0.32354    0.98614    0.65582    0.69987    0.34608    0.35603    0.45811    0.94443
   0.78394    1.00000    0.00000    0.35844    0.70449    0.58587    0.40973    0.00000    0.09352    1.00000    0.89286    0.00000    0.32813    0.98552    0.63124    0.67570    0.35756    0.34555    0.45492    0.95104
   0.78188    1.00000    0.00000    0.37193    0.69793    0.59465    0.41099    0.00000    0.69760    1.00000    0.82143    0.00000    0.31851    0.98423    0.65132    0.70454    0.35199    0.35625    0.45345    0.94782
   0.77826    1.00000    0.00000    0.38035    0.70046    0.59413    0.41130    0.00000    0.74722    1.00000    0.60714    0.00000    0.32081    0.98746    0.66303    0.68892    0.37822    0.34856    0.45723    0.94935
   0.78177    0.10714    0.00000    0.38004    0.70702    0.57534    0.40482    0.00000    0.90154    1.00000    0.32143    0.00000    0.32864    0.98747    0.64993    0.71613    0.37033    0.38704    0.46159    0.94952
   0.78416    0.03571    0.00000    0.38223    0.70334    0.61948    0.40523    0.00000    0.76475    1.00000    0.25000    0.00000    0.33368    0.67857    0.65090    0.72358    0.38828    0.36495    0.46997    0.94646
   0.78034    0.75000    0.00000    0.37665    0.69968    0.62809    0.40689    0.01823    0.70012    1.00000    0.75000    0.00000    0.33087    0.60714    0.65920    0.74755    0.32139    0.32591    0.48342    0.94572
   0.78348    0.46429    0.00000    0.36427    0.70729    0.61310    0.40580    0.00000    0.66443    1.00000    0.67857    0.00000    0.32676    0.25000    0.64191    0.73497    0.36206    0.21024    0.51657    0.94526
   0.78370    0.67857    0.00000    0.35790    0.70301    0.60735    0.40392    0.00000    0.69930    1.00000    0.39286    0.00000    0.32398    0.53571    0.64113    0.72277    0.34845    0.31422    0.49270    0.94687
   0.78113    0.60714    0.00000    0.32829    0.70250    0.61010    0.40534    0.00000    0.66142    1.00000    0.17857    0.00000    0.33099    0.96429    0.63899    0.73910    0.36026    0.35392    0.50285    0.46429
   0.78030    0.82143    0.00000    0.36240    0.70187    0.60612    0.40660    0.00000    0.69639    1.00000    0.10714    0.00000    0.33252    0.10714    0.63663    0.73261    0.37388    0.33393    0.48694    0.67857
   0.78199    0.17857    0.00000    0.36662    0.70184    0.59416    0.40625    0.00000    0.63944    1.00000    0.96429    0.00000    0.32879    0.82143    0.63228    0.72683    0.37561    0.27824    0.48598    0.96429
   0.78372    0.39286    0.00000    0.35419    0.70245    0.61647    0.82143    0.00000    0.62061    1.00000    0.46429    0.00000    0.32757    0.17857    0.63571    0.71986    0.38309    0.31035    0.49459    0.10714
   0.78161    0.32143    0.00000    0.35822    0.70330    0.63268    0.03571    0.00000    0.65173    1.00000    0.00000    0.00000    0.32992    0.89286    0.63782    0.73099    0.37199    0.33563    0.49726    0.17857
   0.78217    0.53571    0.00000    0.36300    0.70356    0.60033    0.60714    0.00000    0.64169    1.00000    0.00000    0.00000    0.32908    0.03571    0.62866    0.73573    0.36838    0.31381    0.49941    0.75000
   0.53571    0.25000    0.00000    0.36070    0.70221    0.60715    0.10714    0.00000    0.60491    1.00000    0.03570    0.00000    0.33242    0.46429    0.62808    0.71605    0.37051    0.32650    0.51333    0.39286
   0.32143    0.96429    0.00000    0.37208    0.75000    0.59460    0.46429    0.00000    0.63260    1.00000    0.00000    0.00000    0.33306    0.75000    0.62330    0.72442    0.37227    0.32669    0.52013    0.60714
   0.89286    0.89286    0.00000    0.35888    0.67857    0.59087    0.25000    0.00000    0.61879    1.00000    0.18254    0.00000    0.33094    0.39286    0.63205    0.71475    0.37591    0.33286    0.53690    0.25000
   0.39286    0.00000    0.00000    0.37385    0.46429    0.60907    0.67857    0.00000    0.66293    0.60714    0.00442    0.00000    0.32967    0.32143    0.62857    0.71117    0.37484    0.32505    0.51618    0.82143
   0.03571    0.00000    0.00548    0.36957    0.39286    0.59248    0.32143    0.00000    0.61868    0.67857    0.00000    0.00000    0.10714    1.00000    0.62744    0.72428    0.36095    0.33437    0.63659    0.89286
   0.75000    0.60959    0.01853    0.36446    0.89286    0.61445    0.75000    0.00000    0.65248    0.89286    0.00000    0.00000    0.82143    1.00000    0.63207    0.70613    0.36960    0.32784    0.52644    0.03571
   0.82143    0.38580    0.01584    0.36616    0.17857    0.60009    0.53571    0.00000    0.63315    0.17857    0.00000    0.00000    0.39286    1.00000    0.63651    0.71093    0.36779    0.33024    0.53341    0.32143
   0.17857    0.76025    0.01197    0.36350    0.96429    0.61012    0.89286    0.00000    0.58811    0.75000    0.05718    0.00000    0.53571    1.00000    0.46429    0.70805    0.35963    0.32554    0.55492    0.53571
   0.25000    0.21017    0.01609    0.35580    0.03571    0.61149    0.39286    0.00000    0.64349    0.53571    0.00000    0.00000    0.96429    1.00000    0.03571    0.71455    0.36106    0.31490    0.53392    0.27490
   0.96429    0.43849    0.01064    0.38652    0.82143    0.61265    0.96429    0.00000    0.61383    0.96429    0.10588    0.00000    0.75000    1.00000    0.75000    0.39286    0.35551    0.31818    0.54966    0.71751
   0.60714    0.26115    0.00000    0.36917    0.10714    0.60373    0.17857    0.00462    0.64652    0.03571    0.00000    0.00000    0.67857    1.00000    0.82143    0.03571    0.36383    0.32785    0.53445    0.67794
   0.10714    0.74616    0.00000    0.37303    0.60714    0.59889    0.87349    0.00000    0.62976    0.46429    0.00000    0.00000    0.32143    1.00000    0.60714    0.75000    0.36019    0.31896    0.52869    0.68975
   0.67857    0.00000    0.00000    0.37134    0.53571    0.61209    0.61828    0.00000    0.66612    0.25000    0.00000    0.00000    0.25000    1.00000    0.10714    0.10714    0.35790    0.32634    0.55909    0.64413
   0.46429    0.00000    0.00000    0.36872    0.32143    0.60312    0.57971    0.00000    0.65210    0.82143    0.00000    0.00000    0.03571    1.00000    0.32143    0.17857    0.35671    0.32102    0.60816    0.61000
   0.93328    0.00000    0.00000    0.37489    0.25000    0.61170    0.61654    0.00037    0.68898    0.10714    0.00000    0.00000    0.46429    1.00000    0.67857    0.32143    0.35654    0.32662    0.76284    0.61809
   0.53738    0.00000    0.00000    0.37347    0.74953    0.61419    0.49479    0.00001    0.62934    0.32143    0.00000    0.00000    0.60714    1.00000    0.89286    0.53571    0.36011    0.67857    0.60664    0.57798
   0.39109    0.00000    0.00000    0.37427    0.79415    0.60941    0.94242    0.00239    0.63321    0.39286    0.00000    0.00021    0.17857    1.00000    0.39286    0.46429    0.35855    0.10714    0.61987    0.69015
   0.68518    0.00000    0.00000    0.37682    0.57258    0.61345    0.69135    0.00000    0.64179    0.54591    0.00000    0.00000    0.89286    1.00000    0.17857    0.67857    0.35083    0.25000    0.63296    0.67790
   0.59537    0.00000    0.00000    0.36812    0.65248    0.61120    0.61680    0.00000    0.63621    0.41300    0.00000    0.25000    0.55260    1.00000    0.25000    0.82143    0.34341    0.82143    0.60829    0.69062
   0.60125    0.00000    0.00000    0.37303    0.75543    0.60883    0.63215    0.00000    0.64828    0.56583    0.02359    0.39286    0.37349    1.00000    0.96429    0.89286    0.34910    0.46429    0.61902    0.69690
   0.54303    0.00000    0.00120    0.37313    0.66736    0.61624    0.59469    0.00000    0.66397    0.67640    0.01372    0.17857    0.57535    1.00000    0.53571    0.25000    0.34810    0.96429    0.61447    0.80700
   0.48305    0.00000    0.00000    0.36832    0.69908    0.61115    0.59160    0.00000    0.96429    0.54080    0.03841    0.89286    0.43527    1.00000    0.99620    0.96429    0.35095    0.39286    0.60584    0.68825
   0.54778    0.00000    0.00000    0.37366    0.69126    0.60957    0.66514    0.00000    0.60714    0.60488    0.01870    0.32143    0.69940    0.98813    0.61419    0.60714    0.35269    0.60714    0.60958    0.60960
   0.51724    0.00000    0.00000    0.37461    0.72882    0.61534    0.63015    0.00062    0.25000    0.52266    0.00000    0.03571    1.00000    1.00000    0.73642    0.00000    0.35371    0.03571    0.62182    0.58489
   0.54091    0.00000    0.00000    0.37677    0.60162    0.61613    0.63385    0.00000    0.53571    0.67982    0.01595    0.46429    0.74901    0.98842    0.87140    0.59046    0.35507    0.53571    0.62279    0.55675
   0.58442    0.00000    0.00000    0.39012    0.66479    0.63717    0.61658    0.00000    0.67857    0.43899    0.01883    0.53571    0.71344    1.00000    0.69104    0.43807    0.35296    0.17857    0.61399    0.29586
   0.57566    0.02922    0.00000    0.38378    0.65373    0.62767    0.74765    0.00000    0.10714    0.62483    0.10567    0.96429    0.81332    0.84599    0.85776    0.17369    0.35162    0.75000    0.60778    0.59879
   0.59563    0.00000    0.00108    0.38568    0.67221    0.62875    0.84437    0.00000    0.17857    0.61468    0.02872    0.67857    0.87915    1.00000    0.75615    0.17557    0.35117    0.89286    0.25000    0.59604
   0.59323    0.00000    0.00000    0.38568    0.65841    0.64203    0.69870    0.00000    0.82143    0.55076    0.05244    0.10714    1.00000    1.00000    0.79257    0.59750    0.35257    0.32143    0.10714    0.54854
   0.57904    0.00000    0.67857    0.38330    0.68106    0.63998    0.72384    0.00000    0.89286    0.53527    0.03132    0.82143    0.84804    1.00000    0.80308    0.33408    0.35322    1.00000    0.32143    0.82889
   0.58592    0.00000    0.25000    0.39066    0.67539    0.67127    0.73448    0.00000    0.32143    0.56213    0.01940    0.60714    0.95355    0.98769    0.78110    0.34305    0.35197    0.65781    0.53571    0.50298
   0.55171    0.00103    0.53571    0.39340    0.66109    0.69124    0.70732    0.89286    0.46429    0.54763    0.03977    0.75000    0.72744    1.00000    0.84851    0.33617    0.34824    0.65721    0.96429    0.96259
   0.61542    0.00000    0.03571    0.40704    0.67227    0.67002    0.69942    0.75000    0.75000    0.56602    0.05410    0.00000    0.86179    1.00000    0.75183    0.29996    0.53571    0.80346    0.60714    0.62755
   0.61144    0.00000    0.17857    0.39352    0.70833    0.66256    0.71080    0.67857    0.39286    0.63506    0.04184    0.00000    0.85601    1.00000    0.94010    0.33185    0.82143    0.69726    0.17857    0.57822
   0.62065    0.01353    0.60714    0.39779    0.70102    0.66507    0.71542    0.46429    0.03571    0.65251    0.01789    0.47245    0.88851    0.99943    0.80461    0.33899    0.67857    0.63608    0.82143    0.57458
   0.51505    0.00000    0.89286    0.39220    0.69693    0.66760    0.72633    0.17857    0.00000    0.65443    0.03151    0.31301    0.88109    1.00000    0.80541    0.36302    0.25000    0.66727    0.39286    0.59165
   0.56393    0.03795    0.10714    0.39109    0.69032    0.66496    0.66514    0.03571    0.54099    0.59559    0.04446    0.15753    0.72564    1.00000    0.97142    0.32373    0.60714    0.54780    0.03571    0.56320
   0.57637    0.08396    0.39286    0.39286    0.68743    0.66275    0.73342    0.60714    0.37058    0.64670    0.04091    0.03506    0.87149    0.97393    0.77736    0.39524    0.10714    0.78787    0.46429    0.68154
   0.56069    0.03646    0.82143    0.17857    0.69113    0.66592    0.74022    0.39286    0.88834    0.55733    0.04252    0.18880    0.86867    1.00000    0.84655    0.34515    0.96429    0.54923    0.67857    0.63346
   0.56323    0.03426    0.96429    0.67857    0.67791    0.66820    0.69606    0.96429    0.49144    0.73464    0.04464    0.25048    0.88113    1.00000    0.91538    0.35670    0.03571    0.60240    0.89286    0.49261
   0.56760    0.05547    0.46429    0.75000    0.67365    0.66192    0.72536    0.82143    0.51628    0.59519    0.03737    0.12589    0.88664    0.99677    0.78782    0.43295    0.89286    0.60237    0.75000    0.60928
   0.56155    0.14558    0.75000    0.03571    0.70412    0.66693    0.70459    0.53571    0.49880    0.58119    0.04706    0.06690    0.86292    1.00000    0.74189    0.28015    0.39286    0.57170    1.00000    0.87509
   0.57603    0.07185    0.32143    0.46429    0.71462    0.68484    0.70458    0.32143    0.41637    0.59331    0.05313    0.18228    0.84087    1.00000    0.75284    0.50900    0.75000    0.59180    1.00000    0.60430
   0.56292    0.05814    0.32193    0.10714    0.68571    0.66603    0.71386    0.25000    0.53363    0.55978    0.08239    0.64353    0.85074    1.00000    0.78196    0.51931    0.32143    0.62710    1.00000    0.59326
   0.57971    0.03113    0.73238    0.89286    0.83066    0.67087    0.71417    0.10714    0.50036    0.61150    0.09980    0.20508    0.80092    0.98774    0.75802    0.41133    0.17857    0.59626    1.00000    0.60305
   0.55904    0.06382    0.43052    0.53571    0.71757    0.67320    0.70933    0.98935    0.60242    0.61886    0.09483    0.22073    0.85917    1.00000    0.71139    0.39654    0.46429    0.55638    1.00000    0.59474
   0.56812    0.03265    0.31493    0.96429    0.68863    0.67000    0.72433    1.00000    0.41403    0.62121    0.08248    0.20414    0.87035    0.99939    0.75501    0.40291    1.00000    0.59619    1.00000    0.58862
   0.56053    0.10963    0.08636    0.25000    0.69006    0.66730    0.70771    0.81238    0.48977    0.60137    0.08988    0.21859    0.84306    1.00000    0.74449    0.39868    0.52130    0.47045    1.00000    0.55812
   0.56647    0.15961    0.36205    0.32143    0.69892    0.66518    0.72881    0.62794    0.44199    0.66862    0.09157    0.24650    0.86496    1.00000    0.44466    0.42964    0.65157    0.50112    1.00000    0.58413
   0.55817    0.10938    0.36334    0.82143    0.66812    0.66643    0.70836    0.72632    0.38556    0.62765    0.08005    0.22120    0.84451    1.00000    0.73021    0.38260    0.80270    0.53538    1.00000    0.60603
   0.56170    0.13835    0.41856    0.60714    0.66033    0.66978    0.72354    0.73137    0.51654    0.64545    0.10309    0.14722    0.84351    0.99746    0.71416    0.38028    0.79471    0.56500    1.00000    0.58265
   0.54637    0.10256    0.46608    0.02816    0.60885    0.66500    0.71506    0.55254    0.01866    0.63502    0.07965    0.21964    0.83664    1.00000    0.77380    0.97499    0.77728    0.55787    1.00000    0.56723
   0.54494    0.09116    0.64731    0.52449    0.63738    0.89286    0.72063    0.66570    0.45638    0.64005    0.10148    0.11290    0.84981    1.00000    0.73775    0.32838    0.74053    0.41076    1.00000    0.58358
   0.55684    0.09308    0.55423    0.36561    0.65194    0.03571    0.71134    0.71598    0.00000    0.61225    0.07725    0.18939    0.84413    0.99477    0.62208    0.35803    0.87713    0.09334    0.81909    0.59584
   0.55082    0.09911    0.59843    0.44174    0.64866    0.46429    0.71751    0.74240    0.26660    0.61860    0.08842    0.16222    0.84339    1.00000    0.74611    0.41957    0.98998    0.41834    0.89715    0.58507
   0.54945    0.08818    0.55555    0.42210    0.66036    0.82143    0.72076    0.70386    0.34857    0.62174    0.08390    0.16615    0.85479    0.99228    0.66981    0.33001    0.84477    0.22403    0.84751    0.59381
   0.56262    0.07684    0.57995    0.62724    0.65726    0.60714    0.71776    0.65630    0.29065    0.63016    0.07424    0.20135    0.81840    0.98681    0.75513    0.38316    0.79333    0.45047    0.86549    0.59742
   0.56107    0.08971    0.56019    0.64273    0.67728    0.25000    0.71994    0.69480    0.29196    0.61851    0.06827    0.27302    0.84838    0.98742    0.72176    0.36067    0.76508    0.50392    0.87591    0.61768
   0.54961    0.08641    0.12103    0.94034    0.57733    0.67857    0.71592    0.62302    0.37616    0.63054    0.07799    0.19628    0.78930    0.97529    0.69857    0.38631    0.84139    0.27084    0.46818    0.61361
   0.54777    0.09670    0.70243    0.67863    0.64279    0.32143    0.71489    0.65647    0.35905    0.61572    0.08304    0.22297    0.84037    0.92891    0.43584    0.42901    0.88502    0.42391    0.73459    0.63328
   0.55027    0.09806    0.59036    0.63458    0.64424    0.75000    0.71763    0.61379    0.36696    0.60504    0.07718    0.14900    0.84412    0.98219    0.68815    0.41239    1.00000    0.42422    0.87969    0.63138
   0.55705    0.09533    0.59512    0.69885    0.65047    0.39286    0.71822    0.61373    0.27069    0.59977    0.07737    0.18929    0.84052    0.98025    0.70050    0.37787    0.73244    0.39316    0.89597    0.64747
   0.55837    0.08972    0.50895    0.60503    0.64671    0.17857    0.72146    0.63959    0.31895    0.60050    0.07327    0.14476    0.84590    0.97824    0.73818    0.40425    0.64799    0.39903    0.90277    0.63129
   0.55603    0.08978    0.63951    0.66351    0.65919    0.53571    0.71566    0.63733    0.48752    0.58691    0.07193    0.18220    0.82089    0.98078    0.38631    0.40782    0.74820    0.35035    0.90108    0.63132
   0.55068    0.09595    0.62607    0.64215    0.65618    0.96429    0.71554    0.66243    0.30695    0.57662    0.07350    0.16491    0.76634    0.98500    0.76482    0.42481    0.72057    0.38005    0.92059    0.64044
   0.55364    0.09583    0.51076    0.60871    0.66760    0.10714    0.60714    0.65489    0.14421    0.54183    0.07494    0.36811    0.71310    0.98288    0.74861    0.37170    0.68078    0.42485    0.95000    0.63459
   0.55239    0.09715    0.53237    0.75039    0.66459    0.10956    0.75000    0.65971    0.33292    0.57395    0.07358    0.20634    0.64681    0.97133    0.73637    0.38196    0.52172    0.51477    0.92951    0.64179
   0.55184    0.08640    0.56534    0.68062    0.66081    0.47531    0.67857    0.40474    0.32385    0.57147    0.06928    0.18570    0.69951    0.96837    0.74301    0.40688    0.68589    0.40705    0.94301    0.63476
   0.55312    0.08759    0.58032    0.73061    0.66170    0.25347    0.96429    0.62143    0.32657    0.57045    0.06923    0.13607    0.72351    0.95648    0.72495    0.39823    0.71048    0.43061    0.91805    0.64315
   0.55037    0.09252    0.61403    0.66208    0.67319    0.73360    0.10714    0.78604    0.34803    0.56181    0.06243    0.15332    0.63368    0.95602    0.74021    0.36939    0.69008    0.43381    0.95744    0.64671
   0.54681    0.09348    0.55741    0.63921    0.65912    0.36407    0.17857    0.57668    0.28921    0.58421    0.06411    0.17191    0.68923    0.95909    0.74189    0.38538    0.70060    0.44056    0.91267    0.63484
   0.55152    0.08751    0.57410    0.66327    0.67476    0.38091    0.53571    0.57891    0.34224    0.57709    0.06986    0.22170    0.73338    0.95431    0.80288    0.37414    0.75384    0.43098    0.92753    0.61906
   0.55163    0.08950    0.58335    0.72253    0.66696    0.13604    0.46429    0.53846    0.35172    0.56695    0.07362    0.13600    0.72684    0.94475    0.76423    0.36429    0.60600    0.44769    0.86832    0.61524
   0.55051    0.08798    0.61101    0.82834    0.66204    0.48452    0.82143    0.57215    0.35374    0.57272    0.25000    0.13423    0.68497    0.96616    0.73356    0.37645    0.67162    0.43977    0.92458    0.61342
   0.55107    0.08756    0.54322    0.68166    0.66942    0.34286    0.89286    0.53391    0.36466    0.57905    0.53571    0.02944    0.74576    0.96554    0.73696    0.38137    0.62373    0.42595    0.94205    0.60505
   0.55373    0.08676    0.57734    0.67725    0.66932    0.07183    0.03571    0.54910    0.37678    0.57376    0.39286    0.13873    0.75486    0.96607    0.67121    0.37166    0.71205    0.41806    0.91562    0.62752
   0.67857    0.08065    0.75426    0.67407    0.66499    0.96735    0.32143    0.52334    0.36008    0.57193    0.82143    0.14361    0.75456    0.96198    0.72778    0.35978    0.71667    0.41414    0.89259    0.60507
   0.82143    0.07799    0.59506    0.71727    0.66679    0.24755    0.25000    0.44572    0.37756    0.57094    0.96429    0.12568    0.73495    0.96420    0.63309    0.38907    0.69556    0.40465    0.90670    0.58765
   0.53571    0.89286    0.57372    0.68313    0.67106    0.28658    0.39286    0.55173    0.36154    0.57819    0.32143    0.16171    0.73529    0.95899    0.72928    0.36856    0.67264    0.42780    0.92597    0.60377
   0.60714    0.03571    0.61863    0.77049    0.66404    0.33370    0.96450    0.49394    0.37415    0.57017    0.10714    0.13720    0.74227    0.96442    0.74037    0.36948    0.65944    0.43333    0.89754    0.60010
   0.10714    0.75000    0.64279    0.67928    0.67142    0.16016    0.56874    0.63373    0.39713    0.57001    0.89286    0.14067    0.73900    0.97052    0.68011    0.37970    0.64921    0.42547    0.91214    0.60046
   0.03571    0.46429    0.57233    0.69475    0.66966    0.14928    0.75527    0.79125    0.37829    0.57127    0.67857    0.15215    0.74010    0.96597    0.67694    0.38842    0.66845    0.42951    0.91401    0.59795
   0.25000    0.60714    0.55230    0.69071    0.67086    0.33966    0.75042    0.65301    0.38166    0.57313    0.03571    0.14765    0.74127    0.96618    0.61801    0.37433    0.67842    0.42651    0.92106    0.60685
   0.75000    0.17857    0.52978    0.66892    0.67162    0.61361    0.64878    0.67992    0.38953    0.57071    0.17857    0.14627    0.73404    0.96535    0.67865    0.36710    0.66271    0.43015    0.89731    0.57023
   0.96429    0.67857    0.51910    0.71181    0.67381    0.24650    0.75488    0.64663    0.39023    0.56923    0.60714    0.14881    0.73636    0.96509    0.69769    0.38080    0.66410    0.43384    0.91282    0.47975
   0.89286    0.32143    0.67276    0.70411    0.67503    0.19506    0.73489    0.67640    0.41625    0.57108    0.46429    0.03590    0.74059    0.96707    0.67138    0.34729    0.65849    0.43601    0.91440    0.54962
   0.39286    0.82143    0.80275    0.71154    0.67763    0.54526    0.81226    0.71626    0.39652    0.57068    0.75000    0.15873    0.74111    0.96506    0.67537    0.37114    0.63972    0.44681    0.90006    0.56170
   0.46429    0.39286    0.63113    0.68575    0.67487    0.01091    0.81353    0.85518    0.38549    0.53571    1.00000    0.15774    0.73760    0.96533    0.69256    0.37995    0.66766    0.44328    0.91297    0.57510
   0.17857    0.53571    0.75617    0.71712    0.67552    0.39436    0.68055    0.74954    0.39170    0.60714    0.54261    0.14829    0.74704    0.96371    0.69564    0.41600    0.65067    0.44748    0.90405    0.55881
   0.32143    0.25000    0.73197    0.70158    0.67205    0.37991    0.69469    0.63652    0.38991    0.32143    0.68395    0.14540    0.73535    0.96352    0.71287    0.67374    0.63821    0.44762    0.91789    0.58009
   0.84690    0.96429    0.72081    0.69707    0.67328    0.36522    0.75584    0.65637    0.39377    0.25000    0.50181    0.14415    0.75162    0.96568    0.77053    0.44030    0.64756    0.44971    0.89440    0.55945
   0.55230    0.10714    0.78875    0.69386    0.82143    0.40406    0.77342    0.62478    0.38526    0.89286    0.51360    0.18292    0.76145    0.96696    0.76519    0.48819    0.57777    0.44853    0.91907    0.54294
   0.57648    0.88681    0.73063    0.69905    0.67857    0.39706    0.74990    0.64206    0.38688    0.96429    0.38854    0.19414    0.75333    0.96557    0.72463    0.49996    0.67781    0.44127    0.90552    0.57589
   0.63052    0.63530    0.72645    0.68169    0.39286    0.42201    0.76829    0.65887    0.38994    0.17857    0.00000    0.15787    0.76050    0.96635    0.71306    0.46427    0.67225    0.45758    0.90270    0.58802
   0.46901    0.69446    0.63095    0.69329    0.89286    0.43865    0.78318    0.67272    0.38937    0.82143    0.38792    0.16502    0.75423    0.96796    0.66570    0.48841    0.66173    0.46220    0.89487    0.57699
   0.74481    0.68853    0.75884    0.68649    0.96429    0.37869    0.79489    0.64692    0.39115    0.03571    0.35933    0.15465    0.76229    0.96804    0.72347    0.51192    0.66276    0.46130    0.90450    0.55733
   0.57188    0.74388    0.69681    0.70230    0.25000    0.42566    0.77355    0.66175    0.38635    0.10714    0.34439    0.15908    0.75648    0.39286    0.71976    0.47717    0.65946    0.44728    0.89597    0.56775
   0.56966    0.59267    0.72110    0.69156    0.46429    0.75562    0.80903    0.66224    0.38965    0.75000    0.28456    0.16510    0.76093    0.25000    0.71663    0.52287    0.67954    0.45521    0.89117    0.56856
   0.58805    0.80604    0.70632    0.69627    0.53571    0.43694    0.80429    0.68057    0.38394    0.67857    0.29852    0.16619    0.77435    0.46429    0.69878    0.51652    0.66929    0.44380    0.91043    0.57456
   0.52789    0.65529    0.71454    0.70114    0.75000    0.01182    0.80445    0.68428    0.38049    0.39286    0.38743    0.17701    0.78393    0.03571    0.69077    0.48368    0.66705    0.45468    0.91221    0.54859
   0.64908    1.00000    0.67868    0.71310    0.03571    0.42502    0.82953    0.69319    0.37111    0.46429    0.43035    0.18368    0.76854    0.17857    0.71958    0.60288    0.66728    0.45327    0.88411    0.55741
   0.60273    0.93215    0.67119    0.71348    0.10714    0.38930    0.77493    0.66989    0.37782    0.99992    0.61936    0.16659    0.80174    0.89286    0.71817    0.42792    0.66967    0.45098    0.90214    0.53348
   0.63841    0.79146    0.68062    0.70962    0.60714    0.43904    0.79333    0.66303    0.39424    1.00000    0.45953    0.18007    0.77683    0.67857    0.70850    0.50135    0.67046    0.44396    0.87313    0.48212
   0.62108    0.72056    0.66712    0.70470    0.32143    0.40155    0.80178    0.68766    0.38536    0.73397    0.45834    0.09681    0.77394    0.32143    0.71074    0.49892    0.66313    0.45143    0.89035    0.53411
   0.62605    0.68299    0.67811    0.69917    0.17857    0.40118    0.85220    0.67722    0.37941    0.97240    0.42950    0.15889    0.76725    0.10714    0.71403    0.47584    0.67033    0.44502    0.89773    0.51379
   0.60041    0.86376    0.69332    0.70848    0.20807    0.40025    0.93709    0.68901    0.38604    1.00000    0.46060    0.17055    0.76444    0.82143    0.71259    0.50015    0.66460    0.45263    0.91129    0.54486
   0.60404    0.76811    0.67179    0.70587    0.72905    0.38738    0.82600    0.67505    0.38194    0.98496    0.50164    0.21813    0.76332    0.96429    0.69902    0.48524    0.66580    0.44830    0.88251    0.55097
   0.57663    0.83627    0.69001    0.70985    0.34608    0.37890    0.80505    0.68578    0.38023    1.00000    0.46952    0.15819    0.77095    0.53571    0.71036    0.51487    0.66159    0.44757    0.88864    0.53903
   0.62797    0.88210    0.64665    0.71421    0.31288    0.41497    0.81215    0.68792    0.37635    0.85710    0.47989    0.18497    0.77582    0.75000    0.71030    0.49811    0.66680    0.44722    0.86618    0.54594
   0.66433    0.78491    0.68648    0.71343    0.42699    0.32550    0.82087    0.68630    0.37345    1.00000    0.48562    0.19291    0.77146    0.60714    0.70313    0.50781    0.66617    0.44582    0.80084    0.54403
   0.72863    0.82770    0.68773    0.70913    0.51838    0.40443    0.79440    0.67860    0.37204    1.00000    0.50723    0.17060    0.77104    0.48536    0.69677    0.47546    0.82143    0.45060    0.81893    0.53584
   0.66862    0.84817    0.66004    0.70991    0.40312    0.41688    0.78463    0.68184    0.36863    1.00000    0.42182    0.17516    0.76816    0.47822    0.68885    0.48061    0.89286    0.44762    0.87392    0.53463
   0.65256    0.79933    0.68145    0.70210    0.47806    0.38555    0.79679    0.68040    0.36452    1.00000    0.41355    0.18956    0.76665    0.39998    0.68475    0.47988    0.25000    0.44613    0.85722    0.53724
   0.67450    0.84426    0.68778    0.70449    0.67434    0.39230    0.79601    0.68243    0.35757    1.00000    0.43138    0.17178    0.76924    0.33940    0.69299    0.50694    0.03571    0.44936    0.84256    0.53902
   0.61669    0.81500    0.68506    0.70902    0.71066    0.36468    0.76857    0.68303    0.36461    1.00000    0.45249    0.16618    0.76765    0.48617    0.69023    0.49013    0.46429    0.44788    0.85646    0.53397
   0.61409    0.91135    0.67893    0.70507    0.53846    0.41436    0.80858    0.68623    0.36729    1.00000    0.42749    0.17342    0.76805    0.43714    0.69821    0.48355    0.67857    0.44551    0.87956    0.53884
   0.63000    0.84283    0.67763    0.70555    0.58843    0.38772    0.76667    0.67251    0.36690    1.00000    0.46631    0.16827    0.76450    0.47860    0.70113    0.49096    0.60714    0.44994    0.87202    0.53800
   0.63195    0.82342    0.67538    0.69868    0.70003    0.39048    0.79518    0.67900    0.37114    1.00000    0.51751    0.17671    0.76680    0.42611    0.82143    0.49082    0.39286    0.96429    0.87832    0.53383
   0.69609    0.82512    0.68184    0.71151    0.76331    0.38891    0.77462    0.68274    0.36899    1.00000    0.43481    0.16892    0.76593    0.38275    0.60714    0.48696    0.32143    0.82143    0.86497    0.54034
   0.63677    0.93107    0.67182    0.70773    0.69908    0.41307    0.81772    0.67711    0.32143    1.00000    0.44715    0.17854    0.76911    0.65744    0.25000    0.48156    0.53571    0.60714    0.86778    0.53591
   0.65281    0.87005    0.67521    0.69655    1.00000    0.47149    0.81472    0.68076    0.39286    1.00000    0.42015    0.16952    0.76631    0.45606    0.46429    0.47132    0.96429    0.89286    0.86537    0.53346
   0.63618    0.91687    0.66809    0.68819    0.75300    0.40925    0.82948    0.68155    0.25000    1.00000    0.46718    0.60714    0.77247    0.45298    0.96429    0.49484    0.75000    0.75000    0.86273    0.52977
   0.62573    0.94558    0.68343    0.72106    0.79933    0.40826    0.78888    0.68165    0.89286    1.00000    0.45105    0.89286    0.76986    0.44120    0.10714    0.50509    0.10714    0.32143    0.86673    0.52580
   0.64102    0.81400    0.67873    0.70975    0.85620    0.40661    0.78582    0.67990    0.96429    1.00000    0.48497    0.46429    0.76412    0.47892    0.67857    0.47492    0.17857    0.46429    0.86691    0.53452
   0.62521    0.84478    0.67600    0.69357    0.80736    0.39223    0.83238    0.68457    0.53571    1.00000    0.47976    0.17857    0.76387    0.50776    0.32143    0.48449    0.95522    0.53571    0.86246    0.53333
   0.64810    0.84067    0.66969    0.70974    0.80883    0.41603    0.78366    0.46429    0.17857    1.00000    0.47135    0.03571    0.32143    0.59859    0.89286    0.49737    1.00000    0.67857    0.87154    0.53504
   0.54073    0.85428    0.68503    0.03571    0.26561    0.40298    0.78288    0.60714    0.82143    1.00000    0.53106    0.67857    0.89286    0.54570    0.03571    0.49468    1.00000    0.25000    0.86348    0.52980
   0.61716    0.91352    0.68086    0.82143    0.69753    0.41103    0.79817    0.96429    0.46429    1.00000    0.49255    0.25000    0.39286    0.51266    0.53571    0.48781    0.78919    0.10714    0.86056    0.53726
   0.60197    0.66176    0.67442    0.75000    0.75514    0.38554    0.78678    0.32143    0.03571    1.00000    0.54030    0.75000    0.82143    0.53943    0.75000    0.47678    0.92064    0.39286    0.86452    0.53591
   0.63338    0.84046    0.67260    0.10714    0.69126    0.39465    0.85145    0.17857    0.10714    1.00000    0.51496    0.32143    0.25000    0.50231    0.39286    0.46294    0.90453    0.17857    0.86656    0.53463
   0.62593    0.81295    0.68209    0.60714    0.70701    0.39753    0.76441    0.89286    0.75000    1.00000    0.50759    0.96429    0.96429    0.57181    0.17857    0.46722    0.68173    0.03571    0.87073    0.52724
   0.64542    0.84370    0.68220    0.53571    0.68590    0.41477    0.77777    0.25000    0.60714    1.00000    0.48073    0.82143    0.46429    0.51414    0.97466    0.49851    0.60027    1.00000    0.86508    0.51817
   0.62837    0.85006    0.68352    0.67857    0.80936    0.38650    0.77851    0.75000    0.67857    0.99948    0.53717    0.53571    0.53571    0.51863    0.61907    0.49234    0.57577    1.00000    0.86868    0.52467
   0.61509    0.81409    0.67891    0.32143    0.78185    0.41167    0.76013    0.10714    0.00065    0.99697    0.51043    0.10714    0.03571    0.48431    1.00000    0.48941    0.61992    1.00000    0.86066    0.52366
   0.62048    0.86529    0.68406    0.46429    0.79741    0.39727    0.79712    0.82143    0.76248    1.00000    0.52089    0.39286    0.75000    0.71242    1.00000    0.47113    0.62577    0.97158    0.85712    0.52427
   0.62700    0.85315    0.68145    0.39286    0.69693    0.39705    0.79263    0.67857    0.58360    0.97984    0.48207    0.56181    0.17857    0.59869    1.00000    0.53571    0.62913    0.88672    0.85612    0.52595
   0.62759    0.87385    0.67983    0.89286    0.76084    0.38454    0.78259    0.03571    0.21417    0.98233    0.50553    0.70515    0.60714    0.00114    0.95483    0.67857    0.62914    1.00000    0.96429    0.51881
   0.61647    0.84949    0.67905    0.25000    0.74600    0.36905    0.78593    0.39286    0.44608    0.95128    0.49007    0.22848    0.10714    0.58454    1.00000    0.25000    0.61549    0.94038    0.17857    0.52618
   0.61768    0.86944    0.67692    0.17857    0.83463    0.38818    0.77714    0.53571    0.41595    0.87394    0.50514    0.53558    0.67857    0.57312    0.89072    0.03571    0.60383    0.89238    0.32143    0.52201
   0.59868    0.87462    0.67878    0.96429    0.79239    0.39406    0.77939    0.34180    0.44841    0.77132    0.51092    0.52929    0.09031    0.59076    0.80070    0.89286    0.73924    0.90452    0.60714    0.52264
   0.53155    0.85857    0.68196    1.00000    0.75320    0.40114    0.77837    0.16619    0.47841    0.80623    0.50046    0.61207    0.35100    0.54843    0.81843    0.82143    0.76144    0.98290    0.25000    0.52179
   0.58679    0.86584    0.67952    0.75557    0.80297    0.34570    0.77805    0.43324    0.47307    0.90914    0.52939    0.61997    0.40108    0.62470    0.71719    0.60714    0.75482    0.93076    0.10714    0.53119
   0.56314    0.83208    0.67835    0.67686    0.80332    0.38511    0.78363    0.50257    0.49324    0.83552    0.50948    0.61776    0.37658    0.59033    0.84663    0.39286    0.91867    0.90793    0.53571    0.57384
   0.61546    0.83892    0.68178    0.90573    0.74625    0.37608    0.77999    0.46710    0.46893    0.95902    0.50602    0.61228    0.25319    0.66658    0.80278    0.17857    0.73817    1.00000    0.46429    0.50053
   0.60818    0.86742    0.46429    0.78213    0.76958    0.38622    0.78101    0.46329    0.51426    0.90171    0.48981    0.62626    0.40618    0.64185    0.81192    0.10714    0.75595    1.00000    0.89286    0.52185
   0.57980    0.79397    0.10714    0.59837    0.73683    0.39068    0.78300    0.50606    0.47299    0.87909    0.50339    0.54040    0.42691    0.62841    0.89408    0.96429    0.70289    1.00000    0.75000    0.52159
   0.57147    0.85686    0.25000    0.58803    0.75826    0.39452    0.77909    0.53315    0.48000    0.87340    0.50873    0.63553    0.34090    0.76429    0.85772    0.75000    0.71334    0.98176    0.39286    0.54456
   0.62004    0.86034    0.32143    0.61736    0.79232    0.39147    0.77940    0.46572    0.51221    0.93461    0.50338    0.65500    0.76104    0.94029    0.92230    0.32143    0.75212    1.00000    0.67857    0.53599
   0.60844    0.85760    0.17857    0.59827    0.79558    0.39723    0.77730    0.65204    0.50623    0.88011    0.51556    0.66974    0.40089    0.68949    0.89914    0.46429    0.70826    1.00000    0.82143    0.55184
   0.59547    0.84853    0.03571    0.61152    0.81177    0.39580    0.78625    0.57977    0.51006    0.88380    0.49211    0.66668    0.55066    0.74907    1.00000    0.00000    0.78433    1.00000    0.03571    0.52992
   0.60313    0.84866    0.39286    0.59053    0.85949    0.39398    0.39286    0.63702    0.51909    0.87533    0.50032    0.64277    0.54187    0.82583    0.95807    0.40597    0.76614    1.00000    0.59561    0.53828
   0.59829    0.83086    0.60714    0.63847    0.85445    0.39876    0.67857    0.56706    0.52683    0.87331    0.50209    0.69629    0.73585    0.71594    1.00000    0.27244    0.73307    1.00000    0.44945    0.54787
   0.61033    0.83433    0.96429    0.68845    0.81393    0.38938    0.53571    0.61022    0.48398    0.88140    0.49709    0.61787    0.48100    0.74192    0.91415    0.00000    0.79621    0.88487    0.82461    0.53851
   0.60235    0.83371    0.82143    0.68706    0.84223    0.38690    0.03571    0.58865    0.49464    0.88419    0.51179    0.58378    0.48192    0.75578    0.88535    0.00000    0.75230    1.00000    0.51159    0.54500
   0.61063    0.84183    0.67857    0.62832    0.79553    0.37592    0.25000    0.55681    0.46885    0.87785    0.49871    0.59296    0.53465    0.79051    0.88522    0.56536    1.00000    1.00000    0.54450    0.55062
   0.60219    0.84351    0.75000    0.60287    0.81437    0.35070    0.10714    0.55724    0.49850    0.88050    0.51348    0.59516    0.68930    0.73423    0.91013    1.00000    0.76116    0.65460    0.53562    0.56402
   0.60766    0.84008    0.89286    0.63701    0.85210    0.38581    0.17857    0.49884    0.46223    0.88292    0.51846    0.58531    0.54945    0.70446    0.87953    0.81541    0.76130    0.40387    0.66026    0.51790
   0.62172    0.83454    0.53571    0.57431    0.79426    0.37305    0.82143    0.65380    0.49977    0.87209    0.51509    0.62765    0.53807    0.67048    0.90609    0.81931    0.76437    0.48500    0.35975    0.89286
   0.60745    0.84993    0.00000    0.62114    0.81317    0.36722    0.89286    0.50290    0.49149    0.87740    0.52357    0.60301    0.52113    0.63052    0.90589    0.75853    0.78223    0.52567    0.96584    0.67857
   0.60437    0.84479    0.00000    0.62181    0.81442    0.36216    0.75000    0.76440    0.54949    0.88024    0.51487    0.63354    0.54252    0.63581    0.94772    0.72756    0.80235    0.69621    0.76699    0.39286
   0.61099    0.85359    0.00000    0.65899    0.83740    0.36882    0.96429    0.47316    0.48154    0.87834    0.50780    0.58922    0.59498    0.64113    0.87992    0.82634    0.78539    0.50731    0.61691    0.53571
   0.60522    0.84652    0.05458    0.63168    0.78815    0.36617    0.46429    0.53369    0.44668    0.87685    0.51359    0.62442    0.51850    0.64995    0.90625    0.93848    0.79203    0.65722    0.60384    0.17857
   0.61317    0.84249    0.00000    0.64619    0.79924    0.36444    0.32143    0.49528    0.47829    0.87769    0.50879    0.60675    0.55621    0.64291    0.91861    1.00000    0.84832    0.63430    0.52509    0.03571
   0.60828    0.84464    0.02213    0.63804    0.82611    0.35672    0.60714    0.45798    0.47847    0.82143    0.51148    0.64342    0.62049    0.64238    0.89940    1.00000    0.80144    0.58921    0.63251    0.75000
   0.60629    0.84118    0.00000    0.63843    0.80705    0.36610    0.93092    0.26833    0.48235    0.60714    0.51746    0.68306    0.54744    0.61544    0.90079    0.94010    0.79072    0.58678    0.48629    0.25000
   0.60934    0.84362    0.00000    0.67063    0.81636    0.36946    0.46843    0.55466    0.45041    0.03571    0.51744    0.65188    0.58865    0.63132    0.89189    0.88411    0.79763    0.52788    0.49089    0.96429
   0.60769    0.84913    0.05753    0.67227    0.83073    0.36634    0.74240    0.56586    0.47146    0.32143    0.52022    0.65732    0.58865    0.59375    0.95682    1.00000    0.81044    0.57591    0.45364    0.82143
   0.60824    0.84027    0.00000    0.63658    0.78159    0.35097    0.67273    0.57014    0.47553    0.53571    0.51602    0.85302    0.56514    0.56747    0.89589    0.80725    0.78548    0.58720    0.49910    0.46429
   0.60788    0.84500    0.00000    0.65083    0.80034    0.34747    0.72712    0.55645    0.51348    0.89286    0.51924    0.64598    0.56230    0.62777    0.89636    0.83767    0.77287    0.56978    0.32126    0.60714
   0.61335    0.84099    0.00000    0.63887    0.81120    0.33945    1.00000    0.67712    0.48382    0.75000    0.51852    0.70405    0.57722    0.67055    0.90077    0.92028    0.78130    0.57692    0.32541    0.32143
   0.60401    0.83894    0.00000    0.65729    0.82237    0.35292    0.63816    0.88036    0.46073    0.25000    0.82143    0.67681    0.56867    0.62202    0.90222    0.86325    0.77804    0.53390    0.34681    0.10714
   0.60613    0.84857    0.00000    0.63695    0.81310    0.35404    0.62013    0.54418    0.48896    0.10714    0.32143    0.73207    0.55810    0.60357    0.90162    0.91769    0.77605    0.45769    0.25579    0.47957
   0.60323    0.84691    0.07711    0.68266    0.80988    0.33483    0.61344    0.73871    0.47482    0.46429    0.75000    0.66684    0.56401    0.63216    0.90883    0.85792    0.78216    0.53897    0.34296    0.36476
   0.60382    0.84325    0.00000    0.66624    0.81902    0.36234    0.59687    0.83724    0.50357    0.67857    0.89286    0.65873    0.58337    0.62305    0.89364    0.94250    0.78200    0.52565    0.42994    0.42743
   0.60141    0.85017    0.00000    0.67174    0.80202    0.32978    0.87660    0.75025    0.48720    0.96429    0.46429    0.68763    0.58328    0.62686    0.88427    0.90416    0.78180    0.52898    0.16179    0.41956
   0.60395    0.67857    0.00000    0.67678    0.80291    0.34888    0.47924    0.73478    0.49372    0.39286    0.03571    0.64725    0.58458    0.63134    0.88404    0.91979    0.77764    0.53633    0.33100    0.45955
   0.59670    0.03571    0.00000    0.67753    0.80138    0.34964    0.61167    0.79390    0.50587    0.17857    0.39286    0.64351    0.56564    0.61992    0.88882    0.89659    0.77862    0.52346    0.32526    0.40751
   0.59472    0.75000    0.00000    0.70251    0.81227    0.35399    0.56536    0.71741    0.50383    0.73318    0.60714    0.69444    0.56432    0.61751    0.89995    0.94801    0.77793    0.50095    0.33780    0.42279
   0.59567    0.89286    0.00000    0.65359    0.80541    0.35329    0.59706    0.81525    0.49312    0.10342    0.96429    0.71521    0.58855    0.60882    0.89562    0.93716    0.78097    0.51100    0.31347    0.36906
   0.59602    0.17857    0.00000    0.68101    0.79964    0.34937    0.57902    0.80000    0.47626    0.72520    0.53571    0.68866    0.57736    0.62293    0.90270    0.93944    0.78394    0.51231    0.34593    0.36341
   0.59474    0.39286    0.00000    0.69097    0.80527    0.36091    0.63318    0.81909    0.49579    0.48525    0.10714    0.67415    0.55442    0.64495    0.90817    0.94377    0.78618    0.52016    0.36984    0.34624
   0.59755    0.53571    0.00639    0.69096    0.80782    0.34925    0.58482    0.76144    0.50026    0.57640    0.25000    0.70938    0.55926    0.66913    0.90556    0.93400    0.78375    0.48948    0.34357    0.42492
   0.59009    0.46429    0.00000    0.70727    0.80507    0.35006    0.55687    0.84370    0.48878    0.52556    0.67857    0.69587    0.54556    0.64670    0.89613    0.91588    0.78232    0.53536    0.32938    0.37361
   0.59684    0.60714    0.00000    0.69686    0.80656    0.34543    0.53814    0.84716    0.48783    0.54060    0.17857    0.70540    0.53462    0.65321    0.89504    0.92357    0.77727    0.53464    0.33358    0.32193
   0.39286    0.82143    0.00000    0.69448    0.80594    0.34177    0.56648    0.77976    0.49971    0.56341    0.00000    0.70865    0.54064    0.69484    0.90752    0.91864    0.77954    0.54216    0.31853    0.48030
   0.75000    0.10714    0.00000    0.74380    0.80243    0.32105    0.57020    0.75347    0.49756    0.55370    0.12806    0.69600    0.58184    0.66886    0.90055    0.92863    0.78088    0.53310    0.32715    0.65564
   0.67857    0.25000    0.00000    0.66778    0.80674    0.16559    0.54343    0.74572    0.50036    0.58333    0.22168    0.69906    0.59989    0.68108    0.89531    0.88852    0.77946    0.53809    0.32307    0.48336
   0.46429    0.96429    0.00000    0.68839    0.80115    0.31324    0.57105    0.81980    0.48905    0.60842    0.09044    0.71226    0.80676    0.64809    0.94035    0.92804    0.78170    0.54790    0.31613    0.52387
   0.17857    0.32143    0.00000    0.68375    0.79966    0.33195    0.54791    0.81858    0.49581    0.59561    0.00000    0.69429    0.58572    0.66502    0.95315    0.88769    0.77988    0.54422    0.32982    0.44254
   0.03571    1.00000    0.00000    0.69186    0.80404    0.29017    0.58709    0.79247    0.49512    0.57039    0.00000    0.69574    0.58622    0.66943    0.94398    0.83469    0.77822    0.52421    0.31525    0.76429
   0.10714    0.55582    0.00000    0.68194    0.80660    0.30673    0.55717    0.78193    0.49257    0.58596    0.19228    0.70343    0.62142    0.67868    0.93971    0.91433    0.78115    0.53181    0.33978    0.54085
   0.89286    0.63297    0.00000    0.68539    0.80425    0.30710    0.57949    0.81474    0.49625    0.59918    0.17682    0.69844    0.87336    0.67479    0.93376    0.92479    0.77939    0.53747    0.31655    0.56143
   0.96429    0.80302    0.00000    0.68196    0.80284    0.31504    0.60258    0.80242    0.49381    0.54873    0.20492    0.70760    0.57229    0.68706    0.93578    0.91717    0.78095    0.54013    0.33035    0.51417
   0.82143    0.54340    0.00000    0.68350    0.80342    0.26667    0.55380    0.81043    0.49649    0.55693    0.13072    0.70646    0.60115    0.67582    0.94598    0.92530    0.77872    0.54571    0.32315    0.93778
   0.53571    0.76146    0.00000    0.68031    0.80339    0.25000    0.54623    0.84525    0.49036    0.52741    0.31503    0.70073    0.58036    0.69798    0.93026    0.92068    0.77967    0.53773    0.32923    0.80203
   0.32143    0.75925    0.00088    0.68676    0.80045    0.67857    0.58671    0.79483    0.49315    0.59492    0.12680    0.70073    0.60939    0.67896    0.93619    0.91850    0.96429    0.53293    0.32554    0.69086
   0.25000    0.65502    0.00000    0.68487    0.80601    0.53571    0.53678    0.79498    0.49335    0.60130    0.09374    0.70266    0.58980    0.67903    0.92817    0.91282    0.10714    0.53547    0.33014    1.00000
   0.60714    0.61500    0.00660    0.68453    0.82143    0.89286    0.59093    0.79039    0.49262    0.62155    0.42445    0.69975    0.60067    0.68718    0.91781    0.89155    0.32143    0.53333    0.32106    0.88767
   0.41763    0.70181    0.00000    0.69136    0.46429    0.03571    0.55968    0.80145    0.48907    0.57839    0.17151    0.69153    0.60756    0.69865    0.86807    0.85283    0.25000    0.54130    0.31838    0.60309
   0.98692    0.42723    0.00000    0.68198    0.03571    0.17857    0.55595    0.79697    0.46429    0.55582    0.29952    0.70069    0.59722    0.67418    0.90090    0.88289    0.17857    0.53443    0.31694    0.73764
   0.26614    0.70396    0.00000    0.67868    0.67857    0.39286    0.54769    0.79053    0.39286    0.54465    0.10499    0.70055    0.61834    0.69359    0.89680    0.90263    0.60714    0.53938    0.31783    0.88088
   0.01438    0.42561    0.00000    0.68230    0.10714    0.60714    0.55243    0.78321    0.89286    0.38407    0.00000    0.69733    0.60942    0.70339    0.90821    0.88606    0.53571    0.53384    0.32080    1.00000
   0.28237    0.50040    0.00000    0.68235    0.75000    0.82143    0.54522    0.79034    0.32143    0.49740    0.09424    0.69603    0.62595    0.72641    0.90349    0.88009    0.46429    0.52810    0.31092    0.91934
   0.31917    0.51849    0.00000    0.69495    0.39286    0.96429    0.54756    0.78016    0.03571    0.49902    0.25297    0.69190    0.63719    0.69617    0.90359    0.91784    0.39286    0.53950    0.32156    0.77493
   0.36443    0.71458    0.00000    0.68542    0.60714    0.10714    0.53093    0.79588    0.75000    0.54067    0.19451    0.67560    0.62655    0.69427    0.90865    0.89482    0.82143    0.53151    0.31975    0.91496
   0.41659    0.76889    0.00000    0.68363    0.25000    0.46429    0.55468    0.79765    0.17857    0.45412    0.41387    0.68923    0.79363    0.66820    0.89368    0.90102    0.75000    0.53898    0.31939    0.88637
   0.45883    0.69307    0.00000    0.68617    0.89286    0.32143    0.61751    0.79662    0.82143    0.47389    0.40500    0.68782    0.69419    0.70538    0.88755    0.89059    0.67857    0.53912    0.32093    1.00000
   0.52121    0.71110    0.00000    0.68418    0.32143    0.75000    0.67779    0.79863    0.25000    0.24828    0.19712    0.69250    0.67130    0.70641    0.89348    0.89920    0.89286    0.53919    0.32034    0.93698
   0.50519    0.67259    0.00000    0.68604    0.96429    1.00000    0.63978    0.79695    0.96429    0.53303    0.32338    0.68322    0.70413    0.69978    0.89224    0.89848    0.03571    0.53223    0.31896    0.98134
   0.53403    0.67278    0.00000    0.68423    0.53571    0.63363    0.59710    0.79973    0.67857    0.45647    0.27690    0.69236    0.74955    0.70715    0.87805    0.91023    0.97661    0.53329    0.32150    0.91357
   0.43489    0.70860    0.00000    0.60714    0.17857    0.55947    0.61744    0.79819    0.10714    0.53477    0.28357    0.69025    0.68862    0.69228    0.90135    0.90090    0.99608    0.53674    0.32202    0.54935
   0.41573    0.72400    0.00000    0.32143    0.97517    0.67141    0.60240    0.79670    0.60714    0.49488    0.30697    0.69018    0.70297    0.70441    0.89458    0.89481    0.93084    0.53721    0.32119    0.84682
   0.40533    0.66609    0.00000    0.03571    0.83044    0.72526    0.59257    0.79735    0.53571    0.49637    0.33039    0.69130    0.72628    0.71686    0.89029    0.90088    1.00000    0.53672    0.75000    0.86771
   0.47827    0.68816    0.00000    0.75000    0.83949    0.65657    0.62361    0.79797    0.56237    0.47432    0.34899    0.69289    0.74207    0.74033    0.89897    0.89902    0.88532    0.53740    0.10714    0.89097
   0.49521    0.70605    0.00000    0.10714    0.83201    0.62612    0.63172    0.79820    1.00000    0.48769    0.47868    0.69306    0.71686    0.73680    0.89129    0.89171    1.00000    0.54218    0.46429    0.82524
   0.42595    0.59851    0.00000    0.82143    0.79583    0.64595    0.62063    0.79337    0.76258    0.50388    0.60966    0.69323    0.70736    0.72003    0.90393    0.89703    0.96262    0.54337    0.39286    0.87813
   0.45208    0.63349    0.00000    0.46429    0.80975    0.49212    0.64018    0.79218    0.82112    0.48716    0.63733    0.69298    0.70915    0.72408    0.89010    0.90196    0.83048    0.54873    0.03571    0.88950
   0.41804    0.65506    0.00000    0.53571    0.71136    0.77661    0.62881    0.79339    0.73640    0.50116    0.73013    0.69441    0.70732    0.72725    0.88859    0.90035    0.87313    0.53939    0.82143    0.87596
   0.45385    0.58463    0.00000    0.17857    0.68127    1.00000    0.62419    0.79351    0.86567    0.49521    0.62888    0.69274    0.70784    0.73042    0.88848    0.90097    0.84383    0.53961    0.32143    0.87559
   0.47529    0.55913    0.00000    0.89286    0.63814    0.63951    0.64443    0.79428    0.85750    0.48213    0.91809    0.69199    0.69833    0.32143    0.89353    0.90015    0.92433    0.54207    0.67857    0.92370
