   0.45833    0.70833    0.70833    0.29167    0.45833    0.62500    0.70833    0.87500    0.95833    0.29167    0.12500    0.70833    0.62500    0.29167    0.20833    0.95833    0.70833    0.95833    0.70833    0.20833
   0.79167    0.45833    0.95833    0.20833    0.87500    0.20833    0.54167    0.45833    0.79167    0.87500    0.79167    0.87500    0.45833    0.62500    0.87500    0.45833    0.45833    0.12500    0.62500    0.54167
   0.29167    0.62500    0.20833    0.12500    0.70833    0.12500    0.95833    0.20833    0.54167    0.79167    0.54167    0.04167    0.87500    0.04167    0.37500    0.70833    0.20833    0.54167    0.12500    0.62500
   0.62500    0.04167    0.87500    0.45833    0.04167    0.45833    0.79167    0.70833    0.87500    0.54167    0.70833    0.79167    0.04167    0.87500    0.45833    0.87500    0.12500    0.62500    0.04167    0.29167
   0.12500    0.79167    0.45833    0.62500    0.79167    0.70833    0.62500    0.04167    0.37500    0.95833    0.62500    0.45833    0.20833    0.20833    0.04167    0.62500    0.95833    0.70833    0.45833    0.12500
   0.95833    0.12500    0.37500    0.95833    0.62500    0.95833    0.87500    0.62500    0.29167    0.62500    0.04167    0.37500    0.70833    0.45833    0.29167    0.20833    0.37500    0.20833    0.79167    0.95833
   0.04167    0.87500    0.62500    0.04167    0.37500    0.04167    0.12500    0.37500    0.70833    0.37500    0.95833    0.62500    0.29167    0.54167    0.70833    0.79167    0.62500    0.79167    0.20833    0.04167
   0.87500    0.20833    0.54167    0.37500    0.20833    0.29167    0.37500    0.95833    0.62500    0.04167    0.37500    0.54167    0.79167    0.79167    0.95833    0.37500    0.04167    0.29167    0.54167    0.87500
   0.37500    0.95833    0.12500    0.54167    0.95833    0.54167    0.20833    0.29167    0.12500    0.45833    0.29167    0.20833    0.95833    0.12500    0.54167    0.12500    0.87500    0.37500    0.95833    0.70833
   0.70833    0.37500    0.79167    0.87500    0.29167    0.87500    0.04167    0.79167    0.45833    0.20833    0.45833    0.95833    0.12500    0.95833    0.62500    0.29167    0.79167    0.45833    0.87500    0.37500
   0.20833    0.54167    0.04167    0.79167    0.12500    0.79167    0.45833    0.54167    0.20833    0.12500    0.20833    0.12500    0.54167    0.37500    0.12500    0.54167    0.54167    0.87500    0.37500    0.45833
   0.54167    0.29167    0.29167    0.70833    0.54167    0.37500    0.29167    0.12500    0.04167    0.70833    0.87500    0.29167    0.37500    0.70833    0.79167    0.04167    0.29167    0.04167    0.29167    0.79167
   0.05245    0.00000    0.59970    0.08616    0.78365    0.08680    0.00000    0.93081    1.00000    0.01986    0.00000    0.79308    1.00000    0.84355    0.62722    0.27013    0.00000    0.08279    0.00000    0.09505
   0.00000    0.00000    0.14290    0.00000    1.00000    0.47963    0.00000    0.43788    1.00000    0.36364    0.00000    0.75723    0.77148    0.42163    0.50789    0.18617    0.08498    0.40008    0.00000    0.54171
   0.65624    0.09923    0.37931    0.18399    1.00000    0.58802    0.12789    0.64442    0.85279    0.27685    0.00000    0.71939    0.85123    0.60514    0.99526    0.49615    0.04011    0.41889    0.15308    0.41276
   0.15612    0.03831    0.00000    0.23865    0.75874    0.50857    0.00000    0.60859    0.76611    0.36526    0.00000    0.59329    0.77255    0.61971    0.54703    0.40115    0.20672    0.47767    0.08851    0.74222
   0.34527    0.00000    0.53158    0.00000    0.80472    0.42313    0.08448    0.62014    0.92060    0.30907    0.00000    0.79358    1.00000    0.64703    0.57263    0.61470    0.22507    0.58649    0.00000    0.47491
   0.26135    0.00000    0.38744    0.13835    0.72673    0.59652    0.10361    0.60871    0.88190    0.37427    0.00000    0.73740    0.63444    0.60462    0.63534    0.43788    0.20328    0.74708    0.12328    0.48029
   0.15840    0.18973    0.54739    0.09687    0.32783    0.48803    0.08717    0.62705    0.98421    0.23391    0.04855    0.79024    0.88068    0.54433    0.66618    0.46136    0.26501    0.61793    0.09526    0.55973
   0.21627    0.00190    0.58771    0.01076    0.81736    0.47905    0.03220    0.66274    0.68568    0.27930    0.00000    0.67255    0.83381    0.64307    0.70954    0.53449    0.25659    0.71473    0.10027    0.50395
   0.29635    0.00000    0.60264    0.17386    0.68328    0.56926    0.36315    0.63144    0.86571    0.27648    0.01617    0.70926    0.81526    0.62363    0.61705    0.93650    0.19062    0.62564    0.16810    0.55860
   0.28757    0.00000    0.52719    0.00000    0.55328    0.48760    0.18502    0.63723    0.87204    0.31986    0.00000    0.70499    0.77613    0.62100    0.57136    0.36712    0.17740    0.65349    0.14498    0.55040
   0.33045    0.00000    0.54601    0.07465    0.66192    0.49049    0.01904    0.60023    0.85553    0.35144    0.03201    0.70459    0.78112    0.60926    0.64024    0.38206    0.25017    0.57008    0.25819    0.46399
   0.27267    0.00000    0.53707    0.04294    0.57677    0.49412    0.04516    0.54007    0.81947    0.42067    0.00000    0.70389    0.78025    0.59073    0.23365    0.40809    0.22517    0.69430    0.13753    0.51874
   0.29941    0.02078    0.53077    0.00250    0.65527    0.51137    0.04846    0.50710    0.79613    0.50973    0.00000    0.69366    0.75849    0.58756    0.44417    0.39652    0.16273    0.55274    0.12465    0.53457
   0.22593    0.14901    0.50889    0.00000    0.60276    0.49260    0.00000    0.51346    0.68205    0.41485    0.00000    0.72479    0.74726    0.60886    0.43711    0.41350    0.19747    0.62326    0.15180    0.55829
   0.19125    0.20660    0.50669    0.00000    0.60895    0.50375    0.07393    0.38753    0.68763    0.44248    0.13059    0.69300    0.72058    0.63179    0.48122    0.51752    0.21488    0.56755    0.13646    0.60276
   0.35283    0.00000    0.52234    0.09654    0.59237    0.50076    0.00000    0.27883    0.62980    0.33896    0.25972    0.66235    0.74976    0.49113    0.50831    0.53987    0.22500    0.44980    0.14944    0.68294
   0.27754    0.09109    0.46922    0.06221    0.48562    0.50792    0.03712    0.34118    0.74267    0.46506    0.14273    0.44296    0.72123    0.50658    0.49116    0.45904    0.21110    0.56385    0.13858    0.61617
   0.23968    0.00000    0.50882    0.09290    0.62814    0.49210    0.03722    0.46289    0.67863    0.51721    0.06850    0.70619    0.73541    0.31752    0.49378    0.55546    0.20879    0.63042    0.14829    0.61020
   0.31641    0.08071    0.53010    0.08232    0.60727    0.51144    0.05523    0.42033    0.57164    0.98286    0.03762    0.65276    0.71349    0.45244    0.46624    0.34370    0.20650    0.50743    0.14506    0.62057
   0.32945    0.05487    0.47917    0.05476    0.59614    0.50309    0.06207    0.45816    0.40594    0.55121    0.06153    0.66303    0.68551    0.50859    0.46731    0.46069    0.20787    0.55456    0.11469    0.56914
   0.23495    0.03622    0.46726    0.08890    0.60454    0.52941    0.03782    0.43991    0.62193    0.52107    0.00000    0.63784    0.48950    0.55836    0.45610    0.47794    0.18158    0.57355    0.14137    0.60490
   0.40470    0.13313    0.41406    0.07890    0.61389    0.50080    0.06789    0.44065    0.56432    0.48924    0.02301    0.68277    0.63421    0.51033    0.43971    0.48449    0.14901    0.53213    0.13408    0.58760
   0.35815    0.11075    0.00000    0.13630    0.59429    0.48443    0.05343    0.60583    0.59412    0.50724    0.10032    0.68233    0.36083    0.52433    0.42959    0.47285    0.18464    0.52243    0.15458    0.56114
   0.36858    0.17032    0.35156    0.11638    0.58676    0.49761    0.04993    0.40325    0.58501    0.51178    0.00000    0.65024    0.40000    0.52505    0.43750    0.51498    0.19699    0.53713    0.13153    0.56928
   0.45020    0.08784    0.37739    0.11334    0.58657    0.50509    0.05142    0.40314    0.57571    0.50425    0.01004    0.68413    0.33379    0.49885    0.45563    0.41282    0.22758    0.54015    0.06341    0.67147
   0.41122    0.10493    0.40015    0.09481    0.56796    0.46500    0.05416    0.30172    0.57643    0.53831    0.02128    0.62075    0.05134    0.50703    0.44634    0.42733    0.00000    0.56614    0.03185    0.68288
   0.41959    0.10842    0.28915    0.10337    0.58251    0.46895    0.05748    0.37890    0.58358    0.53523    0.00848    0.41876    0.33525    0.51244    0.43822    0.46493    0.40448    0.52779    0.12509    0.56377
   0.52770    0.13057    0.37350    0.12444    0.56877    0.39357    0.04650    0.34731    0.59240    0.56537    0.01200    0.28926    0.37180    0.51298    0.46914    0.43884    0.05914    0.55049    0.77503    0.57916
   0.68913    0.14865    0.41376    0.09164    0.58477    0.43679    0.06165    0.31213    0.60589    0.55063    0.00000    0.48204    0.24626    0.52538    0.43903    0.44529    0.24854    0.52595    0.07394    0.54647
   0.57224    0.22279    0.42417    0.10011    0.58621    0.42741    0.05706    0.36804    0.65928    0.53314    0.00903    0.44713    0.42651    0.49040    0.43765    0.43724    0.17895    0.53729    0.00000    0.55774
   0.66579    0.31207    0.42590    0.08757    0.56964    0.43650    0.05615    0.37886    0.61876    0.53021    0.00955    0.46422    0.32750    0.53349    0.44754    0.46895    0.24491    0.51610    0.02062    0.51797
   0.64360    0.23393    0.43496    0.10346    0.60503    0.49195    0.06520    0.40378    0.60728    0.52531    0.01619    0.43942    0.29001    0.52582    0.43587    0.45449    0.22982    0.51491    0.07666    0.56905
   0.67421    0.22596    0.45221    0.08465    0.53919    0.40906    0.12566    0.39554    0.60720    0.54737    0.00000    0.45680    0.34977    0.50965    0.41980    0.45343    0.21016    0.45751    0.00000    0.57250
   0.68270    0.21333    0.46788    0.09052    0.53775    0.41988    0.08470    0.40477    0.57236    0.54885    0.00459    0.44140    0.00000    0.51977    0.43439    0.46438    0.26071    0.49328    0.00000    0.56500
   0.61238    0.20418    0.45289    0.09362    0.54998    0.43804    0.06658    0.38469    0.58238    0.53789    0.00000    0.39847    0.32691    0.50449    0.43363    0.44632    0.29229    0.52517    0.09689    0.56929
   0.79692    0.21945    0.43699    0.08953    0.55894    0.31230    0.05746    0.41441    0.59205    0.54581    0.00000    0.40659    0.28191    0.51746    0.43206    0.41951    0.54336    0.46571    0.07791    0.60056
   0.61092    0.17376    0.45315    0.09031    0.43117    0.41237    0.06816    0.39435    0.59412    0.52848    0.02115    0.30049    0.35751    0.49680    0.46004    0.44333    0.31684    0.51019    0.05473    0.57323
   0.62859    0.23926    0.67941    0.09176    0.54116    0.29608    0.06957    0.40201    0.56822    0.53075    0.00828    0.41554    0.31421    0.50282    0.43967    0.42645    0.32605    0.46946    0.00000    0.56172
   0.63316    0.20283    0.50636    0.87500    0.53187    0.43422    0.06862    0.40045    0.59779    0.55123    0.00622    0.40880    0.33848    0.50228    0.44079    0.43153    0.30536    0.17488    0.07392    0.57278
   0.59519    0.35603    0.44999    0.45833    0.54630    0.43138    0.05986    0.38641    0.72400    0.56753    0.00528    0.41494    0.35966    0.51143    0.17063    0.44905    0.28409    0.45218    0.10038    0.56014
   0.59742    0.22814    0.43586    0.95833    0.54398    0.43522    0.09567    0.41480    0.57554    0.55944    0.00952    0.40227    0.34489    0.50807    0.22123    0.44345    0.32720    0.50609    0.07055    0.56460
   0.65236    0.16888    0.44054    0.37500    0.53632    0.44925    0.07613    0.39443    0.56685    0.56652    0.00000    0.39486    0.33542    0.50800    0.93419    0.45530    0.29584    0.46949    0.10555    0.56872
   0.66862    0.14380    0.47600    0.29167    0.52752    0.44509    0.06757    0.41633    0.57498    0.57756    0.00092    0.41630    0.31418    0.50709    0.46213    0.45825    0.53749    0.47541    0.10893    0.62500
   0.60302    0.19210    0.45761    0.79167    0.54219    0.44321    0.07457    0.40510    0.56270    0.58573    0.01358    0.40209    0.31144    0.50871    0.12702    0.46038    0.26526    0.46725    0.13252    0.29167
   0.62051    0.21580    0.49099    0.20833    0.53329    0.45311    0.07276    0.38938    0.55058    0.61076    0.01307    0.40312    0.32174    0.50908    0.44773    0.45514    0.30039    0.46732    0.07082    0.87500
   0.59577    0.22845    0.44327    0.70833    0.52596    0.43593    0.06928    0.39424    0.57124    0.54209    0.00691    0.40079    0.29732    0.50567    0.44869    0.44639    0.30318    0.46032    0.08531    0.54167
   0.59604    0.20260    0.43693    0.62500    0.50963    0.44947    0.07114    0.40816    0.58577    0.00774    0.00369    0.40126    0.28507    0.50988    0.42747    0.44028    0.28331    0.38972    0.06339    0.20833
   0.59326    0.24139    0.43634    0.04167    0.46202    0.44714    0.07313    0.38978    0.59700    0.47259    0.00742    0.39907    0.25524    0.50482    0.42446    0.44752    0.31670    0.28456    0.06518    0.95833
   0.59836    0.22455    0.45400    0.54167    0.11531    0.44178    0.07111    0.39258    0.50502    0.45641    0.00446    0.39736    0.31955    0.50864    0.42309    0.44436    0.28429    0.41063    0.08325    0.04167
   0.58527    0.17688    0.44151    0.12500    0.38657    0.44435    0.07079    0.38737    0.55412    0.36651    0.54167    0.39887    0.30039    0.50754    0.43002    0.44525    0.28351    0.36243    0.07110    0.79167
   0.59476    0.21352    0.47029    1.00000    0.32564    0.44296    0.07276    0.39346    0.49798    0.41419    0.20833    0.39448    0.28117    0.50948    0.42401    0.44271    0.28727    0.37396    0.06958    0.45833
   0.54884    0.17827    0.45179    0.54910    0.35742    0.44073    0.07101    0.38392    0.50562    0.37192    0.12500    0.39669    0.31005    0.51016    0.45298    0.44923    0.28709    0.35816    0.06681    0.12500
   0.56962    0.22514    0.44979    0.87180    0.37887    0.44822    0.54167    0.38332    0.51442    0.29866    0.95833    0.38799    0.29968    0.50999    0.43898    0.44377    0.28833    0.35888    0.06669    0.70833
   0.53218    0.22028    0.43245    0.77146    0.36015    0.43317    0.37500    0.38410    0.70710    0.42650    0.29167    0.37867    0.32290    0.50704    0.43295    0.44553    0.28186    0.35292    0.07033    0.37500
   0.48243    0.22073    0.43263    0.83914    0.22242    0.44047    0.04167    0.38466    0.47906    0.28296    0.37500    0.38926    0.31609    0.50944    0.43562    0.44080    0.27574    0.37019    0.05156    0.00000
   0.55845    0.25701    0.44703    0.64976    0.38219    0.43507    0.79167    0.54167    0.52425    0.34485    0.62500    0.37237    0.29855    0.87500    0.43925    0.44053    0.27404    0.29431    0.08444    0.00000
   0.50892    0.26054    0.43762    0.72837    0.30925    0.43885    0.12500    0.29167    0.49545    0.35521    0.70833    0.37138    0.27858    0.54167    0.43643    0.43897    0.28860    0.37912    0.06609    0.14104
   0.51936    0.24389    0.44427    0.71380    0.34156    0.43791    0.70833    0.12500    0.54435    0.34560    0.04167    0.37507    0.28181    0.70833    0.44624    0.43709    0.28711    0.38015    0.07198    0.25762
   0.52618    0.22988    0.45936    0.68294    0.31614    0.43289    0.29167    0.04167    0.53569    0.34052    0.87500    0.37868    0.26978    0.04167    0.43282    0.43789    0.28849    0.38242    0.07682    0.18115
   0.51140    0.26023    0.45294    0.67893    0.34236    0.44157    0.87500    0.20833    0.50893    0.33488    0.79167    0.37486    0.30318    0.20833    0.43858    0.43514    0.28071    0.37928    0.08269    0.21301
   0.54351    0.25410    0.44303    0.68155    0.27019    0.44598    0.20833    0.37500    0.49330    0.38886    0.45833    0.37971    0.28992    0.37500    0.43884    0.79167    0.28179    0.39890    0.07204    0.28892
   0.54295    0.25929    0.44358    0.60513    0.28940    0.43671    0.95833    0.62500    0.50973    0.32924    0.30042    0.38161    0.29091    0.62500    0.43192    0.62500    0.29048    0.36520    0.07344    0.22164
   0.49778    0.24819    0.44838    0.50210    0.31675    0.44090    0.62500    0.79167    0.51330    0.35743    0.91514    0.38116    0.25513    0.79167    0.44066    0.45833    0.28706    0.37672    0.07837    0.27235
   0.43982    0.25574    0.44401    0.49039    0.29484    0.43790    0.45833    0.95833    0.50924    0.34784    0.59254    0.37849    0.27819    0.95833    0.43777    0.12500    0.28586    0.37274    0.07131    0.33164
   0.19725    0.24796    0.43673    0.45741    0.31088    0.43741    0.14740    0.87500    0.52535    0.38078    0.80236    0.37064    0.24731    0.29167    0.44065    0.04167    0.29167    0.38342    0.06991    0.30466
   0.40918    0.28471    0.44554    0.50001    0.29688    0.43516    0.19802    0.70833    0.49755    0.35610    0.48665    0.36574    0.28539    0.45833    0.43371    0.29167    0.95833    0.36786    0.07224    0.31870
   0.39551    0.35489    0.43997    0.47421    0.27907    0.43879    0.44122    0.45833    0.50739    0.38854    0.60698    0.36732    0.26535    0.12500    0.43693    0.70833    0.87500    0.36699    0.06889    0.32202
   0.43289    0.29430    0.43585    0.50192    0.28454    0.43857    0.45078    0.80440    0.49573    0.42445    0.57913    0.37213    0.27519    0.00000    0.43818    0.95833    0.54167    0.36857    0.06971    0.30846
   0.41163    0.27864    0.44152    0.33855    0.27502    0.44042    0.49704    0.66616    0.49319    0.37232    0.43998    0.36617    0.27013    0.00000    0.44019    0.87500    0.79167    0.37216    0.07181    0.23460
   0.35532    0.29460    0.44738    0.53367    0.27491    0.43938    0.66500    0.68515    0.51054    0.41579    0.67471    0.33633    0.25703    0.00000    0.44111    0.54167    0.37500    0.36124    0.07200    0.35312
   0.37271    0.27707    0.44135    0.45738    0.30308    0.44044    0.57764    0.72298    0.49241    0.42836    0.62501    0.45833    0.26213    0.00000    0.44249    0.37500    0.62500    0.38131    0.06951    0.27353
   0.35554    0.31117    0.44422    0.60805    0.27684    0.44170    0.66363    0.60513    0.46775    0.52597    0.59081    0.20833    0.28192    0.00000    0.44295    0.20833    0.20833    0.37330    0.07139    0.30028
   0.39627    0.30112    0.12500    0.61820    0.12500    0.79167    0.59590    0.63947    0.40013    0.38776    0.63185    0.62500    0.28064    0.00000    0.44130    0.00000    0.45833    0.37095    0.07860    0.32652
   0.38032    0.27766    0.37500    0.64569    0.29167    0.45833    0.57674    0.77155    0.48141    0.36803    0.60235    0.87500    0.30116    0.00000    0.20833    0.19138    0.12500    0.36647    0.07261    0.32628
   0.39037    0.28009    0.70833    0.53608    0.45833    0.12500    0.50141    0.52504    0.45774    0.35706    0.62313    0.95833    0.29656    0.09269    0.62500    0.07990    0.04167    0.36791    0.07059    0.29126
   0.37409    0.28294    0.04167    0.57960    0.37500    0.95833    0.55022    0.70318    0.44813    0.41962    0.64213    0.29167    0.29132    0.00000    0.87500    0.00000    0.70833    0.37327    0.07353    0.33757
   0.39871    0.28805    0.45833    0.59659    0.95833    0.62500    0.52144    0.69365    0.43930    0.39868    0.71091    0.70833    0.29476    0.00000    0.04167    0.11469    1.00000    0.37057    0.07454    0.31680
   0.39380    0.27290    0.79167    0.50014    0.20833    0.29167    0.53251    0.65868    0.43015    0.37576    0.56936    0.04167    0.28894    0.00000    0.70833    0.12390    0.84400    0.37085    0.07679    0.30510
   0.36070    0.27691    0.20833    0.60519    0.79167    0.70833    0.50724    0.65686    0.42533    0.32337    0.54986    0.12500    0.28950    0.00000    0.54167    0.08744    0.75556    0.36845    0.07553    0.29383
   0.35847    0.28439    0.54167    0.57945    0.04167    0.37500    0.53383    0.67383    0.41373    0.34277    0.58540    0.37500    0.28367    0.25405    0.45833    0.00000    0.76101    0.36916    0.08265    0.31702
   0.35292    0.27733    0.95833    0.53290    0.62500    0.04167    0.53781    0.65647    0.43514    0.35043    0.53456    0.79167    0.28984    0.14040    0.29167    0.00000    0.95379    0.36793    0.07510    0.33140
   0.36124    0.27321    0.29167    0.52357    0.54167    0.87500    0.56213    0.61958    0.41832    0.33713    0.43399    0.54167    0.28965    0.04012    0.95833    0.03446    0.72819    0.37061    0.70833    0.29444
   0.39630    0.27678    0.62500    0.57411    0.70833    0.54167    0.53379    0.66401    0.27907    0.31531    0.56172    0.24263    0.28689    0.00000    0.12500    0.02806    0.70925    0.36835    0.54167    0.31452
   0.33144    0.28137    0.87500    0.52709    0.87500    0.20833    0.54590    0.56090    0.39466    0.28957    0.50075    0.48839    0.29094    0.08697    0.37500    0.11045    0.72789    0.79167    0.95833    0.29228
   0.40095    0.28023    1.00000    0.55000    0.49402    0.00000    0.52842    0.57530    0.38813    0.35418    0.51849    0.56270    0.30985    0.02926    0.79167    0.06901    0.72372    0.29167    0.12500    0.29053
   0.38970    0.54167    0.71119    0.55084    0.32478    0.51378    0.54115    0.56262    0.39189    0.35668    0.42681    0.54400    0.32942    0.18848    0.00000    0.00000    0.70399    0.54167    0.20833    0.29828
   0.37474    0.37500    0.69921    0.52754    0.23273    0.20242    0.52257    0.62428    0.40815    0.29650    0.31338    0.63093    0.30323    0.09559    0.00000    0.04788    0.64371    0.12500    0.37500    0.48301
   0.34401    0.12500    0.57740    0.51754    0.42355    0.18456    0.56254    0.61700    0.40284    0.34785    0.47555    0.59442    0.30855    0.19305    0.00000    0.06229    0.60312    0.37500    0.62500    0.33172
   0.34834    0.70833    0.23108    0.50842    0.43111    0.27155    0.58935    0.53787    0.38966    0.32223    0.37560    0.62061    0.29480    0.08943    0.00000    0.07598    0.61734    0.95833    0.79167    0.34584
   0.38306    0.04167    0.00637    0.44895    0.41515    0.31435    0.55746    0.50230    0.38153    0.30372    0.47950    0.68393    0.29819    0.15876    0.00000    0.06526    0.59576    0.04167    0.87500    0.28034
   0.38612    0.79167    0.28044    0.16221    0.36978    0.24744    0.58415    0.44407    0.38056    0.31520    0.41412    0.58124    0.29758    0.09726    0.00000    0.04531    0.68186    0.62500    0.04167    0.32533
   0.34311    0.20833    0.29996    0.83574    0.37919    0.28816    0.58514    0.53113    0.38397    0.29744    0.36744    0.43216    0.30110    0.09481    0.05948    0.05671    0.70754    0.87500    0.45833    0.33920
   0.37276    0.95833    0.00000    0.50326    0.38649    0.33963    0.61299    0.12787    0.39193    0.31731    0.48224    0.52806    0.30012    0.01216    0.00000    0.07970    0.64341    0.45833    0.29167    0.46341
   0.36437    0.29167    0.06444    0.39091    0.38727    0.30014    0.60833    0.56072    0.39442    0.87500    0.43116    0.54037    0.29501    0.06720    0.00000    0.06453    0.65771    0.70833    0.36748    0.33326
   0.36041    0.87500    0.22467    0.39845    0.39085    0.34970    0.58179    0.62824    0.38693    0.04167    0.42812    0.51998    0.29565    0.07827    0.00000    0.05359    0.60991    0.20833    0.00000    0.30832
   0.35275    0.62500    0.22628    0.51413    0.38307    0.41800    0.60288    0.57914    0.70833    0.45833    0.44597    0.57798    0.29358    0.06900    0.00000    0.05069    0.52165    1.00000    0.35669    0.33055
   0.37959    0.45833    0.16850    0.45556    0.37821    0.47304    0.59425    0.57600    0.04167    0.29167    0.41083    0.53470    0.29409    0.08721    0.00000    0.06886    0.42422    0.75735    0.38931    0.30709
   0.32527    0.00000    0.19043    0.47970    0.36169    0.49630    0.59287    0.58199    0.62500    0.37500    0.44631    0.59364    0.29199    0.08162    0.00000    0.01302    0.60048    0.79892    0.36098    0.31085
   0.37444    0.31950    0.21626    0.46041    0.45393    0.51930    0.58643    0.54408    0.79167    0.79167    0.45386    0.57192    0.29435    0.07521    0.00000    0.04845    0.52139    0.75823    0.26718    0.29085
   0.37604    0.25999    0.14630    0.45086    0.42502    0.60326    0.56203    0.51842    0.54167    0.20833    0.45187    0.54694    0.29357    0.10380    0.00000    0.06362    0.46291    0.79257    0.33651    0.32872
   0.37008    0.19204    0.16948    0.47238    0.40195    0.56834    0.59299    0.51204    0.12500    0.62500    0.44215    0.52506    0.29785    0.14090    0.00000    0.05999    0.57139    0.64645    0.30898    0.30242
   0.37813    0.12309    0.22183    0.49779    0.37985    0.51464    0.57767    0.49918    0.87500    0.70833    0.42634    0.52304    0.70833    0.07757    0.00000    0.08066    0.56953    0.77571    0.38866    0.30449
   0.36863    0.00000    0.20667    0.46175    0.42684    0.47733    0.35422    0.48469    0.45833    0.54167    0.40161    0.56045    0.12500    0.09921    0.09740    0.05930    0.54996    0.72768    0.45639    0.30024
   0.37145    0.17738    0.22302    0.47521    0.36026    0.52616    0.57122    0.52551    0.20833    0.95833    0.37029    0.52305    0.04167    0.09905    0.00000    0.07833    0.56348    0.82790    0.40563    0.30112
   0.36586    0.21955    0.24639    0.47069    0.18061    0.48770    0.58647    0.50944    0.37500    0.12500    0.40372    0.56718    0.20833    0.09980    0.00000    0.06938    0.54178    0.73069    0.41031    0.30241
   0.37524    0.08354    0.36711    0.48202    0.00000    0.51957    0.55885    0.47138    0.95833    0.00000    0.44417    0.53456    0.62500    0.10208    0.00000    0.06436    0.55247    0.74051    0.42661    0.15604
   0.37265    0.11302    0.23550    0.50096    0.28589    0.52311    0.56915    0.48412    0.29167    0.40492    0.44452    0.60382    0.45833    0.10072    0.00000    0.08165    0.54875    0.75264    0.45748    0.31661
   0.36368    0.07084    0.27410    0.46012    0.20725    0.49819    0.58206    0.48931    0.68807    0.44236    0.44478    0.48914    0.54167    0.10437    0.00000    0.08109    0.59066    0.74491    0.41757    0.30935
   0.36183    0.07997    0.30624    0.47019    0.31350    0.48858    0.57045    0.42950    1.00000    0.56796    0.45086    0.50066    0.37500    0.09513    0.00000    0.07297    0.55387    0.76366    0.42092    0.27231
   0.36695    0.00000    0.29695    0.45225    0.24588    0.52222    0.57133    0.41972    0.68617    0.39199    0.44136    0.53070    0.79167    0.10118    0.00000    0.09347    0.56411    0.75064    0.42568    0.27570
   0.36388    0.08974    0.25333    0.45820    0.29660    0.53051    0.57154    0.46426    0.84677    0.42037    0.44117    0.51800    0.95833    0.04167    0.00000    0.07539    0.62918    0.73441    0.37787    0.26795
   0.36288    0.07042    0.27473    0.46361    0.20334    0.50337    0.56537    0.43273    0.68273    0.46238    0.44117    0.51825    0.87500    0.70833    0.00000    0.16541    0.56697    0.67656    0.41967    0.24579
   0.36420    0.00000    0.25357    0.45936    0.26426    0.52495    0.55781    0.44523    0.63007    0.46093    0.43185    0.52218    0.29167    0.37500    0.00000    0.07261    0.54438    0.60193    0.42904    0.28068
   0.36513    0.08953    0.26374    0.46536    0.21154    0.49299    0.55498    0.43350    0.52360    0.46623    0.45174    0.30763    1.00000    0.20833    0.00000    0.07349    0.57413    0.69369    0.41498    0.27840
   0.36836    0.13478    0.24949    0.46161    0.13166    0.52057    0.56130    0.46245    0.60748    0.48337    0.44363    0.52522    0.69893    0.87500    0.00000    0.09804    0.53441    0.51439    0.44479    0.28082
   0.36522    0.10629    0.24513    0.45335    0.22568    0.52234    0.55897    0.41977    0.59143    0.35043    0.44587    0.55203    0.72098    0.45833    0.00000    0.08634    0.52773    0.44117    0.45070    0.28356
   0.36131    0.12966    0.30750    0.41986    0.23404    0.49974    0.71602    0.36078    0.59980    0.39432    0.44529    0.53799    0.82687    0.54167    0.00000    0.10170    0.51694    0.53321    0.45307    0.27177
   0.87500    0.12024    0.29882    0.45228    0.26830    0.48555    0.13572    0.26431    0.57277    0.49458    0.44680    0.52390    0.58409    0.12500    0.00000    0.09405    0.54653    0.41958    0.45143    0.28766
   0.70833    0.17138    0.24531    0.43971    0.29073    0.46006    0.53756    0.35858    0.50835    0.43769    0.44377    0.54292    0.40451    0.79167    0.00000    0.08291    0.53732    0.57360    0.41422    0.27503
   0.37500    0.12495    0.25099    0.44239    0.27159    0.48563    0.51936    0.32542    0.52057    0.44291    0.44161    0.52454    0.44730    0.62500    0.00000    0.09016    0.53592    0.55599    0.34912    0.28110
   0.79167    0.17758    0.22062    0.44984    0.26278    0.50513    0.50080    0.36589    0.09309    0.37431    0.44462    0.50153    0.39600    0.29167    0.00000    0.08602    0.52875    0.54829    0.42504    0.27613
   0.95833    0.17755    0.22888    0.45311    0.20471    0.47033    0.51913    0.37883    0.42873    0.51045    0.44198    0.52583    0.38517    0.95833    0.00000    0.08789    0.53293    0.52653    0.42253    0.27918
   0.45833    0.13426    0.20015    0.44388    0.25987    0.49290    0.51252    0.38627    0.51221    0.40424    0.44319    0.53462    0.49855    0.34638    0.00000    0.08967    0.49033    0.53512    0.42598    0.27770
   0.54167    0.15624    0.20591    0.44271    0.28484    0.49144    0.51085    0.38031    0.50385    0.34311    0.44196    0.52300    0.51867    0.27551    0.00000    0.09086    0.48554    0.52928    0.42633    0.28383
   0.04167    0.04255    0.20183    0.44563    0.30563    0.49364    0.47668    0.34393    0.51746    0.37661    0.44203    0.52457    0.50539    0.29279    0.00000    0.08683    0.45146    0.55174    0.40635    0.20833
   0.20833    0.14065    0.21457    0.44093    0.28453    0.48084    0.50905    0.36398    0.51343    0.52571    0.29167    0.51405    0.51307    0.22722    0.00136    0.08893    0.42285    0.55263    0.40487    0.95833
   0.62500    0.11569    0.21551    0.44753    0.29317    0.50055    0.47945    0.39419    0.52514    0.32881    0.79167    0.51777    0.55714    0.31987    0.00352    0.08625    0.49765    0.54168    0.39754    0.29167
   0.29167    0.15296    0.19112    0.44032    0.29578    0.49291    0.50043    0.36139    0.46145    0.49471    0.45833    0.50378    0.61349    0.33095    0.00000    0.08671    0.45777    0.55302    0.36438    0.87500
   0.12500    0.09741    0.22424    0.44192    0.27400    0.48250    0.49515    0.37552    0.47517    0.39840    0.37500    0.50722    0.55552    0.12086    0.00000    0.08640    0.38751    0.55719    0.40439    0.37500
   1.00000    0.10507    0.22464    0.44128    0.29226    0.48527    0.42102    0.37854    0.50303    0.45471    0.87500    0.51060    0.53897    0.23523    0.05905    0.08678    0.40290    0.60702    0.37240    0.54167
   0.90759    0.09360    0.19777    0.44353    0.33503    0.48101    0.53635    0.37301    0.53280    0.44734    0.95833    0.51038    0.58214    0.26356    0.00000    0.79167    0.43939    0.55317    0.40395    0.45833
   0.90810    0.00000    0.22581    0.44430    0.28344    0.47915    0.49296    0.37431    0.49153    0.43594    0.04167    0.51279    0.58504    0.22444    0.00000    0.45833    0.42855    0.56186    0.39864    0.62500
   0.80834    0.10299    0.22752    0.44606    0.28208    0.48381    0.21697    0.37372    0.47468    0.43609    0.12500    0.51580    0.54389    0.27725    0.01513    0.87500    0.36294    0.57656    0.40943    0.12500
   1.00000    0.09309    0.20528    0.54167    0.28009    0.48128    0.41530    0.36680    0.51191    0.46073    0.62500    0.49346    0.52867    0.25196    0.00000    0.70833    0.41343    0.56586    0.38620    0.70833
   0.37575    0.09728    0.21168    0.20833    0.28178    0.48129    0.62682    0.36411    0.48695    0.43481    0.54167    0.47652    0.55032    0.00000    0.00000    0.95833    0.37745    0.54983    0.39573    0.04167
   0.65424    0.11694    0.21309    0.62500    0.27886    0.48046    0.46768    0.37868    0.50220    0.43012    0.20833    0.44915    0.54338    0.18425    0.00000    0.37500    0.19408    0.56927    0.40479    0.79167
   0.62194    0.10533    0.21950    0.29167    0.28005    0.48206    0.51322    0.37096    0.51217    0.44036    0.70833    0.47362    0.51755    0.01027    0.00000    0.62500    0.41316    0.54449    0.39765    1.00000
   0.61876    0.09661    0.20754    0.87500    0.27811    0.47706    0.47677    0.36797    0.49015    0.42673    0.00000    0.47000    0.45028    0.16893    0.00000    0.04167    0.37603    0.55466    0.39728    0.86086
   0.65647    0.10497    0.21236    0.95833    0.27973    0.47515    0.45981    0.36775    0.50520    0.44413    0.43142    0.46849    0.44428    0.25123    0.00529    0.29167    0.40826    0.53563    0.39860    0.66772
   0.71725    0.10632    0.21499    0.04167    0.27932    0.47426    0.48273    0.36414    0.50331    0.45789    0.00000    0.43542    0.45881    0.09971    0.00000    0.12500    0.37441    0.54862    0.39945    0.44700
   0.52191    0.09959    0.21565    0.12500    0.27956    0.47338    0.47025    0.36961    0.48090    0.43465    0.34583    0.37611    0.41809    0.26169    0.02146    0.54167    0.38171    0.52818    0.40202    0.27030
   0.60596    0.08119    0.21176    0.70833    0.28014    0.47279    0.44658    0.36642    0.47621    0.41873    0.32379    0.25210    0.43153    0.21796    0.02265    0.20833    0.30301    0.51767    0.40142    0.68449
   0.60741    0.07516    0.22430    0.37500    0.70833    0.47140    0.43476    0.36292    0.39038    0.42289    0.28251    0.37307    0.44633    0.22281    0.02105    0.77511    0.36907    0.48419    0.40717    0.53010
   0.65966    0.08642    0.20461    0.79167    0.79167    0.46872    0.41425    0.34470    0.45996    0.43190    0.39235    0.36508    0.42167    0.20503    0.01383    0.50255    0.39507    0.46351    0.40055    0.48664
   0.62484    0.08471    0.23040    0.45833    0.04167    0.46622    0.48371    0.36717    0.47436    0.42268    0.32100    0.37611    0.00000    0.20606    0.01693    0.68167    0.37066    0.38099    0.39476    0.51240
   0.57395    0.09329    0.22693    0.30241    0.12500    0.46768    0.43339    0.36576    0.46196    0.43137    0.49505    0.36535    0.43663    0.21409    0.01838    0.67489    0.38012    0.04238    0.39461    0.44858
   0.64529    0.08184    0.22648    0.07107    0.37500    0.47421    0.49418    0.36427    0.45037    0.40878    0.50907    0.35669    0.48426    0.22945    0.45833    0.68655    0.38004    0.37017    0.39777    0.42406
   0.65119    0.09542    0.23231    0.21341    0.45833    0.46946    0.12500    0.36390    0.48668    0.37633    0.43753    0.34860    0.45351    0.20904    0.29167    0.78359    0.36310    0.37844    0.39179    0.44704
   0.67762    0.08637    0.25164    0.18166    0.54167    0.47052    0.45833    0.62500    0.40323    0.40408    0.58299    0.35498    0.45018    0.19328    0.20833    0.69304    0.32801    0.39182    0.39437    0.47972
   0.61866    0.08669    0.28215    0.13425    0.62500    0.46997    0.62500    0.20833    0.31497    0.41011    0.65298    0.37526    0.42660    0.17958    0.04167    0.58574    0.35498    0.36516    0.39124    0.44831
   0.53880    0.08812    0.34044    0.20261    0.87500    0.47129    0.95833    0.29167    0.40963    0.40932    0.49877    0.36816    0.44510    0.18843    0.87500    0.69821    0.35928    0.30419    0.38757    0.46506
   0.20015    0.08699    0.27845    0.13323    0.95833    0.47226    0.29167    0.45833    0.39296    0.45006    0.55978    0.36148    0.47653    0.19096    0.62500    0.66723    0.35680    0.36791    0.38859    0.44567
   0.63043    0.08482    0.26945    0.00541    0.20833    0.46902    0.20833    0.04167    0.40349    0.42240    0.54838    0.36105    0.46691    0.19828    0.37500    0.64647    0.31543    0.34687    0.38874    0.45889
   0.52491    0.08573    0.29359    0.12775    0.29167    0.46995    0.79167    0.12500    0.34806    0.42579    0.87495    0.36421    0.44476    0.19063    0.12500    0.63570    0.32716    0.35981    0.39095    0.44414
   0.66766    0.08975    0.28911    0.12951    0.00000    0.46801    0.70833    0.87500    0.17756    0.43496    0.53827    0.36872    0.41751    0.18309    0.95833    0.64821    0.33037    0.38275    0.39149    0.46418
   0.63961    0.08146    0.29636    0.12614    0.00000    0.46622    0.04167    0.95833    0.39142    0.40301    0.58959    0.36310    0.45318    0.17043    0.79167    0.62949    0.28431    0.30868    0.39310    0.48611
   0.58537    0.08395    0.28789    0.10279    0.00000    0.46330    0.37500    0.54167    0.37069    0.40663    0.63474    0.36562    0.42416    0.17849    0.70833    0.61391    0.23387    0.36025    0.39369    0.45106
   0.56386    0.08661    0.29007    0.15040    0.08263    0.45347    0.54167    0.70833    0.36576    0.41251    0.69758    0.37343    0.43116    0.19925    0.54167    0.63372    0.28142    0.35795    0.39080    0.45985
   0.59194    0.08492    0.29577    0.20606    0.12626    0.41710    0.87500    0.79167    0.35924    0.39054    0.59524    0.36832    0.46082    0.17971    0.00000    0.63465    0.27574    0.35566    0.39070    0.45075
   0.57505    0.08869    0.28416    0.55480    0.07244    0.45069    0.04509    0.37500    0.36197    0.40228    0.68153    0.37247    0.40948    0.18567    0.36542    0.63355    0.27261    0.17983    0.95833    0.45272
   0.54485    0.08688    0.29580    0.16256    0.09273    0.44385    0.61976    1.00000    0.36316    0.40030    0.62374    0.38001    0.43460    0.17873    0.22292    0.62440    0.27672    0.34110    0.29167    0.44351
   0.50440    0.08639    0.28587    0.19693    0.05686    0.43763    0.56512    0.79861    0.36433    0.39419    0.70357    0.38435    0.43712    0.18661    0.33644    0.61684    0.12500    0.42989    0.37500    0.43706
   0.45179    0.08530    0.28914    0.15667    0.01837    0.42001    0.48169    0.45637    0.36238    0.36994    0.62083    0.36656    0.44202    0.15056    0.38972    0.29621    0.20833    0.34785    0.12500    0.38671
   0.47361    0.79167    0.29056    0.21888    0.06138    0.43145    0.37812    0.69374    0.36924    0.37979    0.63098    0.36528    0.42650    0.18114    0.40455    0.61585    0.04167    0.36837    0.45833    0.42978
   0.47338    0.62500    0.28795    0.21947    0.24419    0.43384    0.61375    0.58056    0.36825    0.31343    0.55683    0.36928    0.43118    0.18982    0.39285    0.62673    0.62500    0.34750    0.79167    0.43557
   0.49882    0.54167    0.28608    0.24195    0.13367    0.43842    0.63556    0.67840    0.35876    0.37139    0.51785    0.36868    0.44206    0.18691    0.38037    0.61044    0.70833    0.38803    0.20833    0.41935
   0.48430    0.04167    0.28909    0.22053    0.00000    0.43893    0.57478    0.59883    0.35991    0.37064    0.40686    0.36751    0.42456    0.18051    0.30228    0.59250    0.54167    0.41100    0.54167    0.33784
   0.49543    0.70833    0.37500    0.17859    0.00000    0.12500    0.66507    0.59452    0.36445    0.37796    0.54276    0.36374    0.43414    0.18023    0.31062    0.66033    0.45833    0.35962    0.87500    0.43148
   0.50101    0.87500    0.45833    0.17891    0.02399    0.04167    0.53690    0.59576    0.36841    0.36261    0.56648    0.36835    0.44385    0.18922    0.34587    0.57488    0.29167    0.35983    0.62500    0.43361
   0.51433    0.12500    0.95833    0.18128    0.04219    0.37500    0.54218    0.58252    0.36152    0.25079    0.49805    0.70833    0.44139    0.17805    0.01972    0.53863    0.37500    0.37463    0.70833    0.44199
   0.46722    0.29167    0.29167    0.23299    0.00000    0.45833    0.56122    0.59695    0.34897    0.34764    0.50352    0.95833    0.43301    0.17613    0.19805    0.06911    0.95833    0.36556    0.04167    0.44445
   0.51246    0.95833    0.79167    0.01237    0.00000    0.29167    0.54247    0.61918    0.36311    0.35268    0.53227    0.12500    0.42768    0.17947    0.25094    0.42629    0.79167    0.36406    0.00000    0.43399
   0.49036    0.45833    0.87500    0.24509    0.00000    0.20833    0.55380    0.59321    0.36374    0.34351    0.46938    0.45833    0.43212    0.18341    0.26479    0.47346    0.87500    0.35891    0.27171    0.43713
   0.51558    0.37500    0.12500    0.18295    0.00000    0.79167    0.57764    0.59445    0.36350    0.36796    0.52056    0.37500    0.43667    0.18081    0.37863    0.10387    0.00000    0.37700    0.42440    0.43380
   0.50741    0.20833    0.20833    0.24562    0.00000    0.70833    0.56520    0.57755    0.36670    0.87500    0.47268    0.79167    0.43072    0.17824    0.12948    0.45943    0.00000    0.37250    0.28198    0.43819
   0.49371    0.71734    0.70833    0.51688    0.00000    0.54167    0.57679    0.27187    0.36442    0.04167    0.56271    0.20833    0.44091    0.18105    0.21274    0.45644    0.11654    0.37327    0.17578    0.44365
   0.49175    0.61572    0.04167    0.32300    0.00000    0.62500    0.89305    0.51975    0.36266    0.29167    0.52181    0.62500    0.43956    0.17960    0.00000    1.00000    0.00000    0.36851    0.21519    0.44265
   0.47524    0.82109    0.54167    0.36779    0.00000    0.95833    0.60765    0.41458    0.36351    0.79167    0.49889    0.54167    0.44209    0.17739    0.25022    0.49883    0.01896    0.37000    0.24336    0.43762
   0.47451    0.71294    0.62500    0.37744    0.00000    0.87500    0.56501    0.35436    0.36466    0.54167    0.50944    0.87500    0.44134    0.17877    0.17225    0.07103    0.00000    0.37335    0.19360    0.43988
   0.51952    0.77267    0.93105    0.76404    0.00175    0.01834    0.60646    0.42646    0.36402    0.37500    0.51139    0.04167    0.12500    0.18044    0.20443    0.44410    0.13109    0.36135    0.21126    0.43908
   0.51546    0.73457    0.83819    0.44912    0.00000    0.05749    0.53728    0.39038    0.36434    0.62500    0.52255    0.29167    0.04167    0.17887    0.22445    0.48189    0.00000    0.37801    0.17938    0.43997
   0.47905    0.66373    0.06583    0.34051    0.00055    0.06177    0.58214    0.41325    0.36483    0.45833    0.52960    0.17538    0.62500    0.12500    0.20571    0.44117    0.00000    0.36253    0.26303    0.43951
   0.50333    0.70758    0.50635    0.42065    0.00000    0.17999    0.57571    0.35911    0.36580    0.20833    0.51832    0.67647    0.29167    0.79167    0.09060    0.45609    0.00000    0.36480    0.19378    0.43810
   0.47175    0.69398    0.39151    0.39624    0.00000    0.15028    0.54438    0.45703    0.36221    0.70833    0.52795    0.40126    0.79167    0.37500    0.15995    0.49469    0.00000    0.36687    0.28982    0.37500
   0.48721    0.69816    0.28322    0.37623    0.00000    0.36216    0.56559    0.41789    0.36349    0.95833    0.51201    0.00000    0.45833    0.04167    0.24825    0.42446    0.00000    0.36935    0.37557    0.29167
   0.45618    0.71230    0.35189    0.44646    0.00022    0.19305    0.50315    0.37110    0.87500    0.12500    0.50673    0.34451    0.54167    0.45833    0.16935    0.43969    0.00000    0.36443    0.49843    0.20833
   0.24068    0.69707    0.37808    0.42783    0.00000    0.23952    0.53586    0.39529    0.29167    0.30507    0.51763    0.28841    0.20833    0.70833    0.12837    0.41866    0.00000    0.37519    0.54240    0.45833
   0.41781    0.64502    0.38003    0.40656    0.00000    0.23878    0.53244    0.41931    0.37500    0.48158    0.51651    0.00000    0.70833    0.29167    0.12854    0.46527    0.05207    0.45833    0.59371    0.04167
   0.38234    0.61208    0.35579    0.35722    0.00000    0.23154    0.50050    0.41990    0.20833    0.58154    0.52624    0.20240    0.37500    0.54167    0.12137    0.44896    0.13761    0.62500    0.47688    0.12500
   0.43471    0.53778    0.37773    0.37932    0.00769    0.49537    0.26732    0.40638    0.45833    0.42285    0.53104    0.13717    0.95833    0.95833    0.11737    0.43953    0.07430    0.95833    0.47975    0.87500
   0.42263    0.49553    0.39211    0.38733    0.01340    0.20651    0.48852    0.39607    0.04167    0.00390    0.53652    0.00000    0.87500    0.62500    0.15476    0.43725    0.52027    0.29167    0.43841    0.95833
   0.42429    0.41833    0.35039    0.41045    0.00000    0.31214    0.37920    0.39872    0.95833    0.00000    0.51034    0.17842    0.00000    0.20833    0.12548    0.42084    0.10521    0.12500    0.45387    0.54167
   0.39176    0.20328    0.40483    0.37463    0.00000    0.22747    0.41842    0.39563    0.54167    0.00000    0.52433    0.00000    0.00000    0.87500    0.13317    0.43997    0.10006    0.79167    0.45550    0.79167
   0.38007    0.42432    0.40270    0.37772    0.00488    0.22581    0.32169    0.38802    0.79167    0.00000    0.50609    0.28346    0.17727    0.00000    0.13323    0.44636    0.14902    0.20833    0.47307    0.70833
   0.36527    0.44868    0.38859    0.38345    0.00000    0.28157    0.35158    0.39463    0.62500    0.00000    0.51957    0.23272    0.15530    0.16993    0.18470    0.43760    0.13529    0.87500    0.51824    0.62500
   0.35963    0.41918    0.40794    0.39201    0.07029    0.28544    0.33219    0.38511    0.70833    0.00000    0.52130    0.00528    0.14887    0.15064    0.15284    0.44593    0.08465    0.70833    0.48968    0.00000
   0.35250    0.38048    0.39284    0.39741    0.00312    0.39453    0.32895    0.36867    0.12500    0.00000    0.49405    0.16984    0.12690    0.18136    0.16217    0.44699    0.30417    0.04167    0.46678    0.01135
   0.37200    0.46467    0.39355    0.41962    0.00000    0.89183    0.34073    0.30653    1.00000    0.00000    0.50124    0.25337    0.07389    0.19459    0.15588    0.43533    0.11324    0.37500    0.48401    0.33838
   0.34963    0.36370    0.27938    0.38582    0.00000    0.45759    0.28375    0.37098    1.00000    0.00000    0.47703    0.10043    0.00000    0.11681    0.15486    0.45952    0.11002    0.54167    0.47647    0.45003
   0.36371    0.49550    0.43884    0.37884    0.00000    0.38563    0.38934    0.36703    0.64992    0.00000    0.49437    0.09313    0.00000    0.09969    0.17753    0.44569    0.12869    0.00000    0.49924    0.58983
   0.35543    0.00000    0.41395    0.38234    0.00000    0.00000    0.35336    0.36833    0.56202    0.00000    0.47691    0.22348    0.00000    0.00000    0.15556    0.43569    0.08298    0.00000    0.52426    0.38253
   0.35100    0.42294    0.39409    0.38610    0.00000    0.39209    0.38997    0.36516    0.51212    0.00000    0.47193    0.15373    0.00000    0.00000    0.21166    0.44245    0.08707    0.22874    0.51456    0.38157
   0.36960    0.41491    0.40857    0.38390    0.00000    0.37226    0.36738    0.36728    0.49370    0.00000    0.45788    0.00000    0.08407    0.00000    0.63469    0.44922    0.09060    0.21593    0.49221    0.42392
   0.36290    0.43930    0.40979    0.37720    0.00000    0.69133    0.35487    0.37208    0.43278    0.00000    0.47373    0.21594    0.00000    0.00000    0.30065    0.44179    0.09988    0.00000    0.49040    0.43378
   0.36296    0.42852    0.38322    0.37995    0.00164    0.44185    0.36400    0.36506    0.43059    0.06604    0.45349    0.13503    0.00000    0.00000    0.18747    0.44142    0.10258    0.00000    0.46084    0.48183
   0.35888    0.43471    0.03536    0.37735    0.00000    0.38603    0.36917    0.36084    0.37058    0.05560    0.49882    0.13468    0.03876    0.07547    0.19648    0.44614    0.13212    0.21803    0.47771    0.34036
   0.36931    0.40857    0.63482    0.38042    0.00350    0.37952    0.36925    0.36896    0.59447    0.13980    0.46505    0.08998    0.04073    0.10794    0.21483    0.44671    0.13253    0.00390    0.48905    0.54905
   0.37590    0.42069    0.34337    0.38126    0.00000    0.37659    0.36770    0.37083    0.44949    0.00000    0.44782    0.15525    0.00000    0.21337    0.16838    0.43911    0.09897    0.00000    0.46600    0.41253
   0.36795    0.42971    0.88960    0.37885    0.00195    0.40596    0.37317    0.37011    0.46748    0.04153    0.47208    0.05539    0.01634    0.19917    0.19903    0.44206    0.10481    0.00000    0.49761    0.25678
   0.36716    0.43632    0.42359    0.38042    0.00057    0.37107    0.37045    0.36364    0.42143    0.00000    0.45621    0.07062    0.00000    0.16918    0.22531    0.43700    0.09630    0.00000    0.51039    0.17248
   0.36287    0.41080    0.39803    0.37633    0.00172    0.38132    0.37485    0.36390    0.38717    0.00772    0.43737    0.12682    0.00000    0.28361    0.19004    0.44020    0.11321    0.00000    0.47641    0.32052
   0.36678    0.42059    0.41068    0.12500    0.00015    0.37283    0.36821    0.36446    0.22261    0.00000    0.24097    0.15562    0.00000    0.15438    0.20070    0.44188    0.08579    0.00000    0.46759    0.28241
   0.35966    0.29087    0.39851    0.20833    0.37500    0.33735    0.36940    0.36623    0.00000    0.00000    0.47115    0.13996    0.06210    0.18390    0.18869    0.43918    0.08256    0.00000    0.46236    0.23358
   0.36432    0.41250    0.40400    0.62500    0.29167    0.35093    0.36279    0.36236    0.30160    0.00000    0.47569    0.12493    0.11332    0.14334    0.18137    0.29167    0.08734    0.00000    0.47277    0.21373
   0.35669    0.37893    0.36910    0.04167    0.12500    0.38610    0.36526    0.35853    0.14710    0.00000    0.45590    0.15197    0.02164    0.22165    0.19782    0.62500    0.10651    0.00000    0.47174    0.30031
   0.37033    0.33535    0.39976    0.70833    0.45833    0.38669    0.36993    0.36217    0.23383    0.00000    0.44464    0.15619    0.00000    0.20723    0.18929    0.54167    0.09801    0.00000    0.47039    0.30405
   0.36830    0.35706    0.37122    0.54167    0.79167    0.38649    0.36489    0.36372    0.16890    0.00646    0.44825    0.16778    0.00000    0.18604    0.17805    0.87500    0.09968    0.00000    0.46179    0.26730
   0.36778    0.32680    0.37126    0.45833    0.95833    0.38357    0.35935    0.36341    0.21671    0.00000    0.44343    0.15256    0.00000    0.16102    0.18135    0.79167    0.09204    0.00000    0.45793    0.29299
   0.36902    0.34387    0.40274    0.29167    0.04167    0.36852    0.36314    0.36401    0.32226    0.00000    0.42268    0.15353    0.00000    0.10830    0.17136    0.04167    0.08596    0.00000    0.45462    0.22536
   0.36759    0.13633    0.36831    0.95833    0.20833    0.36928    0.36146    0.36610    0.28301    0.00000    0.44239    0.15059    0.02891    0.17132    0.17302    0.95833    0.08612    0.00000    0.44998    0.25038
   0.37121    0.29425    0.40164    0.37500    0.54167    0.37034    0.36377    0.36269    0.97438    0.00000    0.04167    0.14746    0.00000    0.15235    0.18481    0.20833    0.09671    0.00000    0.39240    0.20311
   0.37587    0.34710    0.39258    0.79167    0.87500    0.36409    0.38538    0.36264    0.21175    0.00000    0.79167    0.14309    0.00000    0.11458    0.18538    0.12500    0.08775    0.00000    0.45015    0.31582
   0.37319    0.33169    0.38892    0.87500    0.70833    0.37252    0.35827    0.36065    0.30499    0.00000    0.62500    0.14729    0.00000    0.14139    0.19739    0.45833    0.09369    0.00000    0.43453    0.22767
   0.37180    0.31690    0.37683    0.00000    0.62500    0.39356    0.36098    0.36076    0.23245    0.00000    0.12500    0.15537    0.00024    0.11989    0.19422    0.37500    0.08741    0.00000    0.38644    0.28434
   0.37361    0.33251    0.38066    0.00000    0.00000    0.35652    0.37058    0.45833    0.24351    0.00064    0.45833    0.14533    0.00000    0.11506    0.19647    0.70833    0.09153    0.00000    0.32281    0.25420
   0.37033    0.34463    0.40371    0.00000    0.00000    0.36815    0.36635    0.20833    0.26790    0.00000    0.70833    0.14753    0.00000    0.10027    0.17963    1.00000    0.08529    0.00000    0.40593    0.26090
   0.37246    0.31322    0.40000    0.00000    0.00000    0.36779    0.36454    0.37500    0.22717    0.00000    0.29167    0.16046    0.00040    0.12694    0.18219    0.84596    0.09051    0.00000    0.39416    0.22368
   0.37468    0.31159    0.36465    0.00000    0.08039    0.36916    0.36476    0.29167    0.25834    0.00000    0.54167    0.15058    0.00000    0.10757    0.18987    0.87602    0.08840    0.00187    0.38642    0.02061
   0.37339    0.30549    0.35838    0.00000    0.04247    0.37224    0.36350    0.12500    0.24208    0.00000    0.87500    0.14870    0.00000    0.11165    0.18926    0.98166    0.08659    0.00000    0.36715    0.22026
   0.37768    0.28893    0.36788    0.00000    0.06723    0.36598    0.36534    0.95833    0.26167    0.00000    0.37500    0.15152    0.00000    0.12046    0.17885    0.62669    0.09014    0.00000    0.38887    0.25625
   0.37201    0.27952    0.36687    0.11093    0.07841    0.36854    0.36613    0.04167    0.23864    0.00000    0.20833    0.14431    0.00000    0.10604    0.19018    0.73780    0.08550    0.00000    0.37068    0.20498
   0.37631    0.27894    0.36971    0.00000    0.07257    0.36524    0.12500    0.87500    0.23996    0.00000    0.95833    0.15928    0.00000    0.10177    0.18520    0.67901    0.08863    0.00000    0.39012    0.18246
   0.36354    0.29768    0.36919    0.02855    0.00000    0.36528    0.29167    0.70833    0.25640    0.00000    0.82261    0.16481    0.00000    0.10996    0.17891    0.72645    0.08495    0.00000    0.37270    0.24051
   0.35494    0.29164    0.37075    0.00000    0.00000    0.36820    0.95833    0.62500    0.26035    0.00000    0.69294    0.16466    0.45833    0.09186    0.18304    0.77343    0.08519    0.00000    0.37391    0.22878
   0.36315    0.29034    0.36212    0.00000    0.00000    0.36487    0.54167    0.79167    0.24697    0.00000    0.59316    0.16682    0.37500    0.11539    0.18669    0.74383    0.79167    0.00000    0.37192    0.21456
   0.35886    0.29575    0.45833    0.00000    0.00000    0.36397    0.62500    0.54167    0.25526    0.00000    0.57443    0.17061    0.29167    0.11767    0.17642    0.68510    0.95833    0.00000    0.38131    0.21344
   0.37416    0.28461    0.04167    0.00000    0.00000    0.36406    0.79167    0.56597    0.27539    0.01241    0.52560    0.17729    0.87500    0.09372    0.18852    0.71384    0.87500    0.00000    0.36741    0.20319
   0.36673    0.30194    0.70833    0.00000    0.00000    0.36545    0.20833    0.51016    0.45692    0.00000    0.62977    0.17662    0.20833    0.09171    0.18596    0.67071    0.70833    0.00000    0.37757    0.21749
   0.87500    0.29390    0.79167    0.00000    0.00000    0.36544    0.37500    0.36595    0.29398    0.00000    0.58001    0.16930    0.95833    0.08559    0.18326    0.64520    0.62500    0.00000    0.37247    0.22032
   0.45833    0.28654    0.12500    0.00000    0.00000    0.36280    0.45833    0.87585    0.29579    0.00000    0.50473    0.16862    0.04167    0.09174    0.18902    0.57687    0.45833    0.00000    0.36383    0.21904
   0.37500    0.26781    0.37500    0.00000    0.00000    0.36287    0.04167    0.54257    0.28684    0.00826    0.57543    0.16561    0.79167    0.09652    0.18429    0.56800    0.54167    0.00000    0.35089    0.22141
   0.70833    0.29237    0.62500    0.00000    0.00000    0.36014    0.70833    0.27736    0.28235    0.00000    0.53542    0.17570    0.12500    0.09752    0.18707    0.34336    0.37500    0.00000    0.36959    0.20968
   0.79167    0.28672    0.87500    0.00000    0.00000    0.35903    0.87500    0.19451    0.28313    0.00000    0.51238    0.17158    0.70833    0.09794    0.37500    0.70854    0.29167    0.00000    0.37580    0.21633
   0.04167    0.29188    0.20833    0.00000    0.00000    0.36451    0.49728    0.53336    0.26797    0.00000    0.53481    0.17265    0.62500    0.09201    0.70833    0.28773    0.12500    0.00000    0.37434    0.21462
   0.95833    0.27710    0.29167    0.00000    0.00000    0.36585    0.69280    0.51095    0.27745    0.00000    0.53415    0.17102    0.54167    0.09014    0.12500    0.28369    0.04167    0.00000    0.37188    0.21612
   0.20833    0.28044    0.95833    0.00000    0.00000    0.04167    0.53050    0.19465    0.29896    0.00000    0.57188    0.29167    0.32006    0.08697    0.04167    0.50053    0.20833    0.00000    0.37913    0.21525
   0.29167    0.28753    0.54167    0.00000    0.00000    0.20833    0.50287    0.00000    0.32063    0.00000    0.42500    0.95833    0.38851    0.09146    0.45833    0.57823    1.00000    0.00000    0.36185    0.21801
   0.62500    0.27409    0.00000    0.00000    0.00000    0.12500    0.46538    0.11499    0.27570    0.00000    0.39963    0.79167    0.42089    0.08484    0.20833    0.61716    1.00000    0.54167    0.36759    0.21920
   0.54167    0.26910    0.29558    0.00000    0.00000    0.37500    0.56589    0.29017    0.30274    0.00000    0.22536    0.62500    0.31008    0.09899    0.79167    0.57138    0.80993    0.62500    0.36503    0.20833
   0.12500    0.28083    0.00000    0.00000    0.00000    0.29167    0.57895    0.19443    0.29229    0.00511    0.64060    0.12500    0.33310    0.09450    0.54167    0.20394    0.89596    0.12500    0.20833    0.70833
   0.59811    0.27419    0.00000    0.00000    0.00000    0.54167    0.49535    0.13520    0.28229    0.00000    0.45608    0.54167    0.14098    0.09439    0.95833    0.35771    0.93205    0.79167    0.70833    0.12500
   0.82763    0.27489    0.00000    0.00000    0.00000    0.45833    0.48152    0.30750    0.32367    0.00000    0.40671    0.45833    0.38500    0.09714    0.87500    0.51753    0.79576    0.29167    0.45833    0.54167
   0.03336    0.28296    0.00000    0.00000    0.00086    0.70833    0.55791    0.48109    0.29648    0.00000    0.47081    0.87500    0.33047    0.09322    0.29167    0.53495    0.60122    0.95833    0.62500    0.95833
   0.35828    0.27669    0.00000    0.00000    0.00000    0.62500    0.53206    0.30839    0.29474    0.00000    0.47652    0.37500    0.37884    0.09383    0.62500    0.55675    0.73522    0.04167    0.87500    0.37500
   0.41594    0.27837    0.06412    0.00000    0.00000    0.87500    0.54722    0.36638    0.30278    0.00000    0.40145    0.20833    0.40306    0.09486    0.20975    0.57154    0.82645    0.70833    0.95833    0.62500
   0.44780    0.27551    0.00000    0.00000    0.01115    0.79167    0.54791    0.31540    0.30385    0.00000    0.45829    0.04167    0.36610    0.09393    0.13359    0.55268    0.79609    0.20833    0.04167    0.04167
   0.43859    0.27127    0.00000    0.04496    0.19383    0.95833    0.54581    0.23074    0.30746    0.00000    0.50745    0.70833    0.39154    0.09067    0.30759    0.20769    0.80927    0.87500    0.12500    0.45833
   0.43542    0.27772    0.00000    0.00000    0.03417    0.84498    0.53969    0.31023    0.30368    0.00000    0.47156    0.06422    0.40927    0.09471    0.12880    0.56424    0.72050    0.37500    0.37500    0.87500
   0.43979    0.28117    0.00000    0.00000    0.00000    0.22470    0.52583    0.29077    0.30498    0.00000    0.42076    0.31743    0.41927    0.09444    0.26965    0.56008    0.76700    0.45833    0.54167    0.29167
   0.43005    0.27793    0.00000    0.00000    0.05955    0.55136    0.52976    0.38294    0.30792    0.00000    0.44994    0.39265    0.40550    0.08901    0.15683    0.65436    0.75418    0.00000    0.29167    0.79167
   0.47375    0.27945    0.00000    0.09655    0.02325    0.52569    0.59394    0.37292    0.30397    0.00000    0.45638    0.18632    0.40813    0.08933    0.12446    0.56826    0.75985    0.00000    0.79167    0.00000
   0.45136    0.28192    0.00000    0.04063    0.01645    0.45209    0.90426    0.33746    0.30695    0.54167    0.45230    0.27379    0.43072    0.08644    0.19221    0.54010    0.76116    0.03534    0.00000    0.00000
   0.43480    0.45833    0.00000    0.00000    0.02402    0.39581    0.58126    0.43887    0.30528    0.79167    0.46988    0.27437    0.40158    0.08484    0.20722    0.52570    0.74215    0.03731    0.00000    0.00000
   0.50591    0.87500    0.00000    0.00000    0.01043    0.41965    0.59889    0.64909    0.30993    0.29167    0.44339    0.36536    0.41588    0.08886    0.18718    0.47960    0.75104    0.10581    0.14646    0.16995
   0.38796    0.95833    0.00000    0.02719    0.01728    0.48878    0.69727    0.56893    0.30653    0.62500    0.43915    0.30696    0.39187    0.95833    0.25605    0.51694    0.75194    0.00000    0.00000    0.00696
   0.38873    0.62500    0.00000    0.02882    0.01291    0.42394    0.62683    0.52093    0.31344    0.95833    0.44950    0.23267    0.37838    0.79167    0.00000    0.53546    0.74979    0.00000    0.10662    0.17515
   0.46193    0.70833    0.00000    0.01898    0.00000    0.36426    0.67417    0.46398    0.30357    0.87500    0.44923    0.20419    0.38254    0.87500    0.24404    0.52149    0.74032    0.00000    0.23968    0.13091
   0.40893    0.20833    0.00000    0.01479    0.04319    0.37834    0.56509    0.51098    0.30119    0.12500    0.46494    0.28893    0.39401    0.62500    0.21309    0.50047    0.73311    0.02900    0.09475    0.10589
   0.41756    0.79167    0.00000    0.06653    0.02142    0.44210    0.30326    0.51887    0.30060    0.04167    0.46642    0.27092    0.37824    0.45833    0.13128    0.52916    0.75067    0.00000    0.11032    0.12210
   0.44345    0.29167    0.00000    0.00503    0.01164    0.52376    0.66989    0.47900    0.29999    0.37500    0.45678    0.27494    0.37868    0.29167    0.22493    0.49678    0.75211    0.02535    0.21413    0.12068
   0.39998    0.37500    0.00000    0.00583    0.00000    0.43428    0.60865    0.50240    0.30786    0.70833    0.46093    0.26042    0.36857    0.70833    0.16649    0.49754    0.72527    0.05853    0.17780    0.11510
   0.43209    0.04167    0.00000    0.02825    0.05136    0.45739    0.55475    0.61321    0.30474    0.20833    0.43935    0.32744    0.37221    0.54167    0.27214    0.46950    0.71393    0.02099    0.16316    0.14821
   0.44446    0.12500    0.00000    0.01149    0.05155    0.40805    0.09116    0.51804    0.95833    0.45833    0.42670    0.26515    0.38017    0.37500    0.21827    0.40010    0.72201    0.10211    0.13976    0.23944
   0.24127    0.54167    0.00000    0.01810    0.02007    0.45289    0.48494    0.47613    0.87500    0.53032    0.46885    0.24706    0.37769    0.12500    0.11806    0.46316    0.73442    0.02587    0.15073    0.15695
   0.41973    0.42074    0.00000    0.01026    0.02049    0.39516    0.51054    0.46665    0.54167    0.00000    0.41714    0.25411    0.37427    0.20833    0.22922    0.45287    0.72012    0.05239    0.16682    0.17911
   0.41459    0.45851    0.00000    0.01193    0.03909    0.43593    1.00000    0.48109    0.29167    0.41550    0.45029    0.24281    0.37646    0.04167    0.25485    0.47485    0.65769    0.04790    0.14936    0.15472
   0.39195    0.11066    0.00000    0.01639    0.02897    0.39854    0.52564    0.47131    0.20833    0.47733    0.45664    0.24426    0.37294    0.20285    0.21988    0.47788    0.69195    0.05230    0.17833    0.18415
   0.36782    0.00000    0.00000    0.01604    0.02463    0.51652    0.52267    0.51578    0.62500    0.27519    0.44073    0.23477    0.37912    0.56301    0.22322    0.43331    0.63812    0.03717    0.15499    0.18300
   0.36229    0.19608    0.00000    0.02091    0.03172    0.44612    0.53484    0.53777    0.37500    0.29769    0.42524    0.33809    0.37940    0.51715    0.23221    0.24289    0.64349    0.00000    0.22275    0.25648
   0.18455    0.17934    0.00000    0.01596    0.03556    0.07220    0.47590    0.52326    0.79167    0.00000    0.44818    0.28619    0.27726    0.56496    0.24138    0.35927    0.60489    0.00000    0.17170    0.20068
   0.31690    0.06714    0.00000    0.01764    0.05845    0.35927    0.41164    0.46973    0.70833    0.26265    0.44572    0.26130    0.35967    0.17676    0.21548    0.38840    0.69900    0.01808    0.15436    0.23553
   0.37369    0.39404    0.04107    0.01106    0.04994    0.40879    0.47802    0.21982    0.45833    0.35420    0.44570    0.24015    0.34182    0.51353    0.22333    0.40396    0.31167    0.01189    0.16735    0.28138
   0.33321    0.18002    0.00000    0.01327    0.04237    0.40831    0.47308    0.50753    0.12500    0.23888    0.45750    0.01793    0.18938    0.28048    0.19023    0.38659    0.49412    0.01801    0.16742    0.21965
   0.33208    0.55708    0.00000    0.01295    0.02484    0.42657    0.47032    0.48956    0.04167    0.06105    0.46487    0.28847    0.39964    0.42016    0.21932    0.36146    0.57655    0.01077    0.16113    0.32252
   0.35319    0.23934    0.00000    0.01513    0.02275    0.40347    0.41378    0.52178    1.00000    0.30548    0.45905    0.22781    0.00000    0.36511    0.22223    0.31910    0.57087    0.01797    0.15223    0.20993
   0.34220    0.20543    0.00000    0.01218    0.03596    0.42788    0.44082    0.50062    0.63376    0.24889    0.45181    0.25081    0.33665    0.38201    0.18266    0.34645    0.52711    0.01663    0.14527    0.23106
   0.36224    0.17311    0.00000    0.01783    0.03391    0.32660    0.46818    0.51963    0.51859    0.20646    0.44974    0.39701    0.29463    0.45593    0.20729    0.28316    0.56386    0.00160    0.12793    0.28536
   0.37537    0.19163    0.00000    0.01787    0.04575    0.31468    0.43564    0.51744    0.51699    0.18329    0.44847    0.32421    0.30477    0.39613    0.20851    0.19753    0.57621    0.02061    0.15163    0.18296
