   0.75000    0.17857    0.67857    0.32143    0.60714    0.25000    0.96429    0.32143    0.53571    0.89286    0.46429    0.46429    0.82143    0.89286    0.96429    0.82143    0.75000    0.67857    0.96429    0.10714
   0.53571    0.60714    0.25000    0.75000    0.82143    0.96429    0.67857    0.53571    0.89286    0.46429    0.39286    0.96429    0.53571    0.03571    0.17857    0.53571    0.60714    0.25000    0.53571    0.96429
   0.89286    0.32143    0.53571    0.60714    0.75000    0.82143    0.89286    0.39286    0.03571    0.82143    0.10714    0.10714    0.03571    0.46429    0.53571    0.32143    0.53571    0.96429    0.67857    0.17857
   0.67857    0.03571    0.82143    0.46429    0.32143    0.89286    0.75000    0.03571    0.75000    0.03571    0.96429    0.32143    0.10714    0.67857    0.32143    0.10714    0.96429    0.89286    0.75000    0.53571
   0.39286    0.75000    0.89286    0.17857    0.53571    0.46429    0.39286    0.25000    0.67857    0.25000    0.17857    0.25000    0.25000    0.39286    0.10714    0.96429    0.10714    0.39286    0.17857    0.67857
   0.03571    0.53571    0.96429    0.89286    0.03571    0.67857    0.53571    0.89286    0.17857    0.39286    0.32143    0.17857    0.60714    0.25000    0.25000    0.75000    0.32143    0.17857    0.89286    0.39286
   0.82143    0.10714    0.39286    0.96429    0.89286    0.60714    0.17857    0.17857    0.39286    0.67857    0.75000    0.39286    0.32143    0.82143    0.60714    0.60714    0.17857    0.53571    0.60714    0.25000
   0.17857    0.89286    0.60714    0.03571    0.10714    0.39286    0.82143    0.82143    0.60714    0.32143    0.25000    0.60714    0.67857    0.17857    0.39286    0.39286    0.82143    0.46429    0.39286    0.75000
   0.96429    0.46429    0.03571    0.10714    0.96429    0.32143    0.46429    0.10714    0.82143    0.60714    0.67857    0.82143    0.39286    0.75000    0.75000    0.25000    0.67857    0.82143    0.10714    0.60714
   0.60714    0.25000    0.10714    0.82143    0.46429    0.53571    0.60714    0.75000    0.32143    0.75000    0.82143    0.75000    0.75000    0.60714    0.89286    0.03571    0.89286    0.60714    0.82143    0.32143
   0.32143    0.96429    0.17857    0.53571    0.67857    0.10714    0.25000    0.96429    0.25000    0.96429    0.03571    0.67857    0.89286    0.32143    0.67857    0.89286    0.03571    0.10714    0.25000    0.46429
   0.10714    0.67857    0.46429    0.39286    0.25000    0.17857    0.10714    0.60714    0.96429    0.17857    0.89286    0.89286    0.96429    0.53571    0.46429    0.67857    0.46429    0.03571    0.32143    0.82143
   0.46429    0.39286    0.75000    0.25000    0.17857    0.03571    0.32143    0.46429    0.10714    0.53571    0.60714    0.03571    0.46429    0.96429    0.82143    0.46429    0.39286    0.75000    0.46429    0.03571
   0.25000    0.82143    0.32143    0.67857    0.39286    0.75000    0.03571    0.67857    0.46429    0.10714    0.53571    0.53571    0.17857    0.10714    0.03571    0.17857    0.25000    0.32143    0.03571    0.89286
   0.38243    0.00000    0.00000    0.54127    0.00000    0.00748    0.14732    0.18120    0.00594    0.00000    0.00000    0.09322    0.00000    0.00000    0.06051    0.00000    0.04182    0.25020    0.76562    0.19443
   0.08224    0.52118    0.60657    0.00000    0.00000    0.00000    0.45013    0.45858    0.13310    0.05835    0.30939    0.58582    0.18671    0.60626    0.25681    0.12193    0.59225    0.00962    0.47858    0.00000
   0.60983    0.35494    0.17839    1.00000    0.00000    0.25951    0.04424    0.64762    0.04806    0.30374    0.59200    0.49804    0.27777    0.51891    0.26086    0.35024    0.41075    0.46076    0.00425    0.03421
   0.45048    0.38557    0.24515    0.40812    0.07993    0.30431    0.31828    0.29454    0.24569    0.23347    0.42080    0.46641    0.32411    0.47250    0.18611    0.26631    0.35055    0.39451    0.64324    0.16328
   0.51853    0.94972    0.28270    0.61196    0.06945    0.09799    0.25683    0.30227    0.00000    0.29838    0.43122    0.63158    0.64671    0.59634    0.28245    0.41438    0.60012    0.21695    0.57333    0.20834
   0.23199    0.38339    0.39183    0.58960    0.05306    0.33147    0.31043    0.45961    0.00000    0.43141    0.37008    0.43452    0.44009    0.38281    0.24515    0.52326    0.49453    0.39040    0.62614    0.23732
   0.33258    0.60316    0.22815    0.59966    0.16968    0.35705    0.27471    0.42844    0.00000    0.17707    0.35308    0.46878    0.48989    0.11641    0.30078    0.36427    0.49869    0.38048    0.58244    0.30751
   0.41054    0.41788    0.25043    0.60492    0.15656    0.33770    0.39843    0.47641    0.09575    0.38796    0.37286    0.45703    0.27986    0.34862    0.28360    0.39546    0.44811    0.31731    0.00027    0.27829
   0.43337    0.40435    0.37520    0.60924    0.02771    0.30366    0.31718    0.42128    0.17535    0.39247    0.33249    0.46685    0.60783    0.47719    0.33588    0.44405    0.48372    0.33145    0.54965    0.27436
   0.36776    0.34243    0.29231    0.60553    0.15275    0.35079    0.33436    0.45032    0.00000    0.37913    0.13900    0.44432    0.49104    0.65977    0.29428    0.38485    0.50863    0.00000    0.51604    0.51243
   0.45037    0.39679    0.34134    0.44883    0.15171    0.29821    0.45640    0.44610    0.24115    0.37056    0.34060    0.47677    0.40580    0.44582    0.26711    0.43772    0.49546    0.47063    0.55337    0.42272
   0.41664    0.40647    0.40422    0.55390    0.07120    0.41984    0.34741    0.60618    0.24605    0.45830    0.37225    0.45145    0.42851    0.40482    0.59180    0.48551    0.47420    0.27347    0.51863    0.66100
   0.39655    0.28611    0.52744    0.46915    0.15693    0.26528    0.35933    0.42606    0.21459    0.39688    0.36835    0.50310    0.41229    0.38330    0.46372    0.50198    0.45137    0.27226    0.52718    0.43219
   0.42027    0.38495    0.60296    0.19033    0.16097    0.31969    0.45243    0.44978    0.31208    0.37260    0.34831    0.47322    0.40189    0.44691    0.29859    0.48728    0.43106    0.47239    0.50159    0.36883
   0.39797    0.35154    0.53425    0.48093    0.29903    0.39071    0.38338    0.42729    0.49873    0.36605    0.36249    0.45299    0.45333    0.39958    0.43222    0.57602    0.46279    0.45365    0.55624    0.35204
   0.41861    0.39902    0.36765    0.44682    0.13299    0.42600    0.35134    0.43035    0.40552    0.37147    0.34419    0.45377    0.41363    0.41273    0.31489    0.44078    0.45786    0.35071    0.51856    0.35220
   0.40200    0.38418    0.54771    0.48203    0.25393    0.34027    0.32280    0.46498    0.39218    0.39310    0.40187    0.48676    0.35539    0.36672    0.29388    0.61617    0.34464    0.37738    0.50412    0.32548
   0.41768    0.38869    0.50136    0.44204    0.01048    0.21622    0.32268    0.51635    0.29957    0.40365    0.33217    0.50497    0.45759    0.41965    0.31630    0.51505    0.39663    0.27025    0.50859    0.36989
   0.42141    0.38876    0.47959    0.45377    0.20614    0.39831    0.33638    0.52817    0.23635    0.40557    0.39099    0.52690    0.46894    0.43836    0.33498    0.54699    0.66597    0.33416    0.54117    0.40858
   0.42423    0.38888    0.46397    0.48401    0.28846    0.33605    0.33895    0.41491    0.75469    0.40199    0.35663    0.48596    0.44503    0.38870    0.31092    0.46728    0.53025    0.32752    0.57336    0.39834
   0.45928    0.38954    0.43843    0.48018    0.14972    0.27449    0.33602    0.45805    0.42251    0.40802    0.36057    0.49987    0.44201    0.32724    0.33729    0.47129    0.33954    0.36833    0.50899    0.38969
   0.44208    0.37483    0.42705    0.47224    0.18764    0.33412    0.33431    0.41245    0.33244    0.41712    0.36999    0.53242    0.42208    0.43181    0.35600    0.45677    0.46870    0.34653    0.48253    0.37937
   0.43113    0.38889    0.46081    0.44240    0.19660    0.28055    0.36478    0.15688    0.30451    0.40772    0.36776    0.52516    0.46439    0.37764    0.32944    0.59778    0.48164    0.37668    0.52900    0.40919
   0.43156    0.38397    0.44257    0.46890    0.06489    0.06254    0.42253    0.34851    0.45073    0.42202    0.36046    0.45356    0.43190    0.33483    0.32240    0.34183    0.50311    0.36871    0.48809    0.38676
   0.41875    0.38737    0.42102    0.28849    0.20990    0.33701    0.39239    0.38538    0.32913    0.39839    0.37361    0.43379    0.43622    0.38099    0.35656    0.46430    0.45831    0.39874    0.39539    0.39270
   0.42075    0.38872    0.44113    0.40904    0.21679    0.32578    0.35798    0.41768    0.37036    0.42351    0.37984    0.41499    0.43372    0.40810    0.29574    0.44248    0.45625    0.37978    0.50328    0.36637
   0.39656    0.38171    0.41901    0.38975    0.19451    0.40341    0.39890    0.42822    0.48196    0.42256    0.38031    0.41621    0.42753    0.40747    0.36415    0.36963    0.47378    0.41945    0.48112    0.35027
   0.44589    0.39080    0.41268    0.40526    0.25879    0.51108    0.38040    0.38504    0.46230    0.42875    0.37510    0.41582    0.43875    0.40723    0.35147    0.48153    0.47109    0.39592    0.51376    0.36805
   0.44601    0.39257    0.40630    0.38122    0.20338    0.26445    0.35551    0.41101    0.34396    0.41586    0.37902    0.39771    0.43871    0.37158    0.35118    0.47843    0.46089    0.40379    0.54117    0.39771
   0.43585    0.39095    0.37030    0.41335    0.22913    0.26681    0.36324    0.42469    0.39729    0.42649    0.37309    0.44089    0.42704    0.37365    0.35904    0.46859    0.43249    0.42920    0.40878    0.39193
   0.41504    0.38766    0.41709    0.43341    0.24871    0.21736    0.36293    0.40642    0.42410    0.41589    0.36739    0.45585    0.40229    0.38069    0.49496    0.46265    0.16617    0.46720    0.58289    0.36241
   0.43321    0.39090    0.45703    0.43879    0.26644    0.32689    0.36956    0.39150    0.34201    0.44337    0.38290    0.39160    0.26104    0.37232    0.31980    0.50350    0.46024    0.47101    0.56360    0.44422
   0.40836    0.39235    0.15534    0.45278    0.20301    0.21061    0.36883    0.41588    0.36545    0.40409    0.37792    0.37673    0.38493    0.38902    0.36279    0.44429    0.46531    0.49641    0.49129    0.37028
   0.41645    0.40323    0.40725    0.43676    0.19273    0.29410    0.36431    0.39967    0.36051    0.41062    0.37597    0.37555    0.41479    0.39410    0.33261    0.45467    0.42229    0.46094    0.47223    0.35316
   0.41819    0.39349    0.42908    0.39711    0.29777    0.32002    0.39808    0.41231    0.30800    0.43078    0.37492    0.43241    0.42035    0.38079    0.33820    0.44243    0.42579    0.49402    0.51015    0.36187
   0.42906    0.39341    0.43330    0.52734    0.33496    0.24451    0.37172    0.41515    0.39508    0.41412    0.37176    0.40161    0.43559    0.39212    0.33761    0.42883    0.45810    0.48406    0.46669    0.38192
   0.41868    0.39943    0.40533    0.42599    0.24129    0.24869    0.37687    0.40457    0.42897    0.42594    0.37524    0.39482    0.38321    0.38123    0.33743    0.43555    0.38209    0.50463    0.48595    0.36908
   0.34033    0.39100    0.41435    0.44182    0.24641    0.30538    0.38005    0.42251    0.39349    0.41363    0.37293    0.39081    0.37820    0.37908    0.33136    0.46273    0.34124    0.44998    0.47081    0.36763
   0.41853    0.40109    0.43042    0.44798    0.24123    0.28031    0.38043    0.40682    0.36307    0.41149    0.37095    0.41192    0.39031    0.38420    0.32721    0.45522    0.40161    0.43671    0.46693    0.37287
   0.41053    0.39702    0.41055    0.44369    0.27039    0.25642    0.36683    0.30974    0.34301    0.42646    0.37404    0.39623    0.39970    0.37847    0.31320    0.39286    0.42291    0.44707    0.48313    0.40346
   0.40853    0.39381    0.41452    0.41731    0.23980    0.29392    0.36628    0.41810    0.32604    0.42105    0.38141    0.39941    0.42555    0.37471    0.33274    0.41416    0.35369    0.44677    0.47640    0.37598
   0.41011    0.40004    0.40755    0.42812    0.23648    0.28000    0.37772    0.38625    0.40286    0.42093    0.39384    0.40035    0.39018    0.38034    0.33694    0.45426    0.41098    0.41708    0.47185    0.37554
   0.41333    0.40468    0.39458    0.43287    0.23310    0.29396    0.35923    0.42448    0.36371    0.42451    0.38146    0.39960    0.41024    0.38080    0.34215    0.39908    0.41150    0.44507    0.47737    0.36617
   0.40491    0.40970    0.42115    0.43177    0.24397    0.30635    0.36047    0.41773    0.28422    0.41723    0.37917    0.39804    0.36797    0.38441    0.32178    0.42284    0.37820    0.41462    0.47898    0.37490
   0.39632    0.40361    0.42566    0.43231    0.23649    0.26891    0.37428    0.40300    0.38304    0.41534    0.37001    0.40772    0.39858    0.38092    0.34561    0.40809    0.38178    0.46872    0.48887    0.37616
   0.41129    0.40494    0.42551    0.42521    0.22870    0.28077    0.36995    0.39867    0.41452    0.41216    0.38393    0.39962    0.39390    0.38669    0.34766    0.41561    0.41140    0.42876    0.47067    0.34801
   0.42129    0.40571    0.41006    0.43708    0.24628    0.33222    0.37068    0.42097    0.36229    0.41414    0.37820    0.39860    0.39458    0.37998    0.35471    0.41345    0.41060    0.41422    0.46099    0.36541
   0.41144    0.40833    0.41836    0.43418    0.24465    0.30056    0.36753    0.41206    0.38049    0.41813    0.38179    0.40301    0.41012    0.37844    0.34948    0.40118    0.41950    0.41837    0.46185    0.36588
   0.40893    0.40230    0.41618    0.42821    0.24331    0.31789    0.37782    0.41935    0.39283    0.41759    0.37960    0.39908    0.40642    0.38202    0.36063    0.41521    0.40933    0.42323    0.42756    0.36202
   0.36477    0.40353    0.41386    0.43138    0.24080    0.29786    0.37384    0.41379    0.39774    0.42015    0.37672    0.40283    0.40963    0.38063    0.34928    0.42370    0.42563    0.43823    0.46427    0.36421
   0.40606    0.40202    0.40668    0.43320    0.24841    0.30489    0.37288    0.42203    0.38389    0.42059    0.10714    0.38875    0.40562    0.38007    0.34278    0.42127    0.42594    0.41213    0.46024    0.36120
   0.40441    0.40071    0.41379    0.43578    0.23771    0.33013    0.36658    0.40322    0.38499    0.41707    0.39286    0.37914    0.39568    0.37770    0.35118    0.41911    0.43150    0.40370    0.46915    0.36486
   0.40764    0.39934    0.41434    0.43942    0.25465    0.29635    0.36786    0.40088    0.00000    0.41594    0.67857    0.37556    0.39569    0.37983    0.35794    0.42332    0.42564    0.39970    0.46634    0.36227
   0.40560    0.40027    0.54137    0.45324    0.24260    0.29515    0.37229    0.38665    0.41684    0.41914    0.96429    0.37567    0.39518    0.37903    0.35492    0.41586    0.41542    0.40296    0.45990    0.36662
   0.40427    0.40084    0.41050    0.47557    0.24846    0.29636    0.36644    0.41091    0.41157    0.41603    0.25000    0.37440    0.40296    0.37994    0.35811    0.41763    0.42680    0.41947    0.46025    0.36040
   0.41067    0.32143    0.40110    0.46730    0.24727    0.30238    0.36869    0.39757    0.15388    0.41913    0.46429    0.37780    0.39487    0.37923    0.34837    0.40376    0.44050    0.38721    0.45375    0.36637
   0.40868    0.25000    0.39978    0.45197    0.24505    0.30357    0.37056    0.40243    0.33537    0.41921    0.17857    0.37419    0.40978    0.10714    0.34766    0.40344    0.43798    0.40208    0.44546    0.36528
   0.40913    0.10714    0.41156    0.48290    0.25009    0.28487    0.37237    0.39845    0.38541    0.41491    0.82143    0.38248    0.40238    0.67857    0.35238    0.39020    0.47026    0.41137    0.43046    0.36519
   0.40802    0.17857    0.41648    0.44943    0.24658    0.27705    0.36870    0.38931    0.38904    0.41930    0.53571    0.37548    0.40415    0.17857    0.34894    0.40462    0.45761    0.45765    0.37464    0.36834
   0.40853    0.39286    0.40979    0.46498    0.24499    0.29257    0.36976    0.39708    0.39000    0.41743    0.75000    0.38214    0.40258    0.60714    0.35598    0.40893    0.41483    0.42126    0.42955    0.36558
   0.40653    0.03571    0.41452    0.48942    0.24541    0.28393    0.36977    0.40167    0.38088    0.41846    0.03571    0.39119    0.40128    0.25000    0.35982    0.40741    0.43495    0.40190    0.43877    0.96429
   0.40833    0.53571    0.40748    0.46308    0.24732    0.30077    0.36781    0.40450    0.40268    0.41526    0.32143    0.39617    0.40570    0.46429    0.36338    0.40207    0.43378    0.41198    0.43779    0.32143
   0.40738    0.46429    0.40925    0.46284    0.24771    0.28174    0.36895    0.40784    0.34873    0.41661    0.60714    0.38966    0.40044    0.03571    0.36651    0.40051    0.43116    0.40787    0.42162    0.10714
   0.40780    0.96429    0.40491    0.46958    0.24660    0.30053    0.89286    0.40760    0.36878    0.41563    0.89286    0.39723    0.40234    0.96429    0.36997    0.40482    0.42840    0.42976    0.43065    0.82143
   0.41050    0.60714    0.40953    0.46189    0.24518    0.28403    0.17857    0.40470    0.35574    0.41722    0.27413    0.39160    0.40257    0.53571    0.36433    0.40405    0.43370    0.40744    0.43705    0.60714
   0.40890    0.82143    0.41756    0.48213    0.24858    0.30836    0.32143    0.40502    0.37179    0.41615    0.52012    0.39630    0.40372    0.75000    0.39237    0.40909    0.43856    0.40414    0.42499    0.53571
   0.46429    0.89286    0.41518    0.45674    0.24692    0.31892    0.96429    0.40847    0.33603    0.41785    0.37456    0.39866    0.40173    0.39286    0.35836    0.39701    0.42349    0.41762    0.42658    0.75000
   0.82143    0.75000    0.41373    0.45473    0.39286    0.31077    0.53571    0.40184    0.32713    0.41620    0.50301    0.39132    0.40304    0.82143    0.34327    0.40426    0.42684    0.40312    0.42712    0.25000
   0.60714    0.67857    0.41621    0.45675    0.46429    0.30343    0.60714    0.40121    0.37849    0.41561    0.29617    0.39696    0.40143    0.32143    0.35960    0.41005    0.42935    0.40637    0.42810    0.46429
   0.89286    0.00000    0.41447    0.44530    0.67857    0.29368    0.75000    0.39907    0.37854    0.39286    0.73445    0.40171    0.39939    0.89286    0.35449    0.41008    0.42267    0.41052    0.43764    0.39286
   0.32143    0.22534    0.41774    0.45103    0.75000    0.30440    0.25000    0.40084    0.35174    0.17857    0.39575    0.38765    0.82143    0.00000    0.36296    0.39896    0.43415    0.40301    0.44947    0.17857
   0.25000    0.34569    0.43893    0.44320    0.03571    0.30463    0.39286    0.39956    0.37159    0.67857    0.39066    0.39347    0.67857    0.00518    0.35635    0.41359    0.43362    0.40837    0.43881    0.89286
   0.96429    0.28359    0.42059    0.44061    0.82143    0.30626    0.46429    0.40034    0.35267    0.96429    0.43816    0.39658    0.10714    0.21690    0.35911    0.41224    0.42266    0.41030    0.42379    0.67857
   0.03571    0.01655    0.42456    0.43988    0.89286    0.30718    0.03571    0.39651    0.36583    0.75000    0.39020    0.39055    0.75000    0.32662    0.96429    0.41320    0.43220    0.41074    0.43298    0.03571
   0.75000    0.58575    0.41040    0.44060    0.10714    0.30645    0.67857    0.40144    0.37826    0.10714    0.41568    0.39456    0.96429    0.58158    0.82143    0.40281    0.42824    0.41073    0.41559    0.00000
   0.67857    0.12764    0.40511    0.44873    0.17857    0.30394    0.82143    0.40572    0.37471    0.46429    0.37280    0.39903    0.46429    0.39887    0.32143    0.46429    0.43270    0.40600    0.42446    0.00000
   0.10714    0.16191    0.40259    0.45355    0.96429    0.31373    0.10714    0.40027    0.36422    0.53571    0.39098    0.39532    0.60714    0.39217    0.25000    0.25000    0.43306    0.41024    0.41867    0.37919
   0.39286    0.21507    0.40727    0.44822    0.25000    0.30498    0.03670    0.39849    0.37937    0.89286    0.35503    0.39442    0.39286    0.00000    0.89286    0.96429    0.42651    0.41148    0.42627    0.23434
   0.17857    0.43664    0.41297    0.44138    0.32143    0.30079    0.20689    0.39901    0.39026    0.25000    0.39338    0.39362    0.53571    0.27043    0.46429    0.82143    0.43476    0.40761    0.41222    0.32160
   0.53571    0.35928    0.40243    0.44605    0.53571    0.30547    0.37117    0.39155    0.37692    0.03571    0.41146    0.39540    0.03571    0.25526    0.39286    0.89286    0.43524    0.40836    0.39617    0.34601
   0.19741    0.42562    0.32680    0.43652    0.60714    0.30439    0.21875    0.37490    0.38401    0.32143    0.34635    0.39693    0.25000    0.27938    0.60714    0.32143    0.43088    0.40183    0.37683    0.39317
   0.59528    0.11589    0.38434    0.43538    0.00000    0.30742    0.46593    0.39840    0.37357    0.82143    0.40434    0.39371    0.89286    0.29505    0.53571    0.60714    0.42585    0.32143    0.39324    0.35639
   0.39035    0.48744    0.40368    0.43562    0.37222    0.30319    0.32574    0.39074    0.36703    0.60714    0.40067    0.39550    0.32143    0.27501    0.10714    0.39286    0.42845    0.82143    0.40660    0.23837
   0.59382    0.37829    0.40840    0.43479    0.50439    0.30877    0.34501    0.39080    0.37456    0.04226    0.36630    0.39378    0.17857    0.33518    0.75000    0.67857    0.43202    0.75000    0.41452    0.32364
   0.26199    0.29832    0.41758    0.43845    0.45289    0.30643    0.26426    0.39198    0.37152    0.00000    0.39910    0.03571    0.01843    0.31730    0.67857    0.10714    0.43427    0.96429    0.41410    0.33995
   0.42318    0.41460    0.41615    0.43870    0.47051    0.30634    0.36006    0.38307    0.37521    0.39697    0.40478    0.89286    0.00000    0.29425    0.17857    0.17857    0.43216    0.53571    0.41298    0.23842
   0.47470    0.41465    0.40173    0.43467    0.46326    0.30151    0.32068    0.40062    0.36855    0.43977    0.37808    0.17857    0.00000    0.28829    0.03571    0.03571    0.43261    0.60714    0.39860    0.30847
   0.46981    0.45958    0.41036    0.43121    0.56961    0.30526    0.34905    0.39314    0.67857    0.45189    0.36728    0.75000    0.00000    0.38470    0.00000    0.75000    0.42573    0.89286    0.39285    0.40856
   0.45281    0.47197    0.40185    0.43211    0.36404    0.30575    0.31132    0.39510    0.46429    0.42304    0.38803    0.39286    0.17291    0.51439    0.35435    0.53571    0.43181    0.10714    0.40226    0.12180
   0.48804    0.38849    0.40639    0.43277    0.47912    0.30056    0.33689    0.39447    0.10714    0.41710    0.38289    0.32143    0.14971    0.34731    0.47352    0.07624    0.43319    0.39286    0.38810    0.32334
   0.42356    0.37297    0.40665    0.42390    0.48751    0.29972    0.33375    0.39710    0.82143    0.37298    0.39364    0.46429    0.09690    0.35642    0.09879    0.00000    0.43481    0.46429    0.39355    0.29964
   0.34188    0.43093    0.40528    0.41329    0.47161    0.29590    0.34422    0.39225    0.96429    0.52759    0.39388    0.53571    0.12532    0.37022    0.21459    0.18727    0.43472    0.03571    0.40310    0.31199
   0.24040    0.43459    0.39590    0.41849    0.48485    0.29982    0.33521    0.39360    0.60714    0.44876    0.41619    0.67857    0.28050    0.39646    0.29814    0.38528    0.43621    0.25000    0.38892    0.29213
   0.37299    0.40958    0.41022    0.41208    0.44678    0.29630    0.36911    0.39533    0.25000    0.50625    0.37960    0.60714    0.33490    0.37278    0.31235    0.39099    0.43282    0.17857    0.17857    0.31975
   0.38433    0.40843    0.41067    0.41411    0.47620    0.29344    0.33246    0.39516    0.75000    0.44465    0.37890    0.25000    0.38681    0.33266    0.33793    0.00000    0.43437    0.67857    0.53571    0.27100
   0.37328    0.41777    0.03571    0.41587    0.46187    0.29735    0.32196    0.39327    0.39286    0.41294    0.39236    0.82143    0.49436    0.34594    0.34746    0.27842    0.43419    0.06319    0.89286    0.01612
   0.36385    0.43653    0.53571    0.41623    0.46020    0.30044    0.35178    0.39531    0.03571    0.45107    0.39684    0.10714    0.14572    0.37266    0.29349    0.25376    0.43113    0.06866    0.67857    0.20611
   0.36951    0.41890    0.67857    0.40972    0.47250    0.29099    0.34232    0.67857    0.17857    0.45420    0.38320    0.96429    0.33485    0.39214    0.37714    0.36842    0.43375    0.41404    0.39286    0.04983
   0.41510    0.41088    0.60714    0.41757    0.46215    0.29910    0.35125    0.75000    0.89286    0.45583    0.40139    0.10272    0.32905    0.35712    0.38635    0.44270    0.60714    0.46747    0.75000    0.25941
   0.37412    0.39734    0.89286    0.41178    0.44910    0.30766    0.35159    0.03571    0.53571    0.36626    0.38837    0.24378    0.36682    0.35095    0.26991    0.52291    0.10714    0.39970    0.96429    0.25998
   0.39620    0.39930    0.75000    0.41350    0.44435    0.30716    0.38376    0.60714    0.32143    0.32877    0.38938    0.00000    0.27674    0.38314    0.35514    0.58153    0.25000    0.39797    0.03571    0.29398
   0.44391    0.41065    0.17857    0.41536    0.47138    0.30489    0.25157    0.89286    0.03641    0.36502    0.39730    0.00000    0.29431    0.32329    0.31277    0.50562    0.03571    0.36802    0.25000    0.24748
   0.38411    0.41843    0.82143    0.41059    0.43313    0.30592    0.35103    0.82143    0.24411    0.41291    0.39239    0.30878    0.20258    0.35174    0.42077    0.47758    0.17857    0.30503    0.60714    0.29105
   0.36218    0.42810    0.25000    0.25000    0.45778    0.30867    0.33640    0.53571    0.21851    0.38189    0.38826    0.43706    0.34638    0.34856    0.38445    0.54550    0.32143    0.43133    0.32143    0.21104
   0.38244    0.42575    0.10714    0.46429    0.45943    0.30348    0.32208    0.46429    0.22156    0.40464    0.39665    0.31520    0.27883    0.38573    0.37916    0.51395    0.53571    0.39126    0.10714    0.28952
   0.36344    0.41701    0.39286    0.82143    0.44385    0.30321    0.33179    0.17857    0.32334    0.40354    0.39767    0.19214    0.31863    0.35324    0.38388    0.54357    0.46429    0.40472    0.46429    0.32047
   0.37783    0.42435    0.32143    0.60714    0.42868    0.30807    0.34474    0.10714    0.36990    0.37226    0.39710    0.30974    0.32251    0.36383    0.35082    0.52809    0.67857    0.38297    0.82143    0.20763
   0.37493    0.46011    0.46429    0.96429    0.44335    0.29554    0.34100    0.39286    0.38543    0.43177    0.38841    0.34475    0.34134    0.35120    0.33487    0.63739    0.82143    0.45532    0.07756    0.08730
   0.36246    0.42759    0.96429    0.67857    0.43361    0.31684    0.33748    0.96429    0.46496    0.33019    0.38703    0.36761    0.33573    0.36763    0.34349    0.22695    0.96429    0.37508    0.03334    0.27316
   0.35540    0.40803    0.02511    0.89286    0.44375    0.30852    0.33674    0.25000    0.36661    0.45441    0.38416    0.47538    0.33288    0.35031    0.36065    0.04673    0.75000    0.38375    0.18332    0.29036
   0.37591    0.41987    0.00000    0.10714    0.39962    0.30840    0.32482    0.32143    0.16137    0.40457    0.36739    0.50312    0.30659    0.34626    0.33365    0.47024    0.89286    0.42108    0.42042    0.25695
   0.37131    0.42119    0.00000    0.32143    0.44501    0.30633    0.32566    0.15659    0.41849    0.33135    0.36658    0.35069    0.32369    0.33567    0.32870    0.43905    0.39286    0.39589    0.36534    0.25171
   0.37041    0.40998    0.00000    0.03571    0.42008    0.30943    0.32622    0.00000    0.35703    0.36762    0.38107    0.29672    0.34487    0.33540    0.34751    0.44722    0.00000    0.31775    0.33024    0.24128
   0.37661    0.40667    0.29864    0.39286    0.42495    0.30460    0.32246    0.00000    0.36145    0.37271    0.36596    0.29566    0.31144    0.35035    0.33709    0.48519    0.35184    0.47174    0.37916    0.22187
   0.38883    0.30491    0.20633    0.17857    0.42912    0.30456    0.32911    0.00000    0.32322    0.38393    0.36035    0.34509    0.32968    0.34580    0.28214    0.47041    0.34415    0.38457    0.31336    0.24965
   0.38610    0.39135    0.00000    0.53571    0.42959    0.30408    0.33609    0.00000    0.37640    0.38241    0.38028    0.25813    0.34274    0.32708    0.33296    0.43757    0.46495    0.41670    0.27829    0.22669
   0.38582    0.36489    0.00000    0.75000    0.40716    0.30343    0.33520    0.01630    0.39381    0.38260    0.38973    0.33010    0.34615    0.32927    0.35134    0.39848    0.44625    0.48292    0.19657    0.25171
   0.37782    0.40105    0.00000    0.06489    0.39813    0.30534    0.32494    0.00000    0.30698    0.37237    0.39407    0.29182    0.34611    0.35543    0.36568    0.52950    0.61050    0.30916    0.42673    0.24596
   0.37679    0.39004    0.00000    0.00000    0.40130    0.25000    0.32104    0.00000    0.30264    0.37259    0.39977    0.41006    0.34065    0.33232    0.34758    0.39231    0.51533    0.36513    0.30979    0.25693
   0.37158    0.40348    0.00000    0.31588    0.38008    0.03571    0.32373    0.00000    0.47402    0.37443    0.38217    0.35338    0.34483    0.34323    0.38733    0.42674    0.26370    0.33328    0.26273    0.25823
   0.37454    0.39925    0.01199    0.33952    0.41488    0.60714    0.32245    0.00000    0.37714    0.37593    0.37879    0.29392    0.33478    0.34398    0.37066    0.43573    0.51187    0.39643    0.32564    0.26333
   0.38716    0.42526    0.02310    0.40475    0.39514    0.17857    0.32991    0.00000    0.36326    0.37471    0.38328    0.37931    0.33188    0.34819    0.30577    0.45775    0.51229    0.12833    0.34749    0.26423
   0.38436    0.36728    0.00000    0.38306    0.40616    0.10714    0.33064    0.00000    0.35940    0.38141    0.38406    0.30230    0.33975    0.34852    0.36305    0.42647    0.47836    0.32919    0.29943    0.23925
   0.37403    0.38206    0.00000    0.45329    0.41471    0.32143    0.33465    0.00000    0.42898    0.36931    0.38321    0.22011    0.33371    0.34457    0.34745    0.37889    0.49992    0.33710    0.42495    0.22327
   0.37554    0.38500    0.00000    0.22754    0.48722    0.53571    0.33099    0.00000    0.31954    0.37057    0.38225    0.32530    0.30716    0.35030    0.32523    0.39259    0.52384    0.32819    0.30228    0.20170
   0.37504    0.40779    0.00000    0.34235    0.40953    0.46429    0.33346    0.00000    0.37411    0.36501    0.38456    0.34300    0.34500    0.35777    0.48022    0.40115    0.45300    0.38112    0.42050    0.23460
   0.37447    0.40070    0.00000    0.33603    0.39691    0.67857    0.32967    0.00000    0.39542    0.36874    0.37978    0.32643    0.34919    0.34984    0.36637    0.39124    0.48911    0.32769    0.29877    0.24396
   0.37484    0.41582    0.00000    0.33319    0.39862    0.89286    0.32856    0.00000    0.33252    0.37588    0.38110    0.30601    0.33718    0.34775    0.36248    0.41330    0.42846    0.36927    0.37225    0.24149
   0.37742    0.40040    0.00907    0.39659    0.39767    0.82143    0.32915    0.00000    0.36466    0.37930    0.38835    0.33730    0.33865    0.34305    0.33517    0.40543    0.45402    0.37019    0.34899    0.24304
   0.37278    0.40199    0.00000    0.26146    0.39922    0.39286    0.32749    0.00000    0.31371    0.37817    0.38957    0.28608    0.34644    0.34988    0.32634    0.40886    0.43894    0.34847    0.34454    0.24079
   0.37561    0.40535    0.00000    0.47519    0.38660    0.96429    0.32655    0.00000    0.30056    0.37841    0.38199    0.32192    0.33929    0.35287    0.35651    0.43229    0.45684    0.36029    0.36841    0.23453
   0.37758    0.39994    0.00000    0.44333    0.40582    0.75000    0.82143    0.03288    0.43383    0.36502    0.38732    0.13574    0.37122    0.34628    0.34342    0.38680    0.38946    0.37271    0.33792    0.23356
   0.37311    0.40460    0.00000    0.40709    0.40987    0.19487    0.96429    0.00000    0.36562    0.37367    0.38377    0.29109    0.38566    0.33225    0.35940    0.39933    0.22661    0.38686    0.36263    0.24670
   0.37608    0.39999    0.00000    0.39602    0.43325    0.00000    0.32143    0.08762    0.38408    0.37810    0.38339    0.36357    0.32880    0.33304    0.35264    0.40586    0.37075    0.36996    0.40650    0.22988
   0.37526    0.40245    0.00000    0.27986    0.40063    0.07889    0.60714    0.06946    0.37740    0.38145    0.38403    0.34286    0.39790    0.33513    0.38499    0.37821    0.39737    0.35732    0.36388    0.26817
   0.37592    0.40410    0.00000    0.48384    0.38313    0.06488    0.53571    0.26743    0.38036    0.39614    0.38882    0.34533    0.39604    0.32166    0.34916    0.40106    0.38690    0.36166    0.33194    0.24888
   0.37883    0.40302    0.00000    0.44487    0.40346    0.31748    0.25000    0.06380    0.38155    0.38084    0.38567    0.32453    0.38729    0.33779    0.35140    0.40682    0.37988    0.37063    0.34963    0.24578
   0.37623    0.39669    0.00000    0.43201    0.39062    0.22694    0.89286    0.07513    0.36060    0.38437    0.38449    0.30288    0.35767    0.32389    0.32785    0.40310    0.34561    0.35621    0.32511    0.24269
   0.37605    0.40156    0.00000    0.42063    0.40523    0.54229    0.10714    0.19267    0.37499    0.37848    0.38321    0.33531    0.35568    0.34760    0.33177    0.40825    0.38480    0.30725    0.37572    0.24522
   0.37716    0.40289    0.00000    0.48988    0.39884    0.30493    0.75000    0.10815    0.37016    0.37761    0.17857    0.34513    0.37908    0.32975    0.35634    0.41318    0.44709    0.34247    0.33288    0.24710
   0.37546    0.39863    0.00000    0.36819    0.39632    0.43760    0.46429    0.29646    0.36297    0.37745    0.32143    0.28109    0.35607    0.34386    0.35915    0.39289    0.41222    0.37010    0.33418    0.24811
   0.37380    0.39897    0.00618    0.38002    0.40566    0.27553    0.39286    0.28613    0.34009    0.37555    0.89286    0.33753    0.35851    0.33717    0.38532    0.40858    0.40036    0.34518    0.36059    0.23940
   0.75000    0.40069    0.00000    0.33556    0.40340    0.08148    0.67857    0.31850    0.36462    0.37637    0.53571    0.31490    0.35839    0.33446    0.34562    0.41331    0.37955    0.35715    0.35521    0.25063
   0.10714    0.40085    0.00000    0.40255    0.40394    0.32109    0.03571    0.50390    0.35833    0.38015    0.03571    0.33184    0.35796    0.33851    0.37294    0.41045    0.38403    0.34522    0.36571    0.24280
   0.67857    0.67857    0.00000    0.44961    0.39829    0.27922    0.17857    0.29756    0.35488    0.37591    0.60714    0.33155    0.35702    0.33496    0.34456    0.41143    0.37058    0.34946    0.33021    0.24204
   0.17857    0.39286    0.15762    0.41028    0.40460    0.31073    0.05558    0.29245    0.35374    0.37478    0.25000    0.35047    0.35809    0.33370    0.41299    0.40178    0.36309    0.36196    0.36035    0.25311
   0.39286    0.25000    0.10037    0.42588    0.40189    0.10191    0.30736    0.44061    0.35401    0.37788    0.75000    0.32234    0.35853    0.33686    0.38302    0.40719    0.41052    0.35014    0.36108    0.25449
   0.03571    0.17857    0.15113    0.37403    0.40155    0.28793    0.32374    0.59615    0.35670    0.37733    0.39286    0.33111    0.35511    0.33554    0.37527    0.40498    0.38259    0.36170    0.34672    0.26172
   0.53571    0.96429    0.17615    0.40877    0.40166    0.24601    0.40657    0.46200    0.35102    0.37679    0.96429    0.33081    0.35463    0.33665    0.36281    0.40140    0.40534    0.34885    0.36191    0.27390
   0.46429    0.89286    0.21307    0.34361    0.39999    0.30852    0.31696    0.44088    0.36336    0.37630    0.46429    0.32048    0.35679    0.33134    0.35863    0.40356    0.38557    0.36501    0.35635    0.27031
   0.96429    0.46429    0.19511    0.41205    0.40282    0.31851    0.32886    0.43525    0.35732    0.37414    0.10714    0.33715    0.35768    0.33227    0.33075    0.40077    0.38645    0.34750    0.35603    0.27141
   0.60714    0.53571    0.38985    0.37818    0.40268    0.22537    0.34745    0.44695    0.34457    0.37550    0.67857    0.22842    0.35865    0.33428    0.36772    0.31713    0.37708    0.34675    0.35428    0.27915
   0.82143    0.10714    0.54383    0.35398    0.40177    0.16021    0.33065    0.39666    0.35486    0.37205    0.82143    0.33236    0.35923    0.33756    0.37545    0.38523    0.37333    0.35278    0.34778    0.27018
   0.32143    0.03571    0.35645    0.40634    0.40397    0.18438    0.34190    0.70501    0.36202    0.67857    0.47416    0.33742    0.36219    0.33043    0.37546    0.38379    0.38593    0.34628    0.36149    0.28835
   0.89286    0.82143    0.43762    0.37392    0.39980    0.27856    0.44346    0.42565    0.34929    0.17857    0.37222    0.31755    0.35469    0.33596    0.38415    0.36332    0.36264    0.33081    0.35087    0.26763
   0.25000    0.75000    0.43884    0.37942    0.40113    0.26038    0.20305    0.46767    0.36578    0.03571    0.00000    0.31668    0.36238    0.33234    0.39192    0.23827    0.35789    0.32350    0.36352    0.27213
   0.00000    0.60714    0.45711    0.39808    0.40283    0.28980    0.32700    0.41340    0.36445    0.53571    0.36616    0.31244    0.35674    0.33546    0.39373    0.39172    0.38884    0.31961    0.37335    0.25583
   0.15709    0.32143    0.39639    0.36219    0.67857    0.30048    0.27156    0.41934    0.36226    0.89286    0.33506    0.32238    0.34724    0.33184    0.40562    0.39447    0.36159    0.32027    0.34540    0.25267
   0.11287    0.00000    0.42980    0.37915    0.46429    0.29683    0.35815    0.40278    0.35780    0.25000    0.41662    0.29720    0.35447    0.33387    0.34353    0.37641    0.37857    0.31477    0.35238    0.26360
   0.34411    0.00000    0.38296    0.38962    0.39286    0.25120    0.35207    0.41159    0.35720    0.60714    0.31719    0.31486    0.35870    0.33609    0.52813    0.41195    0.38080    0.31068    0.35120    0.28342
   0.15652    0.20919    0.55509    0.37048    0.25000    0.25580    0.37111    0.41302    0.35965    0.39286    0.53702    0.31362    0.34173    0.33242    0.45608    0.37803    0.38047    0.29467    0.35690    0.25784
   0.21460    0.19205    0.50979    0.39299    0.10714    0.30008    0.44402    0.40662    0.35829    0.75000    0.40304    0.30864    0.36644    0.33373    0.40222    0.38670    0.37386    0.32428    0.35561    0.27914
   0.24217    0.00000    0.41962    0.37288    0.82143    0.20302    0.37094    0.41346    0.36094    0.10714    0.45750    0.30947    0.35555    0.89286    0.43003    0.39880    0.37835    0.31817    0.35930    0.25534
   0.28328    0.29204    0.42285    0.37285    0.96429    0.31837    0.38164    0.39196    0.35451    0.46429    0.49035    0.32085    0.34835    0.39286    0.39168    0.38959    0.37831    0.30996    0.36082    0.24316
   0.28397    0.21848    0.41578    0.37877    0.03571    0.28561    0.39298    0.39764    0.36417    0.96429    0.46903    0.32141    0.34752    0.17857    0.39056    0.28447    0.37601    0.31507    0.36260    0.27599
   0.31280    0.16870    0.41593    0.37321    0.17857    0.32703    0.40445    0.40723    0.37047    0.82143    0.48945    0.32755    0.35933    0.03571    0.38547    0.37611    0.37949    0.31237    0.34870    0.26754
   0.30392    0.00000    0.41796    0.36875    0.89286    0.24685    0.39192    0.39390    0.37685    0.32143    0.47953    0.34664    0.35826    0.53571    0.39721    0.33970    0.38195    0.31296    0.36373    0.27162
   0.25409    0.24223    0.42294    0.37102    0.75000    0.27264    0.37925    0.40332    0.37163    0.00000    0.59217    0.33542    0.30915    0.67857    0.39354    0.33727    0.37778    0.31647    0.36790    0.27394
   0.45765    0.17720    0.43429    0.36557    0.60714    0.28366    0.38185    0.40382    0.38080    0.00000    0.54799    0.35437    0.33475    0.25000    0.39794    0.38598    0.38414    0.32254    0.45340    0.23649
   0.32257    0.18129    0.37598    0.36842    0.53571    0.26007    0.38828    0.40520    0.37300    0.00613    0.49849    0.35755    0.34793    0.75000    0.39066    0.39288    0.37840    0.31561    0.37106    0.29593
   0.28481    0.13694    0.38292    0.37149    0.32143    0.26722    0.41024    0.40425    0.36843    0.24239    0.53353    0.34647    0.34355    0.32143    0.39339    0.38111    0.37753    0.31602    0.37950    0.26122
   0.29779    0.29334    0.39247    0.36815    0.12962    0.26313    0.46586    0.41037    0.37046    0.31153    0.47399    0.33463    0.35337    0.46429    0.39671    0.37621    0.37891    0.31864    0.38226    0.26948
   0.29793    0.22962    0.38990    0.37378    0.15822    0.26989    0.37926    0.40817    0.37105    0.33380    0.42895    0.40165    0.35202    0.96429    0.38765    0.31244    0.37888    0.31154    0.35769    0.28085
   0.30101    0.22399    0.39396    0.36032    0.42105    0.27694    0.33986    0.40471    0.36698    0.36900    0.45219    0.32244    0.34987    0.82143    0.39368    0.37741    0.37725    0.31310    0.37946    0.26067
   0.29906    0.27543    0.39723    0.36031    0.44895    0.30073    0.37598    0.40951    0.36819    0.38296    0.46003    0.36145    0.35935    0.60714    0.39285    0.39066    0.37849    0.31381    0.37992    0.27729
   0.30272    0.20565    0.40663    0.36109    0.38439    0.28876    0.35248    0.41101    0.36711    0.30768    0.47280    0.34280    0.35754    0.10714    0.39145    0.37921    0.38131    0.31605    0.35521    0.27353
   0.33062    0.22730    0.40028    0.36147    0.43274    0.28326    0.39378    0.39821    0.36479    0.30295    0.49510    0.33671    0.35574    0.34778    0.39426    0.37567    0.53571    0.31621    0.35120    0.27678
   0.30211    0.22235    0.38183    0.36296    0.40277    0.30024    0.37307    0.40462    0.36683    0.12460    0.44580    0.33067    0.35274    0.02856    0.38686    0.38458    0.17857    0.31933    0.37795    0.27226
   0.28722    0.20180    0.39991    0.36483    0.48136    0.28543    0.37198    0.40299    0.36704    0.31460    0.45850    0.34551    0.35339    0.55216    0.39761    0.37155    0.75000    0.31945    0.38753    0.26672
   0.25639    0.24601    0.40895    0.36011    0.42267    0.28385    0.36184    0.40096    0.37245    0.32032    0.43580    0.32732    0.35709    0.50004    0.39075    0.38200    0.10714    0.31650    0.35789    0.27902
   0.27317    0.27748    0.39409    0.36264    0.47611    0.27253    0.37225    0.40584    0.36026    0.37525    0.46127    0.33583    0.35703    0.67051    0.38840    0.37734    0.67857    0.31867    0.38923    0.28700
   0.26552    0.18883    0.39357    0.36189    0.32369    0.32369    0.38891    0.40348    0.36751    0.39706    0.46751    0.33504    0.35525    0.52016    0.38986    0.37470    0.39286    0.31774    0.37524    0.27989
   0.27093    0.22829    0.39381    0.37286    0.45442    0.30283    0.35544    0.40245    0.36968    0.25560    0.41992    0.33249    0.35504    0.45312    0.38299    0.36973    0.03571    0.31980    0.36533    0.28131
   0.28366    0.21902    0.40055    0.35251    0.24266    0.30135    0.35464    0.39807    0.36594    0.95992    0.52459    0.33465    0.35775    0.49065    0.96429    0.35767    0.96429    0.67857    0.39181    0.28936
   0.24636    0.21345    0.38275    0.35128    0.37331    0.29274    0.34905    0.40876    0.36649    0.45148    0.43167    0.34092    0.36332    0.51056    0.17857    0.35384    0.60714    0.03571    0.38118    0.28788
   0.26693    0.26554    0.40001    0.34715    0.36967    0.30738    0.38747    0.39985    0.75000    0.50550    0.40769    0.33137    0.36364    0.52203    0.32143    0.36210    0.32143    0.60714    0.38887    0.29517
   0.29021    0.27651    0.39339    0.33227    0.47113    0.30172    0.34903    0.40215    0.39286    0.34788    0.44734    0.32782    0.36426    0.50709    0.39286    0.37966    0.89286    0.25000    0.37936    0.28468
   0.27077    0.21979    0.40285    0.35753    0.34813    0.31251    0.35550    0.40177    0.89286    0.33939    0.42411    0.46429    0.36881    0.56421    0.25000    0.37356    0.25000    0.53571    0.38266    0.29040
   0.28068    0.21680    0.40183    0.31655    0.40816    0.32558    0.35021    0.39768    0.17857    0.36166    0.32419    0.60714    0.36386    0.49057    0.46429    0.37745    0.82143    0.82143    0.38236    0.28608
   0.25518    0.24517    0.39129    0.35529    0.45269    0.31872    0.36444    0.40005    0.03571    0.35894    0.42845    0.32143    0.36243    0.50232    0.89286    0.37840    0.46429    0.10714    0.37621    0.28457
   0.36045    0.23243    0.39669    0.33517    0.41575    0.30408    0.36133    0.40136    0.32143    0.35078    0.41769    0.17857    0.36541    0.46895    0.10714    0.37248    0.00100    0.89286    0.37533    0.29057
   0.29379    0.24846    0.39741    0.37031    0.34970    0.31166    0.37723    0.67857    0.53571    0.32353    0.41273    0.10714    0.53571    0.35448    0.53571    0.35288    0.85616    0.17857    0.38072    0.28642
   0.31247    0.30776    0.39811    0.67857    0.26221    0.30953    0.32736    0.82143    0.46429    0.35092    0.40874    0.25000    0.82143    0.48931    0.75000    0.36198    0.00000    0.46429    0.38171    0.28342
   0.27540    0.30849    0.39925    0.75000    0.37355    0.31176    0.34928    0.60714    0.67857    0.34472    0.39187    0.03571    0.39286    0.46318    0.60714    0.35833    0.20506    0.75000    0.36938    0.28660
   0.25034    0.37291    0.39369    0.17857    0.49426    0.30747    0.36452    0.10714    0.96429    0.36673    0.41994    0.96429    0.03571    0.54512    0.67857    0.36179    0.24159    0.39286    0.38013    0.28624
   0.27513    0.37463    0.39778    0.10714    0.35933    0.32495    0.29775    0.53571    0.82143    0.36341    0.41517    0.75000    0.25000    0.46930    0.82143    0.34965    0.25908    0.96429    0.37684    0.28486
   0.29581    0.30155    0.39771    0.53571    0.36319    0.33072    0.34540    0.03571    0.10714    0.37239    0.42360    0.89286    0.32143    0.46875    0.03571    0.33246    0.36284    0.32143    0.38219    0.28665
   0.33544    0.29575    0.39501    0.39286    0.34882    0.31829    0.34516    0.25000    0.60714    0.34961    0.43082    0.82143    0.89286    0.82863    0.03547    0.37041    0.41119    0.05618    0.37758    0.28431
   0.29694    0.26444    0.39740    0.96429    0.38969    0.32434    0.34239    0.75000    0.25000    0.36705    0.41448    0.67857    0.10714    0.42357    0.04696    0.36742    0.43579    0.13054    0.37866    0.28760
   0.28709    0.33834    0.39935    0.03571    0.37829    0.30493    0.33723    0.96429    0.00000    0.36932    0.37167    0.39286    0.67857    0.46064    0.25478    0.37547    0.36768    0.24975    0.37647    0.29163
   0.29845    0.26929    0.39867    0.60714    0.36977    0.31355    0.34525    0.46429    0.20323    0.36383    0.43354    0.53571    0.75000    0.34477    0.13663    0.35084    0.36507    0.20795    0.37601    0.28675
   0.29367    0.29582    0.39353    0.46429    0.26207    0.33545    0.34834    0.89286    0.00000    0.36499    0.40676    0.36996    0.96429    0.50796    0.53709    0.60714    0.48026    0.20931    0.38309    0.29203
   0.30146    0.29828    0.39181    0.89286    0.32526    0.31873    0.34120    0.39286    0.66010    0.36085    0.41260    0.29563    0.60714    0.38843    0.39391    0.03571    0.31046    0.26845    0.60714    0.28772
   0.31599    0.30773    0.39525    0.82143    0.41102    0.31526    0.33946    0.17857    0.30240    0.38160    0.39661    0.84301    0.17857    0.45328    0.44320    0.82143    0.31883    0.29546    0.25000    0.28918
   0.30136    0.30654    0.39546    0.25000    0.33391    0.31543    0.34311    0.32143    0.35698    0.39145    0.40181    0.51861    0.46429    0.45150    0.29738    0.32143    0.37104    0.27939    0.89286    0.28628
   0.30371    0.30402    0.39481    0.32143    0.33158    0.31667    0.33940    0.00000    0.39488    0.40943    0.42172    0.50033    0.00000    0.46949    0.31621    0.53571    0.40288    0.33792    0.53571    0.28829
   0.28092    0.31345    0.39644    0.02640    0.38804    0.30989    0.33959    0.00000    0.35154    0.43137    0.38626    0.46856    0.05574    0.35653    0.31873    0.89286    0.41105    0.17084    0.96429    0.29266
   0.30575    0.30992    0.39522    0.11080    0.25960    0.34783    0.34357    0.08762    0.32984    0.35945    0.43200    0.46410    0.20789    0.46183    0.39845    0.25000    0.41323    0.27338    0.17857    0.31610
   0.31085    0.30146    0.39400    0.27893    0.36898    0.31259    0.34342    0.00000    0.35023    0.41396    0.41814    0.49778    0.24796    0.49218    0.29528    0.75000    0.53011    0.21224    0.67857    0.33017
   0.34151    0.30538    0.39442    0.11591    0.27559    0.29790    0.34373    0.03470    0.38753    0.37062    0.43330    0.33681    0.26166    0.43394    0.27932    0.10714    0.45430    0.28219    0.32143    0.33015
   0.27287    0.32140    0.03571    0.23518    0.33061    0.33300    0.34762    0.00000    0.51421    0.39129    0.39506    0.45346    0.09175    0.43019    0.33888    0.46429    0.34115    0.38627    0.82143    0.30517
   0.33435    0.27403    0.32143    0.27191    0.32170    0.31549    0.34604    0.01617    0.39562    0.38093    0.40942    0.49917    0.31310    0.43029    0.33548    0.67857    0.38525    0.27533    0.03571    0.33540
   0.28524    0.31491    0.17857    0.26912    0.36776    0.30958    0.34782    0.00000    0.42756    0.41541    0.42785    0.46595    0.23792    0.42766    0.33722    0.17857    0.37640    0.27027    0.46429    0.33930
   0.30891    0.30013    0.39286    0.40096    0.36791    0.31712    0.34719    0.00000    0.35459    0.44086    0.42819    0.43360    0.40632    0.38471    0.35509    0.96429    0.37074    0.26284    0.10714    0.32944
   0.31238    0.32828    0.46429    0.53987    0.35481    0.30631    0.34703    0.00000    0.36735    0.38874    0.39390    0.48872    0.34000    0.43186    0.29874    0.39286    0.36393    0.29052    0.75000    0.34491
   0.30936    0.32726    0.75000    0.40348    0.35189    0.32154    0.34241    0.05400    0.36399    0.38802    0.40744    0.46544    0.28931    0.45406    0.55049    0.00000    0.38012    0.32754    0.39286    0.33589
   0.31372    0.33268    0.89286    0.47460    0.38131    0.31804    0.82143    0.00000    0.38310    0.39715    0.40574    0.39851    0.37501    0.37041    0.44011    0.14333    0.39670    0.24210    0.00000    0.32839
   0.31678    0.31643    0.10714    0.40927    0.34744    0.31725    0.10714    0.07619    0.17935    0.38904    0.40735    0.55913    0.13142    0.43150    0.19619    0.27371    0.40027    0.27630    0.00000    0.34141
   0.31891    0.32240    0.25000    0.43481    0.34864    0.32163    0.46429    0.23030    0.34786    0.40257    0.40329    0.50466    0.28684    0.39050    0.39689    0.11713    0.41052    0.29201    0.00000    0.33162
   0.30792    0.34552    0.53571    0.47710    0.36870    0.31677    0.96429    0.18894    0.33413    0.39797    0.41870    0.43756    0.25856    0.46226    0.38145    0.54604    0.38079    0.24595    0.06639    0.32868
   0.30334    0.31605    0.60714    0.39428    0.33124    0.33503    0.67857    0.16216    0.30780    0.39096    0.42176    0.44038    0.39228    0.45374    0.37769    0.08503    0.30388    0.24636    0.23887    0.36031
   0.30633    0.32119    0.82143    0.38444    0.34694    0.35883    0.39286    0.14695    0.37196    0.39668    0.40507    0.42084    0.52559    0.43452    0.40947    0.00000    0.39869    0.31848    0.28759    0.29237
   0.30098    0.32124    0.67857    0.37041    0.33539    0.33273    0.75000    0.16979    0.35057    0.38883    0.39984    0.32448    0.35745    0.45782    0.33087    0.27540    0.41968    0.47339    0.49955    0.35236
   0.30074    0.33369    0.96429    0.42938    0.35495    0.35436    0.25000    0.38824    0.35114    0.39525    0.40260    0.43015    0.42662    0.43057    0.34916    0.12291    0.40535    0.51602    0.41285    0.82143
   0.30376    0.33138    0.00000    0.39694    0.34383    0.34146    0.60714    0.95224    0.33498    0.39356    0.39806    0.41960    0.42401    0.43681    0.36574    0.29277    0.37990    0.34715    0.39205    0.60714
   0.30892    0.33791    0.11110    0.41088    0.33002    0.31751    0.32143    0.49617    0.30966    0.39344    0.40313    0.41591    0.39242    0.43191    0.37376    0.26332    0.38900    0.36487    0.29963    0.32143
   0.30153    0.32993    0.44635    0.38237    0.34518    0.32258    0.03571    0.37622    0.35786    0.39646    0.40064    0.41706    0.42834    0.43349    0.34796    0.31056    0.38376    0.24049    0.41615    0.46429
   0.29508    0.33046    0.31345    0.38107    0.35734    0.33200    0.53571    0.34344    0.34418    0.39626    0.40647    0.41561    0.34503    0.42009    0.35687    0.38310    0.38710    0.28798    0.31062    0.10714
   0.30054    0.33031    0.45409    0.40032    0.35836    0.33768    0.89286    0.34274    0.32601    0.39652    0.40172    0.43333    0.57215    0.42886    0.37589    0.44174    0.39236    0.29167    0.36941    0.75000
   0.30576    0.33374    0.30323    0.35697    0.35092    0.33816    0.17857    0.26750    0.37748    0.60714    0.40293    0.39905    0.33183    0.44291    0.33899    0.41355    0.37820    0.32937    0.63828    0.96429
   0.30806    0.32178    0.30855    0.37650    0.35042    0.33277    0.40782    0.54433    0.37187    0.32143    0.39831    0.40324    0.45370    0.41918    0.35300    0.36598    0.40146    0.31830    0.41122    0.03571
   0.30122    0.32744    0.20253    0.35665    0.35815    0.33956    0.09852    0.40945    0.34924    0.25000    0.40712    0.39091    0.45552    0.41116    0.34976    0.30827    0.39073    0.28773    0.39897    0.25000
   0.30702    0.32620    0.22600    0.35114    0.34792    0.34111    0.60019    0.15311    0.35842    0.53571    0.41151    0.34695    0.40477    0.36755    0.33676    0.49512    0.38531    0.29069    0.37828    0.89286
   0.30832    0.32480    0.49237    0.42143    0.34547    0.33853    0.45062    0.30452    0.34270    0.17857    0.40788    0.41563    0.40373    0.36501    0.36090    0.47325    0.39904    0.28279    0.39945    0.53571
   0.30323    0.33306    0.01400    0.38427    0.36067    0.33925    0.58746    0.29200    0.32338    0.10714    0.40831    0.37340    0.39615    0.39330    0.36725    0.35981    0.39107    0.29338    0.41447    0.67857
   0.30113    0.33175    0.41847    0.40780    0.34696    0.35654    0.78456    0.37121    0.35522    0.96429    0.41204    0.39200    0.43960    0.37562    0.35300    0.30865    0.38826    0.31240    0.43679    0.39286
   0.30658    0.32617    0.39439    0.38080    0.36153    0.33036    0.50910    0.56013    0.36032    0.03571    0.10714    0.37594    0.40622    0.39974    0.35029    0.44839    0.38650    0.28249    0.43671    0.17857
   0.30344    0.33188    0.42115    0.36528    0.36089    0.34291    0.49914    0.35003    0.31451    0.89286    0.46429    0.41486    0.38644    0.38369    0.35338    0.38985    0.39489    0.22462    0.42493    0.07306
   0.30334    0.32698    0.38440    0.38465    0.35267    0.32915    0.55743    0.41252    0.37252    0.82143    0.75000    0.39932    0.37960    0.39421    0.37831    0.40038    0.39878    0.29923    0.37939    0.36772
   0.30490    0.33128    0.39264    0.39718    0.33793    0.32082    0.46020    0.41533    0.36901    0.46429    0.17857    0.40161    0.38161    0.42324    0.35492    0.38837    0.39108    0.24546    0.51942    0.37140
   0.30212    0.32922    0.46525    0.37466    0.35400    0.33190    0.42665    0.40223    0.36191    0.75000    0.03571    0.37676    0.39441    0.38578    0.35695    0.36618    0.38982    0.26877    0.49344    0.38398
   0.29946    0.60714    0.40066    0.38077    0.35090    0.33328    0.53994    0.45051    0.34758    0.67857    0.32143    0.38363    0.38022    0.40497    0.36035    0.33472    0.39100    0.27378    0.41780    0.38535
   0.30361    0.75000    0.39065    0.38544    0.34774    0.33453    0.51071    0.39064    0.34026    0.39286    0.60714    0.36827    0.38620    0.40715    0.35516    0.40967    0.38904    0.25365    0.51121    0.52972
   0.30521    0.32143    0.35625    0.40043    0.34835    0.34094    0.44816    0.41345    0.43452    0.00000    0.39286    0.38142    0.37122    0.41168    0.35711    0.37827    0.38843    0.25758    0.40248    0.41867
   0.30009    0.10714    0.40802    0.38596    0.34192    0.33417    0.49735    0.36539    0.38121    0.30488    0.67857    0.35766    0.37964    0.42956    0.34918    0.39880    0.39332    0.25950    0.42054    0.36576
   0.30979    0.53571    0.39119    0.40936    0.34762    0.33531    0.50495    0.38114    0.32630    0.26529    0.96429    0.37759    0.39857    0.42278    0.36775    0.37314    0.38713    0.27301    0.41611    0.46996
   0.29217    0.17857    0.32293    0.39406    0.34564    0.33561    0.47770    0.36378    0.36308    0.31977    0.82143    0.38348    0.36520    0.40654    0.36230    0.36798    0.38673    0.22507    0.39976    0.39123
   0.30212    0.96429    0.32970    0.37950    0.35374    0.34141    0.49116    0.32239    0.37006    0.50432    0.25000    0.39264    0.31398    0.42160    0.35677    0.39330    0.38953    0.27519    0.40633    0.34723
   0.30000    0.03571    0.37393    0.38325    0.34885    0.33361    0.47634    0.43652    0.36285    0.20760    0.53571    0.39503    0.36098    0.41314    0.35921    0.37458    0.39193    0.27904    0.40432    0.35382
   0.30184    0.82143    0.38838    0.39455    0.34781    0.33388    0.42213    0.43087    0.36065    0.26234    0.89286    0.39093    0.36457    0.40554    0.34323    0.38089    0.39189    0.27236    0.38743    0.27175
   0.82143    0.46429    0.39885    0.37931    0.34364    0.33849    0.52451    0.38790    0.36046    0.30516    0.00000    0.39635    0.38020    0.42347    0.35654    0.38194    0.39273    0.27271    0.39945    0.38405
   0.75000    0.89286    0.33253    0.41389    0.34898    0.33923    0.49803    0.40647    0.36307    0.32984    0.03047    0.39744    0.37495    0.40716    0.36248    0.35006    0.39275    0.27022    0.40466    0.45996
   0.39286    0.67857    0.37232    0.39320    0.34731    0.31600    0.47856    0.39518    0.36439    0.30161    0.31958    0.39616    0.39126    0.41913    0.36942    0.40329    0.39461    0.28287    0.39030    0.37190
   0.46429    0.25000    0.35579    0.38785    0.35025    0.33571    0.47825    0.37311    0.35745    0.29727    0.30802    0.39611    0.15092    0.40549    0.35025    0.39680    0.39849    0.28446    0.40133    0.37885
   0.32143    0.39286    0.39336    0.39262    0.34499    0.35023    0.51905    0.35443    0.36294    0.31719    0.42379    0.39895    0.38500    0.41876    0.34630    0.38594    0.38988    0.26806    0.41259    0.43736
   0.96429    0.00360    0.32126    0.38684    0.34643    0.33217    0.44836    0.37162    0.36181    0.25159    0.17936    0.39024    0.42186    0.39945    0.33841    0.40498    0.39872    0.27268    0.38997    0.07590
   0.89286    0.22005    0.38779    0.38816    0.34604    0.32020    0.51173    0.37777    0.35409    0.28516    0.33643    0.40412    0.39671    0.40044    0.36681    0.38024    0.38967    0.27349    0.43107    0.34631
   0.10714    0.31597    0.35883    0.38770    0.34646    0.33513    0.48423    0.37090    0.36058    0.34706    0.21167    0.40749    0.43173    0.41773    0.36835    0.37952    0.39013    0.27371    0.40011    0.32945
   0.03571    0.39366    0.33256    0.38451    0.34699    0.34429    0.48923    0.37379    0.35724    0.27577    0.35197    0.40344    0.39344    0.39723    0.36637    0.37991    0.38898    0.27523    0.39901    0.31363
   0.67857    0.30966    0.34672    0.38781    0.34209    0.30450    0.49712    0.37254    0.35801    0.28529    0.31295    0.40248    0.38734    0.39627    0.36700    0.38236    0.38876    0.27249    0.39169    0.37666
   0.53571    0.08176    0.37274    0.38740    0.34632    0.60714    0.48084    0.37269    0.35929    0.30668    0.40805    0.39357    0.37836    0.40211    0.36322    0.37359    0.38992    0.27330    0.39119    0.42513
   0.60714    0.44337    0.36189    0.38531    0.34659    0.46429    0.50334    0.37525    0.36126    0.28728    0.34350    0.39651    0.40258    0.38495    0.36714    0.37726    0.32143    0.27004    0.40639    0.35599
   0.25000    0.29068    0.40084    0.39274    0.34505    0.17857    0.50149    0.36422    0.35985    0.27930    0.35077    0.39007    0.37504    0.41340    0.37123    0.37731    0.10714    0.27035    0.39219    0.41790
   0.17857    0.28051    0.39033    0.38594    0.53571    0.32143    0.47448    0.38129    0.36160    0.26982    0.11344    0.39479    0.38464    0.40872    0.38225    0.37605    0.96429    0.27036    0.39469    0.49831
   0.28108    0.23504    0.34041    0.38636    0.67857    0.03571    0.46518    0.37245    0.36011    0.30029    0.43192    0.39582    0.37947    0.39075    0.39153    0.34830    0.60714    0.27275    0.40107    0.34972
   0.29680    0.45924    0.26809    0.38259    0.75000    0.25000    0.48223    0.37266    0.10714    0.31474    0.24878    0.39521    0.38063    0.39307    0.37882    0.37815    0.25000    0.27033    0.39728    0.43137
   0.47984    0.34449    0.34605    0.38293    0.17857    0.89286    0.42281    0.38384    0.60714    0.30913    0.28294    0.39378    0.37398    0.38929    0.36620    0.37095    0.82143    0.26940    0.39606    0.35063
   0.10375    0.29578    0.36023    0.38413    0.89286    0.10714    0.40420    0.38896    0.17857    0.29412    0.26338    0.39341    0.36629    0.40054    0.39861    0.38302    0.46429    0.27098    0.39787    0.34137
   0.65856    0.42787    0.35208    0.38686    0.96429    0.75000    0.41517    0.37701    0.53571    0.30219    0.23868    0.39257    0.38220    0.42116    0.38497    0.36215    0.53571    0.27426    0.39363    0.31601
   0.37074    0.25614    0.37770    0.38911    0.60714    0.96429    0.42806    0.37075    0.96429    0.39509    0.36805    0.39616    0.37815    0.38827    0.35152    0.36562    0.17857    0.26713    0.39050    0.34420
   0.32748    0.32961    0.36810    0.38514    0.39286    0.67857    0.42721    0.37823    0.75000    0.27535    0.35453    0.39787    0.36980    0.41167    0.35766    0.37035    0.75000    0.26893    0.38967    0.36713
   0.27440    0.35767    0.37836    0.38536    0.03571    0.82143    0.40929    0.37931    0.32143    0.29512    0.36849    0.39820    0.42618    0.40210    0.33491    0.37186    0.39286    0.26763    0.38446    0.44185
   0.33312    0.34013    0.36997    0.38875    0.10714    0.53571    0.38278    0.37549    0.67857    0.31804    0.31596    0.39800    0.36294    0.40414    0.35181    0.37089    0.03571    0.26673    0.39041    0.34290
   0.41011    0.31202    0.37402    0.38350    0.82143    0.39286    0.34146    0.37743    0.25000    0.01714    0.33779    0.39708    0.36928    0.39027    0.35715    0.37160    0.89286    0.26600    0.39250    0.38150
   0.34558    0.28103    0.36953    0.38765    0.25000    0.07301    0.38671    0.37361    0.03571    0.25069    0.37477    0.39616    0.38489    0.38264    0.34361    0.37009    0.67857    0.26728    0.39006    0.00000
   0.41220    0.30305    0.36268    0.38563    0.32143    0.65913    0.39476    0.37999    0.46429    0.26208    0.35811    0.39291    0.42008    0.40116    0.32563    0.36767    0.34379    0.26792    0.39080    0.23551
   0.26865    0.30856    0.36045    0.03571    0.46429    0.42779    0.37089    0.37644    0.82143    0.32143    0.34808    0.39471    0.39699    0.40143    0.37245    0.36618    0.03412    0.26937    0.39162    0.47395
   0.27258    0.29947    0.36234    0.17857    0.25734    0.45177    0.36395    0.38361    0.39286    0.27432    0.35941    0.39846    0.38769    0.39454    0.35772    0.36930    0.31663    0.26863    0.38963    0.35754
   0.19910    0.35817    0.36862    0.25000    0.65735    0.46730    0.38257    0.38083    0.89286    0.29390    0.33749    0.39535    0.37285    0.39523    0.37403    0.36755    0.31212    0.26790    0.67857    0.36561
   0.33260    0.34792    0.37356    0.10714    0.44575    0.38146    0.37544    0.37835    0.00000    0.22855    0.38015    0.39263    0.38902    0.38985    0.35635    0.37070    0.34997    0.26511    0.96429    0.37281
   0.30736    0.34503    0.36246    0.39286    0.54213    0.41200    0.38266    0.38093    0.13703    0.28690    0.34749    0.39052    0.40029    0.38469    0.35505    0.37264    0.38663    0.26628    0.75000    0.35501
   0.26803    0.34352    0.37333    0.53571    0.51277    0.43604    0.37892    0.37956    0.11966    0.28446    0.34391    0.39324    0.38101    0.39771    0.35468    0.36997    0.38183    0.26592    0.82143    0.35218
   0.28170    0.32777    0.37175    0.67857    0.54700    0.25600    0.39414    0.38118    0.09763    0.26997    0.33848    0.39401    0.37082    0.39511    0.33981    0.36861    0.34109    0.26686    0.53571    0.35589
   0.26261    0.31231    0.37010    0.32143    0.38269    0.40759    0.40271    0.38156    0.39881    0.29083    0.31840    0.39283    0.37999    0.39790    0.35514    0.36903    0.33388    0.26616    0.39286    0.33231
   0.31289    0.40606    0.36839    0.46429    0.35661    0.24318    0.37506    0.37937    0.27004    0.28332    0.36302    0.39268    0.38476    0.38857    0.35130    0.37063    0.46872    0.26398    0.10714    0.34568
   0.34048    0.32893    0.36623    0.60714    0.35492    0.42170    0.39288    0.38008    0.26441    0.29187    0.18728    0.39356    0.38338    0.82143    0.35208    0.37112    0.17178    0.26517    0.89286    0.36437
