   0.62500    0.62500    0.45833    0.37500    0.45833    0.37500    0.04167    0.62500    0.37500    0.62500    0.95833    0.54167    0.87500    0.87500    0.04167    0.45833    0.37500    0.29167    0.70833    0.70833
   0.79167    0.95833    0.12500    0.70833    0.29167    0.29167    0.54167    0.70833    0.95833    0.20833    0.37500    0.12500    0.45833    0.54167    0.20833    0.87500    0.45833    0.12500    0.12500    0.79167
   0.54167    0.79167    0.29167    0.12500    0.04167    0.04167    0.62500    0.12500    0.12500    0.54167    0.79167    0.04167    0.29167    0.79167    0.54167    0.70833    0.29167    0.37500    0.54167    0.45833
   0.87500    0.29167    0.79167    0.45833    0.37500    0.20833    0.87500    0.45833    0.20833    0.70833    0.12500    0.37500    0.37500    0.37500    0.87500    0.37500    0.12500    0.04167    0.79167    0.87500
   0.95833    0.54167    0.37500    0.95833    0.79167    0.54167    0.70833    0.20833    0.29167    0.95833    0.45833    0.79167    0.20833    0.95833    0.62500    0.20833    0.79167    0.79167    0.04167    0.04167
   0.29167    0.87500    0.04167    0.79167    0.87500    0.87500    0.79167    0.04167    0.54167    0.12500    0.29167    0.29167    0.95833    0.70833    0.29167    0.04167    0.04167    0.54167    0.62500    0.62500
   0.70833    0.12500    0.95833    0.20833    0.12500    0.12500    0.20833    0.95833    0.45833    0.87500    0.70833    0.70833    0.04167    0.29167    0.70833    0.95833    0.95833    0.45833    0.37500    0.37500
   0.04167    0.45833    0.62500    0.04167    0.20833    0.45833    0.29167    0.79167    0.70833    0.04167    0.54167    0.20833    0.79167    0.04167    0.37500    0.79167    0.20833    0.20833    0.95833    0.95833
   0.12500    0.70833    0.20833    0.54167    0.62500    0.79167    0.12500    0.54167    0.79167    0.29167    0.87500    0.62500    0.62500    0.62500    0.12500    0.62500    0.87500    0.95833    0.20833    0.12500
   0.45833    0.20833    0.70833    0.87500    0.95833    0.95833    0.37500    0.87500    0.87500    0.45833    0.20833    0.95833    0.70833    0.20833    0.45833    0.29167    0.70833    0.62500    0.45833    0.54167
   0.20833    0.04167    0.87500    0.29167    0.70833    0.70833    0.45833    0.29167    0.04167    0.79167    0.62500    0.87500    0.54167    0.45833    0.79167    0.12500    0.54167    0.87500    0.87500    0.20833
   0.37500    0.37500    0.54167    0.62500    0.54167    0.62500    0.95833    0.37500    0.62500    0.37500    0.04167    0.45833    0.12500    0.12500    0.95833    0.54167    0.62500    0.70833    0.29167    0.29167
   0.39724    0.00000    1.00000    0.33776    0.65878    0.66354    0.49097    0.33518    0.00000    0.05539    0.00000    0.38452    0.00000    0.97457    0.42624    0.00000    0.57364    0.44331    0.53324    0.00000
   0.31262    0.21360    0.72112    0.39504    0.15303    0.37846    0.10173    0.31307    0.28740    0.71106    0.29984    0.48222    0.52989    0.02491    0.45226    0.28544    0.26604    0.00337    0.44663    0.17529
   0.54832    0.33377    0.53720    0.27257    0.43589    0.29627    0.45078    0.45313    0.15837    0.49393    0.30327    0.33362    0.25662    0.61074    0.52708    0.35470    0.48142    0.35022    0.48166    0.37695
   0.15530    0.35729    0.53752    0.44498    0.32840    0.46569    0.10557    0.38241    0.38918    0.37394    0.00000    0.26858    0.41182    0.51246    0.34778    0.25974    0.25469    0.32225    0.44123    0.00000
   0.21628    0.49375    0.45245    0.21471    0.25195    0.39125    0.16737    0.35185    0.23711    0.43058    0.42374    0.32339    0.29193    0.53219    0.45947    0.10349    0.33210    0.32939    0.33963    0.00000
   0.22984    0.37012    0.33485    0.38451    0.38936    0.44611    0.18638    0.38669    0.22949    0.30438    0.09362    0.39953    0.12078    0.49896    0.37885    0.09035    0.46282    0.28496    0.62657    0.17828
   0.27649    0.33025    0.44193    0.37442    0.59810    0.31988    0.12307    0.23615    0.22046    0.65951    0.38286    0.23668    0.22644    0.51884    0.39768    0.53650    0.39380    0.37140    0.41843    0.20365
   0.23414    0.38943    0.49439    0.33329    0.35781    0.53296    0.30518    0.29364    0.01438    0.47965    0.30170    0.33667    0.30335    0.45005    0.31382    0.35553    0.34121    0.35777    0.42480    0.19262
   0.41375    0.37382    0.28942    0.18597    0.19282    0.29377    0.00000    0.33049    0.24935    0.47207    0.31736    0.33458    0.36971    0.42761    0.46028    0.10065    0.36351    0.39821    0.41608    0.17879
   0.25194    0.40681    0.59325    0.38838    0.42390    0.38683    0.13226    0.39494    0.23619    0.46426    0.32185    0.34538    0.35027    0.45159    0.61907    0.29498    0.37585    0.41440    0.39760    0.20820
   0.27375    0.15745    0.44680    0.36471    0.31129    0.34314    0.19156    0.38047    0.25447    0.48905    0.34339    0.37247    0.31564    0.42441    0.69981    0.27157    0.32279    0.33039    0.36791    0.17869
   0.21147    0.12495    0.44905    0.34328    0.31409    0.39602    0.25463    0.47606    0.25736    0.50193    0.40239    0.34353    0.29482    0.35250    0.49460    0.28547    0.37127    0.43920    0.43549    0.17743
   0.20579    0.39066    0.45004    0.46312    0.31528    0.37424    0.26344    0.51962    0.28205    0.54959    0.35267    0.34034    0.30928    0.38766    0.53898    0.26943    0.37827    0.38592    0.46385    0.20865
   0.28464    0.14199    0.44215    0.39672    0.35238    0.37840    0.30313    0.49290    0.40125    0.52829    0.32290    0.32014    0.31854    0.40861    0.49340    0.29199    0.35078    0.42758    0.40626    0.20791
   0.30970    0.57109    0.45479    0.51678    0.33854    0.37529    0.26823    0.51584    0.37821    0.54113    0.32879    0.35848    0.33827    0.39072    0.45907    0.30567    0.34918    0.44809    0.41034    0.20259
   0.31766    0.34149    0.42311    0.38179    0.32322    0.39075    0.25296    0.62882    0.46077    0.44078    0.20001    0.38162    0.34626    0.44373    0.45226    0.39163    0.33234    0.57108    0.40900    0.19660
   0.27175    0.55535    0.44442    0.38226    0.28663    0.36969    0.25170    0.52590    0.37880    0.44217    0.35822    0.51263    0.33815    0.44191    0.44386    0.42325    0.38133    0.40310    0.39255    0.21238
   0.30378    0.69230    0.41416    0.36761    0.34475    0.34612    0.26439    0.54617    0.35830    0.48550    0.31641    0.45646    0.33946    0.16341    0.45964    0.50626    0.37176    0.38554    0.36485    0.22155
   0.22332    0.47637    0.47124    0.36087    0.34737    0.35560    0.26711    0.57375    0.37830    0.65809    0.35266    0.37521    0.34967    0.40461    0.49648    0.15282    0.40352    0.37367    0.44486    0.21597
   0.20313    0.44036    0.47029    0.42788    0.27720    0.37659    0.25444    0.49307    0.23721    0.51709    0.35944    0.36450    0.35313    0.46242    0.46281    0.44048    0.37765    0.39365    0.36509    0.23359
   0.17460    0.43131    0.47828    0.37794    0.35446    0.35971    0.25339    0.42123    0.36530    0.49149    0.29933    0.35717    0.51483    0.42188    0.44477    0.41160    0.40085    0.39868    0.44212    0.24536
   0.34058    0.48951    0.43657    0.40246    0.32058    0.34751    0.27963    0.41832    0.33991    0.51240    0.34056    0.35353    0.35539    0.46778    0.39212    0.34815    0.47965    0.38995    0.42789    0.05313
   0.28953    0.48875    0.35838    0.38592    0.34939    0.35271    0.26135    0.44272    0.34746    0.50478    0.34040    0.33322    0.36828    0.43141    0.47828    0.47810    0.41145    0.41842    0.39693    0.18962
   0.27419    0.47945    0.44552    0.37971    0.39288    0.35174    0.25878    0.42471    0.38790    0.49575    0.32645    0.37539    0.36798    0.47700    0.49965    0.42850    0.40220    0.34357    0.39370    0.24407
   0.36881    0.46208    0.35844    0.36416    0.34043    0.35768    0.25965    0.41783    0.37691    0.48559    0.33128    0.37884    0.27519    0.41216    0.43889    0.44984    0.40681    0.46153    0.35467    0.16435
   0.33660    0.46990    0.50781    0.36337    0.33004    0.32082    0.27269    0.44267    0.36288    0.49473    0.32054    0.30444    0.88979    0.41268    0.45966    0.41463    0.01245    0.39976    0.34007    0.20242
   0.38002    0.45723    0.45899    0.38227    0.33488    0.36013    0.27152    0.42929    0.36449    0.47632    0.32453    0.39244    0.46752    0.41790    0.45858    0.44279    0.10743    0.38316    0.37547    0.23613
   0.35176    0.48383    0.46910    0.38969    0.34532    0.43466    0.28006    0.48059    0.38096    0.42328    0.32519    0.45498    0.41091    0.38069    0.44566    0.42954    0.38667    0.39035    0.27357    0.19521
   0.38784    0.51845    0.46467    0.36232    0.33384    0.34174    0.26625    0.32172    0.34587    0.46175    0.32572    0.37180    0.53844    0.42226    0.46150    0.44648    0.40110    0.39143    0.38678    0.30532
   0.35475    0.54372    0.42624    0.36923    0.31157    0.33018    0.27499    0.41508    0.30088    0.49187    0.32063    0.39400    0.45125    0.39595    0.43357    0.45841    0.37577    0.39462    0.83184    0.23575
   0.30009    0.58219    0.42445    0.37215    0.29040    0.35030    0.27015    0.42480    0.29504    0.51132    0.31528    0.39002    0.42070    0.18599    0.43685    0.40744    0.45488    0.38132    0.38688    0.27274
   0.29456    0.55835    0.43020    0.36700    0.29168    0.35514    0.27621    0.42931    0.33902    0.51465    0.31219    0.38054    0.41305    0.39922    0.45064    0.41801    0.39236    0.38873    0.35892    0.25699
   0.28394    0.54135    0.43574    0.37465    0.32896    0.34085    0.22765    0.43518    0.31160    0.50807    0.32241    0.36254    0.46760    0.41211    0.46563    0.39570    0.40535    0.39321    0.31980    0.23069
   0.29628    0.53317    0.43428    0.36687    0.33132    0.36168    0.27716    0.41532    0.31265    0.49616    0.32328    0.41270    0.87909    0.41720    0.41957    0.43894    0.36972    0.39306    0.38729    0.25897
   0.34517    0.47644    0.43681    0.36887    0.31805    0.33656    0.28733    0.42337    0.32074    0.50705    0.32529    0.38721    0.39465    0.41005    0.44256    0.44513    0.37693    0.41585    0.38313    0.24407
   0.33944    0.49730    0.43367    0.36814    0.33274    0.39556    0.27928    0.41658    0.31500    0.51059    0.31692    0.39926    0.49409    0.41739    0.43698    0.43336    0.21832    0.36114    0.37253    0.28041
   0.28985    0.48300    0.42657    0.36467    0.35865    0.37297    0.27974    0.41766    0.32349    0.48426    0.30567    0.32069    0.44403    0.41567    0.43398    0.42119    0.37632    0.38670    0.15166    0.22918
   0.25205    0.46820    0.22413    0.36338    0.32810    0.34759    0.27298    0.42177    0.28415    0.47327    0.33563    0.37359    0.43734    0.42309    0.44744    0.42365    0.34639    0.37799    0.56452    0.24058
   0.27573    0.42264    0.39301    0.12500    0.34118    0.36619    0.27913    0.41722    0.31246    0.48733    0.32685    0.39517    0.46288    0.41238    0.44684    0.41555    0.36918    0.56611    0.39685    0.23338
   0.27030    0.10934    0.42264    0.70833    0.32026    0.34976    0.27810    0.41951    0.28400    0.47688    0.33212    0.34976    0.45552    0.40977    1.00000    0.42505    0.38472    0.38463    0.40265    0.23722
   0.27343    0.41538    0.42742    0.62500    0.32864    0.35167    0.26687    0.42028    0.29955    0.49125    0.32505    0.37944    0.43642    0.41276    0.36573    0.41410    0.33968    0.38008    0.39503    0.23702
   0.32778    0.39989    0.42065    0.54167    0.30215    0.35568    0.27197    0.42138    0.33434    0.47816    0.30794    0.38419    0.42580    0.40632    0.18162    0.41876    0.37036    0.39313    0.40734    0.23641
   0.28780    0.46682    0.39033    0.04167    0.28199    0.35495    0.28339    0.41810    0.33981    0.50333    0.32797    0.38164    0.42649    0.41152    0.43661    0.41717    0.34634    0.37682    0.40843    0.12500
   0.27711    0.43710    0.41072    0.20833    0.32042    0.34148    0.29154    0.42032    0.34709    0.52059    0.32387    0.39389    0.42863    0.41050    0.73652    0.41911    0.37163    0.38558    0.39291    0.70833
   0.29820    0.41099    0.36584    0.79167    0.32143    0.34386    0.28309    0.41940    0.33187    0.55333    0.31562    0.38349    0.43346    0.41337    0.44007    0.42030    0.36375    0.38911    0.41427    0.45833
   0.32847    0.38435    0.40240    0.95833    0.32938    0.34383    0.28138    0.42103    0.36829    0.49196    0.32987    0.38054    0.44581    0.40956    0.43339    0.41688    0.36717    0.38566    0.39918    0.95833
   0.29889    0.43283    0.38934    0.45833    0.31756    0.34994    0.28308    0.41738    0.34738    0.27745    0.32245    0.38518    0.44134    0.41232    0.43319    0.42461    0.37721    0.41847    0.40412    0.20833
   0.29258    0.37282    0.38680    0.37500    0.32772    0.33834    0.28232    0.41844    0.34360    0.51809    0.32431    0.38158    0.46780    0.41111    0.43611    0.42069    0.36810    0.44009    0.40138    0.62500
   0.28345    0.45490    0.38606    0.29167    0.40216    0.34359    0.28592    0.41739    0.34407    0.51630    0.32539    0.38170    0.43730    0.41243    0.41274    0.42160    0.37142    0.42220    0.41176    0.37500
   0.27272    0.44923    0.39840    0.87500    0.35742    0.34649    0.28631    0.42270    0.32003    0.50671    0.29167    0.37806    0.44954    0.41275    0.00478    0.42539    0.37217    0.42334    0.40822    0.79167
   0.29635    0.45245    0.38844    0.00000    0.37257    0.34084    0.28233    0.42074    0.33882    0.54156    0.20833    0.37440    0.44007    0.41131    0.38671    0.42133    0.36895    0.41886    0.40786    0.04167
   0.26737    0.44864    0.39931    0.22431    0.32145    0.33878    0.28329    0.41897    0.34592    0.49326    0.12500    0.37237    0.42953    0.40977    0.41742    0.41886    0.37045    0.42328    0.42139    0.54167
   0.28136    0.43577    0.39543    0.08606    0.34255    0.33875    0.45833    0.41715    0.32847    0.40484    0.95833    0.37739    0.44472    0.41124    0.42208    0.42147    0.37598    0.42470    0.42060    0.29167
   0.23149    0.43778    0.38145    0.29043    0.34656    0.33862    0.70833    0.41576    0.18057    0.46980    0.62500    0.37283    0.41410    0.41149    0.37028    0.42280    0.36646    0.41778    0.42045    0.87500
   0.30003    0.44451    0.38952    0.42223    0.48812    0.34556    0.87500    0.41543    0.37459    0.50987    0.54167    0.37522    0.43054    0.40974    0.40370    0.42210    0.38446    0.41851    0.41093    0.27899
   0.19980    0.42179    0.36868    0.30438    0.34246    0.34271    0.95833    0.20833    0.35975    0.52054    0.45833    0.38567    0.41886    0.62500    0.42425    0.42164    0.37407    0.58931    0.41262    0.33542
   0.30963    0.42603    0.38832    0.32477    0.36810    0.34600    0.37500    0.04167    0.33599    0.56715    0.37500    0.37332    0.41742    0.70833    0.42428    0.42284    0.36147    0.39677    0.41015    0.06516
   0.31098    0.41827    0.35543    0.23841    0.36281    0.33950    0.79167    0.54167    0.34584    0.40522    0.04167    0.38905    0.43418    0.87500    0.42270    0.42628    0.36735    0.43558    0.42065    0.52114
   0.29247    0.42885    0.38025    0.29521    0.36740    0.34239    0.20833    0.87500    0.34947    0.47541    0.87500    0.38233    0.39894    0.54167    0.41259    0.42381    0.35777    0.41348    0.40160    0.61031
   0.25140    0.42461    0.36577    0.33456    0.34241    0.34506    0.62500    0.62500    0.35350    0.50326    0.79167    0.38724    0.40884    0.95833    0.41481    0.42611    0.36374    0.40587    0.41626    0.43966
   0.25382    0.43673    0.37523    0.16927    0.40671    0.34421    0.04167    0.70833    0.34467    0.44380    0.70833    0.38489    0.41755    0.20833    0.41483    0.12500    0.36492    0.41112    0.41821    0.45512
   0.29791    0.42533    0.36919    0.28970    0.37709    0.34212    0.12500    0.29167    0.36939    0.49383    0.08203    0.38028    0.40613    0.79167    0.42088    0.62500    0.37300    0.39577    0.41233    0.52008
   0.31292    0.42715    0.36913    0.27754    0.37477    0.34293    0.29167    0.37500    0.35238    0.47240    0.10276    0.37478    0.41024    0.04167    0.41643    0.20833    0.36045    0.40789    0.41226    0.43818
   0.31661    0.41538    0.37882    0.21799    0.37923    0.34604    0.54167    0.12500    0.38738    0.47945    0.31697    0.37828    0.41718    0.45833    0.41798    0.29167    0.36226    0.38557    0.41272    0.38984
   0.37368    0.42999    0.37147    0.24183    0.36652    0.34438    0.30577    0.45833    0.32751    0.45211    0.03499    0.38312    0.41133    0.12500    0.41537    0.54167    0.12500    0.40085    0.41314    0.46426
   0.35981    0.40406    0.37429    0.31509    0.35593    0.34442    0.59152    0.95833    0.34372    0.42731    0.29941    0.38946    0.42440    0.29167    0.41649    0.95833    0.45833    0.40638    0.41675    0.48940
   0.36295    0.36325    0.37384    0.31051    0.34651    0.34182    0.57588    0.79167    0.36027    0.38921    0.31270    0.38611    0.41783    0.37500    0.41950    0.04167    0.62500    0.39999    0.41444    0.39101
   0.34318    0.39505    0.37061    0.30709    0.35984    0.34340    0.53990    0.18436    0.35142    0.34421    0.28597    0.37996    0.42636    0.31468    0.42135    0.45833    0.04167    0.40644    0.41434    0.43919
   0.34470    0.40048    0.36549    0.42628    0.35252    0.34252    0.52310    0.23053    0.34009    0.39659    0.23786    0.38089    0.42170    0.40439    0.41674    0.70833    0.29167    0.40247    0.40894    0.37441
   0.35671    0.38858    0.37905    0.31694    0.34289    0.34367    0.44516    0.14301    0.35164    0.42238    0.33511    0.39600    0.41188    0.37150    0.41860    0.79167    0.79167    0.40563    0.40516    0.30526
   0.34393    0.39180    0.37140    0.35551    0.36072    0.34178    0.50861    0.68660    0.33223    0.42962    0.40515    0.29167    0.43037    0.26601    0.41809    0.37500    0.20833    0.40947    0.41010    0.39311
   0.38601    0.39974    0.36761    0.29067    0.34502    0.34078    0.51107    0.38710    0.32620    0.32296    0.34409    0.20833    0.41988    0.00000    0.41619    0.87500    0.70833    0.41247    0.41338    0.41461
   0.35100    0.39777    0.54167    0.35111    0.62500    0.20833    0.49474    0.33267    0.27445    0.40259    0.32170    0.54167    0.42197    0.21657    0.41619    0.04565    0.95833    0.40691    0.41521    0.42041
   0.35585    0.39562    0.62500    0.37577    0.95833    0.95833    0.49469    0.22667    0.32661    0.40945    0.32191    0.04167    0.43423    0.43127    0.79167    0.36860    0.37500    0.40396    0.41949    0.38837
   0.37265    0.40158    0.29167    0.31525    0.12500    0.54167    0.45730    0.23528    0.32515    0.40508    0.40902    0.12500    0.42563    0.27000    0.62500    0.23283    0.54167    0.40441    0.41331    0.37958
   0.33265    0.40304    0.95833    0.31940    0.29167    0.12500    0.51106    0.31531    0.31776    0.36930    0.57996    0.62500    0.43162    0.31516    0.45833    0.33862    0.87500    0.40449    0.41528    0.38032
   0.32043    0.40133    0.20833    0.30770    0.54167    0.37500    0.48897    0.30531    0.32262    0.39633    0.66575    0.37500    0.42673    0.24052    0.12500    0.25534    0.00000    0.40291    0.41009    0.40255
   0.31997    0.40583    0.12500    0.25941    0.20833    0.29167    0.48670    0.35470    0.31918    0.38389    0.56397    0.87500    0.41726    0.35256    0.70833    0.28310    0.34339    0.40608    0.41529    0.36378
   0.31789    0.40738    0.87500    0.37650    0.79167    0.70833    0.53322    0.40502    0.31331    0.35861    0.43909    0.95833    0.42065    0.78471    0.04167    0.34185    0.36732    0.40264    0.41390    0.39888
   0.33857    0.39950    0.79167    0.33104    0.45833    0.62500    0.46234    0.30654    0.30578    0.35759    0.45384    0.45833    0.42404    0.19864    0.95833    0.65669    0.27325    0.40513    0.41704    0.40339
   0.31649    0.40123    0.04167    0.31490    0.70833    0.87500    0.49682    0.32899    0.32086    0.40209    0.47782    0.79167    0.42232    0.29627    0.29167    0.37052    0.20773    0.40379    0.41710    0.41020
   0.33275    0.40602    0.70833    0.33126    0.87500    0.45833    0.47595    0.37522    0.33023    0.40052    0.49257    0.70833    0.41410    0.31198    0.87500    0.39279    0.39861    0.40452    0.62500    0.37603
   0.32768    0.40377    0.37500    0.30867    0.04167    0.04167    0.49085    0.54293    0.29815    0.39838    0.49493    0.03145    0.41628    0.31356    0.54167    0.35553    0.34760    0.40377    0.20833    0.39492
   0.34834    0.40542    0.45833    0.30345    0.37500    0.79167    0.47973    0.35481    0.32810    0.42134    0.46475    0.56128    0.41199    0.31693    0.37500    0.42527    0.36119    0.29167    0.87500    0.38031
   0.32005    0.40569    0.00213    0.28465    0.41546    0.00000    0.48609    0.39656    0.32969    0.39948    0.48253    0.53311    0.39909    0.31548    0.20833    0.41220    0.34501    0.87500    0.95833    0.39203
   0.34695    0.29167    0.48053    0.31457    0.51112    0.16043    0.47452    0.43182    0.34326    0.39449    0.41267    0.50435    0.39757    0.31733    0.59616    0.42780    0.30530    0.54167    0.29167    0.39765
   0.32240    0.79167    0.35274    0.29841    0.18895    0.52567    0.47782    0.29775    0.32877    0.40067    0.35298    0.86510    0.40617    0.29568    0.47775    0.36681    0.29799    0.04167    0.45833    0.36555
   0.75959    0.04167    0.30177    0.32643    0.26786    0.54787    0.47191    0.32879    0.33301    0.39185    0.44178    0.51291    0.40548    0.42387    0.58425    0.39534    0.21039    0.37500    0.54167    0.38585
   0.33838    0.12500    0.39652    0.32793    0.29417    0.48240    0.33385    0.33544    0.33226    0.39640    0.42108    0.47376    0.40100    0.33960    0.52562    0.41303    0.25256    0.20833    0.70833    0.38496
   0.32939    0.62500    0.34251    0.45912    0.30141    0.49180    0.44783    0.26918    0.32692    0.39769    0.32434    0.42917    0.38901    0.24352    0.21553    0.38415    0.31187    0.79167    0.04167    0.29311
   0.35704    0.45833    0.42939    0.51750    0.27768    0.42022    0.46187    0.45070    0.31265    0.39843    0.43282    0.41024    0.40020    0.29298    1.00000    0.40873    0.26937    0.62500    0.12500    0.40324
   0.32416    0.54167    0.39938    0.52887    0.26814    0.52916    0.45152    0.36248    0.33925    0.38577    0.34870    0.30239    0.40297    0.29080    0.43364    0.40792    0.39161    0.95833    0.79167    0.42930
   0.33384    0.37500    0.90303    0.51586    0.32093    0.44932    0.43081    0.61178    0.33080    0.38786    0.43985    0.41268    0.40436    0.28161    0.46545    0.38878    0.38428    0.45833    0.37500    0.24066
   0.34161    0.87500    0.59542    0.39299    0.39562    0.46195    0.46604    0.38097    0.33135    0.12500    0.39690    0.45675    0.40091    0.31055    0.46634    0.39758    0.28527    0.12500    0.39658    0.39175
   0.33648    0.95833    0.58969    0.43860    0.33947    0.50704    0.45693    0.35334    0.34145    0.20833    0.37139    0.48194    0.40161    0.32012    0.45943    0.39804    0.39714    0.70833    0.36084    0.39596
   0.34122    0.20833    0.54151    0.40903    0.36918    0.48421    0.44069    0.36209    0.37500    0.95833    0.38147    0.38609    0.40002    0.30757    0.43608    0.40564    0.43845    0.33243    0.50391    0.35863
   0.33558    0.70833    0.54029    0.46092    0.31638    0.48799    0.45804    0.35090    0.12500    0.29167    0.39479    0.38241    0.40338    0.31274    0.41162    0.41336    0.41701    0.36620    0.47945    0.39854
   0.32623    1.00000    0.56572    0.40736    0.31680    0.49570    0.45292    0.36498    0.20833    0.54167    0.39917    0.46223    0.40093    0.31569    0.39078    0.43408    0.43481    0.41925    0.40658    0.39255
   0.32703    1.00000    0.58280    0.38306    0.33884    0.44528    0.47122    0.37483    0.29167    0.37500    0.38907    0.43426    0.40358    0.31046    0.31600    0.39226    0.48768    0.29821    0.82675    0.40394
   0.33608    0.78665    0.62064    0.37468    0.34219    0.12861    0.52411    0.36876    0.95833    0.62500    0.40029    0.45747    0.39748    0.32208    0.41636    0.40930    0.59516    0.67822    0.52412    0.39904
   0.33025    0.68820    0.66829    0.38060    0.32143    0.46027    0.49005    0.37310    0.45833    0.45833    0.38417    0.43367    0.40329    0.32648    0.45062    0.41851    0.51910    0.35576    0.48678    0.40667
   0.32904    0.55636    0.61379    0.41173    0.26187    0.41668    0.46563    0.38089    0.54167    0.70833    0.37434    0.47019    0.62500    0.31065    0.41480    0.38199    0.50144    0.35505    0.54903    0.40486
   0.32890    0.47506    0.62779    0.40779    0.28215    0.42201    0.36982    0.37058    0.04167    0.04167    0.39529    0.44738    0.70833    0.31941    0.33332    0.41022    0.50627    0.41334    0.55554    0.40426
   0.33239    0.49941    0.58350    0.42191    0.33917    0.38539    0.46848    0.34664    0.70833    0.79167    0.43544    0.45229    0.79167    0.32402    0.35205    0.39423    0.49382    0.38519    0.52622    0.39921
   0.32882    0.43136    0.52361    0.40547    0.33493    0.49039    0.47184    0.38610    0.79167    0.87500    0.41892    0.40537    0.87500    0.32347    0.39938    0.38884    0.46811    0.40018    0.51871    0.39970
   0.33626    0.58216    0.47747    0.41050    0.39831    0.45003    0.45318    0.39033    0.87500    0.00000    0.39748    0.39762    0.54167    0.31845    0.33283    0.39855    0.42241    0.37770    0.43580    0.44734
   0.33075    0.54790    0.52198    0.41776    0.32363    0.43479    0.45598    0.38210    0.62500    0.25523    0.39509    0.48934    0.95833    0.31914    0.33982    0.40770    0.43132    0.37519    0.37613    0.40293
   0.33464    0.53899    0.48291    0.41355    0.34630    0.40456    0.44498    0.37367    0.87846    0.32421    0.39712    0.45040    0.04167    0.32444    0.38990    0.39590    0.42043    0.38488    0.50449    0.39177
   0.33571    0.58020    0.47858    0.41119    0.31694    0.43343    0.45584    0.40764    0.00277    0.37895    0.38303    0.44802    0.45833    0.32010    0.41653    0.38977    0.41300    0.38044    0.46744    0.39662
   0.32614    0.58142    0.47694    0.40746    0.31583    0.39631    0.45362    0.41948    0.32261    0.32804    0.39467    0.45727    0.12500    0.32155    0.40545    0.39923    0.39838    0.38285    0.41423    0.40767
   0.33130    0.51179    0.45519    0.42754    0.34501    0.39300    0.44980    0.38118    0.17540    0.29215    0.39174    0.45373    0.20833    0.29167    0.37245    0.39347    0.28610    0.40156    0.45231    0.39469
   0.32801    0.48030    0.40188    0.42510    0.27903    0.39162    0.44875    0.38556    0.40456    0.29289    0.39034    0.45506    0.29167    0.87500    0.34753    0.36209    0.41117    0.47434    0.43435    0.41922
   0.33211    0.43605    0.44722    0.40615    0.38081    0.38742    0.44081    0.41026    0.42576    0.23914    0.38829    0.43833    0.37500    0.37500    0.40027    0.38136    0.43490    0.56283    0.44197    0.40317
   0.32750    0.50086    0.45212    0.41430    0.36103    0.00000    0.43699    0.39139    0.50477    0.35244    0.39040    0.55889    0.80279    0.04167    0.39785    0.38849    0.43035    0.47432    0.44827    0.41299
   0.32816    0.53484    0.47201    0.42791    0.32169    0.45948    0.43152    0.36497    0.49396    0.28033    0.38648    0.42205    0.60568    0.79167    0.38579    0.39192    0.43926    0.44297    0.43315    0.40050
   0.32843    0.50089    0.45529    0.41725    0.32702    0.41658    0.43846    0.36454    0.35942    0.43418    0.38974    0.27488    0.53091    0.54167    0.38113    0.38179    0.45419    0.53447    0.38302    0.40458
   0.33026    0.42680    0.48858    0.38091    0.33171    0.39714    0.74588    0.35650    0.42802    0.37111    0.38638    0.42658    0.44540    0.45833    0.39433    0.38469    0.44620    0.44236    0.44392    0.39994
   0.95833    0.40095    0.43823    0.40686    0.31927    0.40170    0.54872    0.30475    0.42532    0.46342    0.39337    0.41549    0.50174    0.20833    0.27900    0.39641    0.42698    0.37285    0.41942    0.40588
   0.70833    0.42230    0.44085    0.41804    0.31037    0.38779    0.42361    0.32400    0.37044    0.30752    0.39627    0.41259    0.43903    0.95833    0.36942    0.38537    0.41957    0.46034    0.39575    0.39759
   0.87500    0.47358    0.43543    0.41803    0.31633    0.42033    0.40595    0.37977    0.37600    0.41879    0.38984    0.40246    0.39963    0.62500    0.38387    0.39081    0.40368    0.44381    0.36449    0.39694
   0.37500    0.41809    0.43792    0.41366    0.32017    0.41170    0.42826    0.32192    0.46214    0.31589    0.38986    0.39628    0.44089    0.12500    0.36811    0.39057    0.43285    0.46915    0.37424    0.39705
   0.20833    0.40979    0.43050    0.41635    0.34218    0.39108    0.39409    0.40694    0.41493    0.18338    0.39215    0.42500    0.40267    0.70833    0.37156    0.39163    0.42162    0.46425    0.41371    0.39607
   0.45833    0.41457    0.43205    0.41758    0.32081    0.40401    0.41313    0.38501    0.35694    0.32200    0.39269    0.41050    0.36923    0.32284    0.36576    0.39131    0.44353    0.44681    0.39076    0.39919
   0.54167    0.40497    0.42300    0.41872    0.32008    0.41192    0.40120    0.38614    0.31802    0.33873    0.39330    0.41720    0.40773    0.37583    0.37324    0.39538    0.44054    0.46735    0.43070    0.40263
   0.79167    0.49545    0.43671    0.41623    0.32447    0.40524    0.40575    0.33912    0.42409    0.37734    0.39136    0.42234    0.43944    0.39322    0.37226    0.38647    0.40514    0.44489    0.41275    0.62500
   0.62500    0.42817    0.43434    0.42123    0.31435    0.39869    0.40059    0.34000    0.38626    0.51486    0.37500    0.41153    0.46834    0.28646    0.37183    0.38753    0.39897    0.44659    0.41272    0.20833
   0.12500    0.40617    0.43995    0.41348    0.30720    0.41097    0.40690    0.33566    0.37740    0.34701    0.95833    0.41356    0.42770    0.41714    0.37168    0.38776    0.39311    0.44153    0.41037    0.95833
   0.29167    0.38068    0.43093    0.41709    0.32146    0.42548    0.41142    0.35543    0.36165    0.40365    0.54167    0.41575    0.50900    0.30337    0.36080    0.38943    0.41147    0.44016    0.42130    0.29167
   0.04167    0.39150    0.42853    0.41568    0.30289    0.41001    0.39245    0.35613    0.42303    0.41848    0.12500    0.41846    0.43251    0.36175    0.37666    0.38533    0.44378    0.42247    0.40678    0.12500
   0.00000    0.39368    0.43575    0.41845    0.30478    0.40399    0.45719    0.35371    0.35093    0.37230    0.20833    0.41914    0.46217    0.40392    0.31044    0.38951    0.41588    0.25415    0.39344    0.45833
   0.46424    0.37516    0.43175    0.41362    0.31024    0.40486    0.43832    0.36009    0.32349    0.37427    0.29167    0.40963    0.39988    0.39000    0.37300    0.87500    0.36515    0.40657    0.39310    0.54167
   0.24934    0.41170    0.43196    0.41501    0.31326    0.40911    0.44006    0.34855    0.38183    0.33993    0.70833    0.42008    0.42620    0.34201    0.38636    0.54167    0.40798    0.42403    0.41053    0.87500
   0.33483    0.41468    0.43152    0.41783    0.30785    0.40612    0.47684    0.36370    0.38548    0.35551    0.79167    0.42008    0.42864    0.43038    0.37211    0.04167    0.41514    0.41716    0.41550    0.70833
   0.35607    0.42473    0.43422    0.70833    0.31337    0.42019    0.41725    0.35909    0.37564    0.38108    0.87500    0.41114    0.40904    0.35364    0.37057    0.20833    0.41677    0.41397    0.43594    0.04167
   0.00000    0.37452    0.43401    0.37500    0.31007    0.41145    0.46230    0.35824    0.38315    0.34979    0.45833    0.40918    0.38840    0.34299    0.36379    0.37500    0.42025    0.45189    0.39913    0.79167
   0.32378    0.36377    0.43169    0.20833    0.31545    0.41045    0.42393    0.36045    0.37403    0.37743    0.04167    0.39305    0.41390    0.40372    0.37170    0.70833    0.34113    0.45406    0.40811    0.37500
   0.23033    0.39571    0.43026    0.12500    0.31596    0.41118    0.42441    0.36130    0.38058    0.37353    0.62500    0.39795    0.40802    0.61953    0.37757    0.29167    0.41788    0.46936    0.41543    0.57164
   0.56249    0.39055    0.43407    0.45833    0.31539    0.41406    0.41128    0.35481    0.37065    0.36627    0.18940    0.40062    0.34089    0.40628    0.38332    0.62500    0.41137    0.44237    0.41752    0.42044
   0.40633    0.38879    0.43105    0.95833    0.31442    0.41278    0.40528    0.35888    0.36502    0.35817    0.27992    0.40024    0.23780    0.55818    0.37724    0.79167    0.42258    0.44161    0.41277    0.33016
   0.37627    0.36862    0.43029    0.04167    0.31327    0.41690    0.41072    0.36532    0.37812    0.35648    0.42589    0.39953    0.34836    0.43063    0.37231    0.95833    0.39593    0.45102    0.40723    0.37197
   0.44586    0.37816    0.42869    0.54167    0.31498    0.41402    0.40518    0.35965    0.37209    0.37139    0.42382    0.39417    0.40265    0.39371    0.37023    0.45833    0.44109    0.46617    0.41477    0.35521
   0.36745    0.34026    0.42898    0.87500    0.31542    0.41525    0.41090    0.36965    0.38016    0.32112    0.36268    0.36485    0.38182    0.39660    0.36898    0.12500    0.37765    0.43785    0.41505    0.37245
   0.37313    0.37824    0.42846    0.79167    0.87500    0.41618    0.41211    0.37216    0.34511    0.34632    0.54708    0.39538    0.41988    0.41475    0.37047    0.03305    0.31822    0.43211    0.41148    0.47948
   0.39616    0.39364    0.44086    0.62500    0.54167    0.41667    0.41881    0.40622    0.37729    0.33144    0.39484    0.38552    0.40332    0.36887    0.36326    0.22583    0.39784    0.44113    0.41151    0.35982
   0.41987    0.38701    0.43270    0.29167    0.37500    0.42067    0.41717    0.38015    0.35255    0.35510    0.41808    0.40171    0.63601    0.39666    0.36902    0.26438    0.38231    0.46907    0.40826    0.37978
   0.44389    0.38751    0.42555    0.03920    0.29167    0.42392    0.41408    0.37025    0.36564    0.35869    0.40508    0.39677    0.36174    0.37267    0.36940    0.33159    0.39785    0.35189    0.40822    0.38938
   0.39008    0.38884    0.43001    0.56866    0.04167    0.41250    0.40975    0.37047    0.35936    0.34550    0.46956    0.39094    0.43989    0.43074    0.87500    0.32523    0.38489    0.47599    0.40523    0.45705
   0.41440    0.39251    0.42619    0.43903    0.20833    0.41787    0.20833    0.37395    0.37577    0.32855    0.39308    0.39820    0.37835    0.38545    0.62500    0.15382    0.39590    0.46973    0.40222    0.37390
   0.40939    0.38845    0.41894    0.37755    0.79167    0.41612    0.45833    0.29167    0.34823    0.32931    0.39402    0.41154    0.36484    0.38101    0.54167    0.19070    0.40449    0.42354    0.40281    0.43342
   0.43065    0.39202    0.41363    0.39461    0.95833    0.41662    0.62500    0.87500    0.32281    0.32658    0.45272    0.38549    0.37151    0.38564    0.79167    0.26758    0.38908    0.36954    0.40263    0.40581
   0.44015    0.39024    0.39748    0.41095    0.70833    0.41523    0.70833    0.04167    0.34413    0.32440    0.40438    0.39568    0.35966    0.38892    0.70833    0.28559    0.39097    0.37177    0.39966    0.40743
   0.34144    0.38470    0.42144    0.43270    0.62500    0.41568    0.87500    0.37500    0.35321    0.35249    0.40679    0.39313    0.37058    0.38564    0.04167    0.27018    0.39112    0.37279    0.39578    0.41158
   0.43606    0.38854    0.40832    0.42965    0.45833    0.41469    0.04167    0.79167    0.35143    0.35993    0.28952    0.39261    0.38595    0.38305    0.95833    0.27342    0.38776    0.36126    0.39518    0.41212
   0.42225    0.39237    0.41765    0.47575    0.12500    0.41612    0.95833    0.45833    0.37528    0.34679    0.61810    0.38941    0.34101    0.39260    0.29167    0.29618    0.39594    0.37940    0.39642    0.41014
   0.43577    0.38753    0.42253    0.40860    0.38882    0.41687    0.12500    0.54167    0.39965    0.32569    0.45073    0.39426    0.05251    0.38392    0.20833    0.25727    0.39154    0.39366    0.39501    0.43396
   0.47874    0.38377    0.41418    0.33732    0.47166    0.41521    0.29167    0.20833    0.36324    0.33386    0.43253    0.39494    0.28457    0.39210    0.45833    0.25352    0.39643    0.39047    0.39385    0.41805
   0.38800    0.38927    0.42180    0.48842    0.39098    0.41623    0.37500    0.62500    0.37702    0.33554    0.42311    0.38995    0.33286    0.38346    0.37500    0.23434    0.41255    0.39999    0.39432    0.41121
   0.50149    0.38983    0.41673    0.28355    0.23961    0.41845    0.54167    0.95833    0.36704    0.33245    0.42325    0.40371    0.33283    0.37773    0.12500    0.28595    0.40075    0.36658    0.39500    0.42752
   0.48627    0.38588    0.42564    0.36689    0.34940    0.44229    0.79167    0.12500    0.35848    0.31769    0.48768    0.40585    0.35649    0.37312    0.00000    0.23336    0.39994    0.43304    0.39775    0.43542
   0.49017    0.38990    0.41144    0.28766    0.29991    0.41666    0.70558    0.70833    0.36854    0.33147    0.40992    0.40906    0.33463    0.35517    0.45232    0.26199    0.39281    0.00000    0.62500    0.42776
   0.48697    0.38801    0.41396    0.43650    0.28721    0.41775    0.43914    0.00000    0.37609    0.31065    0.46523    0.41432    0.37838    0.37007    0.46784    0.30829    0.39540    0.38443    0.70833    0.41442
   0.45792    0.38923    0.41433    0.38491    0.46289    0.41702    0.44330    0.45509    0.35851    0.34180    0.58952    0.41086    0.36251    0.38279    0.47918    0.31641    0.62500    0.39950    0.87500    0.40327
   0.49624    0.38911    0.41218    0.40375    0.31406    0.41563    0.40395    0.20915    0.37077    0.34272    0.41603    0.41222    0.35227    0.35153    0.39086    0.79581    0.70833    0.38578    0.04167    0.36044
   0.44206    0.45833    0.41329    0.42954    0.35472    0.41668    0.31572    0.18106    0.38172    0.33976    0.40279    0.40700    0.35351    0.36540    0.40978    0.30102    0.12500    0.39869    0.20833    0.40605
   0.45737    0.20833    0.41442    0.43156    0.60456    0.40919    0.39391    0.31162    0.36521    0.34710    0.37510    0.41162    0.35470    0.36388    0.31402    0.33292    0.20833    0.37357    0.45833    0.39698
   0.47176    0.12500    0.41416    0.46513    0.37512    0.41561    0.36611    0.30397    0.36702    0.34361    0.37738    0.40548    0.36424    0.34853    0.26308    0.35185    0.04167    0.39826    0.54167    0.39389
   0.43088    0.95833    0.41096    0.39962    0.22804    0.41590    0.36967    0.32794    0.37166    0.34411    0.37357    0.40688    0.35117    0.35547    0.45566    0.29974    0.54167    0.36861    0.79167    0.35184
   0.42951    0.29167    0.20833    0.42834    0.31868    0.45833    0.40252    0.34796    0.37124    0.33666    0.35633    0.40874    0.35763    0.36252    0.46189    0.26339    0.45833    0.39196    0.95833    0.39468
   0.41799    0.37500    0.04167    0.40151    0.29823    0.79167    0.34932    0.28486    0.37229    0.33773    0.59759    0.40755    0.35922    0.37155    0.44420    0.28333    0.95833    0.38788    0.12500    0.40832
   0.48414    0.62500    0.62500    0.47011    0.28214    0.37500    0.39463    0.31985    0.37385    0.38314    0.39914    0.04167    0.35859    0.37037    0.52428    0.32504    0.79167    0.38917    0.29167    0.39543
   0.36945    0.70833    0.12500    0.55046    0.32446    0.29167    0.30504    0.32057    0.39386    0.34287    0.43562    0.20833    0.35273    0.37141    0.49925    0.42116    0.87500    0.39535    0.37500    0.40001
   0.43491    0.04167    0.29167    0.83946    0.35330    0.12500    0.42870    0.31885    0.36896    0.34207    0.44554    0.70833    0.35434    0.37045    0.42717    0.34994    0.29167    0.39110    0.80889    0.38622
   0.44995    0.87500    0.45833    0.55780    0.33692    0.04167    0.42234    0.32489    0.37496    0.34941    0.45567    0.62500    0.36336    0.37211    0.44794    0.32442    0.37500    0.38739    0.47766    0.39930
   0.42302    0.79167    0.54167    0.50775    0.32559    0.95833    0.36930    0.33227    0.37308    0.33848    0.48434    0.45833    0.35785    0.36904    0.51463    0.53306    0.49565    0.40026    0.22818    0.40272
   0.42818    0.54167    0.70833    0.52513    0.33146    0.87500    0.38515    0.33088    0.37042    0.87500    0.48097    0.87500    0.35883    0.37170    0.39910    0.31863    0.60386    0.39745    0.53278    0.39811
   0.43959    0.36316    0.87500    0.16714    0.34701    0.70833    0.34805    0.46730    0.36996    0.79167    0.47143    0.12500    0.36074    0.36979    0.48030    0.28732    0.55452    0.39180    0.44824    0.39703
   0.42482    0.11208    0.37500    0.41957    0.34231    0.62500    0.00000    0.32212    0.37417    0.04167    0.49036    0.54167    0.35547    0.37013    0.26743    0.45488    0.76356    0.39854    0.48520    0.40105
   0.42701    0.28075    0.95833    0.37954    0.33267    0.20833    0.33555    0.35464    0.37200    0.45833    0.45479    0.37500    0.35853    0.36885    0.37732    0.30246    0.56393    0.39778    0.46220    0.39989
   0.43417    0.27540    0.79167    0.37397    0.33259    0.54167    0.31097    0.34270    0.37531    0.29167    0.45519    0.29167    0.35525    0.36903    0.42242    0.90735    0.48507    0.39089    0.41648    0.39978
   0.42099    0.22527    0.70005    0.24606    0.32342    0.02176    0.33992    0.34047    0.37136    0.37500    0.46370    0.79167    0.45833    0.36893    0.32225    0.30443    0.57177    0.39642    0.41195    0.40009
   0.43078    0.29342    0.00000    0.37858    0.31109    0.57856    0.38010    0.36470    0.37225    0.62500    0.46891    0.95833    0.62500    0.36886    0.46693    0.31019    0.54989    0.39783    0.51026    0.39807
   0.44099    0.26898    0.45770    0.33022    0.32304    0.57983    0.36482    0.36924    0.37245    0.70833    0.45157    0.22513    0.70833    0.45833    0.43961    0.32227    0.49802    0.39881    0.36493    0.39952
   0.43171    0.26002    0.15845    0.47493    0.34999    0.40727    0.35667    0.32755    0.37274    0.54167    0.45604    0.37707    0.87500    0.12500    0.45221    0.34695    0.48182    0.40057    0.36171    0.39889
   0.44494    0.28657    0.25886    0.39976    0.31488    0.34952    0.35955    0.39570    0.37330    0.95833    0.45531    0.44421    0.79167    0.62500    0.42405    0.30543    0.49394    0.39851    0.44043    0.79167
   0.43280    0.30673    0.10788    0.40344    0.32113    0.46325    0.36419    0.37858    0.37314    0.20833    0.46417    0.75701    0.04167    0.29167    0.45569    0.31933    0.53677    0.40082    0.42790    0.29167
   0.43373    0.29492    0.25944    0.42285    0.32767    0.44314    0.34512    0.37996    0.37500    0.12500    0.44704    0.35781    0.95833    0.79167    0.44744    0.34375    0.36938    0.39324    0.42425    0.04167
   0.54897    0.31324    0.19906    0.39060    0.32767    0.42623    0.34061    0.37952    0.70833    0.32320    0.45265    0.32514    0.20833    0.95833    0.44336    0.28246    0.56106    0.39691    0.38903    0.87500
   0.42462    0.33948    0.19822    0.37780    0.32424    0.37550    0.35312    0.32256    0.87500    0.27915    0.45234    0.28927    0.12500    0.04167    0.41927    0.31192    0.46265    0.87500    0.33853    0.54167
   0.44322    0.37621    0.16951    0.39990    0.31739    0.36732    0.35367    0.36328    0.79167    0.12186    0.44323    0.29013    0.29167    0.20833    0.44846    0.31504    0.43133    0.95833    0.48346    0.62500
   0.43468    0.41420    0.31116    0.40774    0.33032    0.04064    0.32365    0.34702    0.45833    0.44035    0.44101    0.27025    0.37500    0.70833    0.42840    0.31219    0.42498    0.45833    0.60044    0.37500
   0.43287    0.39700    0.22660    0.40448    0.32673    0.39915    0.35440    0.36370    0.04167    0.47079    0.44712    0.36100    0.54167    0.37500    0.45991    0.32386    0.73331    0.37500    0.44888    0.45833
   0.43935    0.37895    0.22391    0.39075    0.32687    0.39578    0.36922    0.36271    0.95833    0.54139    0.44097    0.00000    0.02535    0.87500    0.41187    0.29757    0.53538    0.20833    0.42292    0.12500
   0.43934    0.46419    0.19218    0.39184    0.31947    0.40171    0.37781    0.35520    0.54167    0.63241    0.43698    0.38930    0.42481    0.54167    0.41417    0.30998    0.46307    0.29167    0.44817    0.95833
   0.42813    0.36257    0.20070    0.39262    0.33541    0.36570    0.37804    0.35435    0.20833    0.48872    0.45283    0.23039    0.22111    0.41638    0.41749    0.30437    0.44028    0.70833    0.43282    0.70833
   0.41328    0.35172    0.20176    0.39032    0.32233    0.38877    0.33686    0.35720    0.12500    0.47774    0.45135    0.38725    0.25512    0.50955    0.37338    0.31976    0.50460    0.79167    0.41281    0.20833
   0.42130    0.37506    0.21548    0.38739    0.32786    0.39323    0.34292    0.35339    0.29167    0.48130    0.43402    0.14104    0.30300    0.43916    0.33041    0.31387    0.45590    0.62500    0.42099    0.22811
   0.42254    0.36368    0.21819    0.38351    0.32555    0.33692    0.36826    0.34660    0.62500    0.52117    0.43368    0.32173    0.33156    0.43141    0.36181    0.30764    0.27811    0.54167    0.46430    0.10087
   0.41994    0.42198    0.25188    0.39123    0.33292    0.00000    0.33081    0.34259    0.03193    0.53327    0.41524    0.32709    0.24371    0.37804    0.44238    0.31457    0.47193    0.04167    0.43531    0.48433
   0.42019    0.09172    0.63227    0.39152    0.33384    0.25322    0.41520    0.34507    0.55147    0.51953    0.42239    0.30584    0.15785    0.31964    0.35238    0.30710    0.43936    0.12500    0.43655    0.35199
   0.42822    0.28312    0.31242    0.38893    0.33509    0.31966    0.33569    0.34401    0.42273    0.56722    0.42877    0.27107    0.27035    0.38587    0.36750    0.30463    0.44366    0.00000    0.41036    0.18697
   0.41062    0.14304    0.25858    0.38807    0.33205    0.35521    0.34605    0.33657    0.41114    0.45341    0.42419    0.34049    0.14248    0.45247    0.33495    0.30996    0.44737    0.00000    0.39039    0.37715
   0.42023    0.29067    0.32948    0.38920    0.32959    0.32151    0.33613    0.34138    0.42342    0.49136    0.42073    0.33705    0.60470    0.49545    0.38708    0.31148    0.45887    0.30947    0.41812    0.30286
   0.43071    0.34571    0.26720    0.38827    0.33038    0.35501    0.34489    0.35095    0.40294    0.42969    0.41615    0.21253    0.37400    0.28995    0.36343    0.31439    0.46722    0.23632    0.42500    0.35162
   0.41893    0.35300    0.27218    0.39223    0.33220    0.17610    0.36145    0.34652    0.38536    0.53476    0.41090    0.30277    0.32100    0.35841    0.36865    0.31303    0.44174    0.55724    0.44100    0.36625
   0.42317    0.33630    0.26378    0.39183    0.33017    0.39733    0.35325    0.34401    0.28041    0.41638    0.38370    0.31829    0.31794    0.33945    0.37718    0.30961    0.44783    0.49698    0.43118    0.32003
   0.41621    0.36198    0.11904    0.39013    0.33238    0.30036    0.36785    0.34304    0.41774    0.49284    0.41714    0.30959    0.24856    0.46186    0.34674    0.31011    0.43065    0.45384    0.42070    0.28178
   0.41546    0.35784    0.00000    0.38907    0.33337    0.30442    0.35208    0.34034    0.49263    0.29148    0.40574    0.30958    0.27517    0.59199    0.38632    0.31209    0.43749    0.58993    0.40422    0.49535
   0.41259    0.36994    0.30760    0.39135    0.33157    0.35082    0.36418    0.34309    0.30570    0.41417    0.41366    0.33899    0.26112    0.40092    0.35209    0.31100    0.44009    0.51001    0.39731    0.42271
   0.40954    0.36768    0.38749    0.39099    0.33068    0.32464    0.35027    0.34401    0.43076    0.38562    0.41957    0.23090    0.26834    0.48224    0.36876    0.30774    0.43404    0.41535    0.40030    0.46639
   0.41770    0.37474    0.29288    0.39056    0.33159    0.32202    0.34840    0.34760    0.42564    0.42154    0.40337    0.36441    0.25326    0.38853    0.39785    0.30862    0.43157    0.64916    0.39842    0.60221
   0.41641    0.35084    0.28369    0.39317    0.33280    0.33106    0.35059    0.34267    0.40447    0.41840    0.41955    0.31652    0.25964    0.34350    0.36211    0.30662    0.43925    0.50642    0.42450    0.43439
   0.41746    0.34991    0.29508    0.29167    0.32945    0.33704    0.34972    0.34286    0.31807    0.38829    0.45743    0.31820    0.28663    0.34751    0.35374    0.31040    0.43310    0.52009    0.42096    0.43301
   0.41362    0.35513    0.29901    0.95833    0.79167    0.27512    0.35566    0.34032    0.01873    0.38953    0.40937    0.32624    0.23551    0.34319    0.36171    0.31074    0.42947    0.52919    0.43590    0.47309
   0.41688    0.37029    0.29253    0.79167    0.12500    0.33358    0.35032    0.34153    0.42055    0.41184    0.39970    0.31741    0.22136    0.37945    0.38088    0.79167    0.42785    0.48399    0.40898    0.49395
   0.42316    0.36037    0.30133    0.54167    0.37500    0.33020    0.34666    0.34293    0.20980    0.39050    0.41094    0.31368    0.24575    0.33622    0.36470    0.04167    0.43428    0.48928    0.42356    0.43712
   0.41023    0.36240    0.28523    0.12500    0.45833    0.33933    0.34612    0.34203    0.31388    0.37746    0.41064    0.30070    0.26787    0.34973    0.36731    0.12500    0.42988    0.52148    0.42144    0.41474
   0.40811    0.35865    0.28907    0.37500    0.95833    0.32730    0.34979    0.34199    0.22040    0.42452    0.41946    0.31075    0.28072    0.36535    0.36550    0.37500    0.41858    0.48494    0.41947    0.35284
   0.40989    0.38372    0.29033    0.62500    0.29167    0.33107    0.34905    0.34469    0.23989    0.43385    0.41287    0.30729    0.27449    0.34617    0.37141    0.70833    0.41652    0.47710    0.41811    0.32126
   0.40771    0.37022    0.29387    0.87500    0.70833    0.33864    0.34683    0.34316    0.32969    0.39612    0.41119    0.30103    0.28805    0.37242    0.37795    0.45833    0.42704    0.49254    0.41482    0.37410
   0.40281    0.37534    0.27386    0.45833    0.04167    0.32384    0.34239    0.34190    0.33664    0.41210    0.41256    0.29862    0.26677    0.35715    0.36384    0.54167    0.41993    0.46468    0.41774    0.33883
   0.40893    0.35159    0.28211    0.20833    0.54167    0.34611    0.34643    0.34333    0.64920    0.44162    0.29167    0.29964    0.27614    0.37484    0.37403    0.29167    0.42359    0.42068    0.42246    0.37953
   0.40646    0.38829    0.29935    0.04167    0.62500    0.34948    0.32788    0.34159    0.34927    0.40278    0.12500    0.30335    0.27777    0.36431    0.37293    0.62500    0.42301    0.41186    0.42006    0.44577
   0.40721    0.37130    0.27919    0.70833    0.87500    0.34221    0.34867    0.34121    0.32293    0.40216    0.37500    0.30538    0.26315    0.37217    0.36383    0.87500    0.42456    0.37995    0.43307    0.36575
   0.40729    0.39372    0.27163    0.24319    0.20833    0.33958    0.34053    0.34075    0.32487    0.43702    0.04167    0.30732    0.30673    0.36132    0.38232    0.95833    0.42326    0.40586    0.44164    0.38714
   0.40518    0.39222    0.29159    0.00000    0.37032    0.34396    0.33388    0.95833    0.29580    0.44392    0.45833    0.29583    0.27175    0.36887    0.37157    0.20833    0.41976    0.39904    0.48738    0.36708
   0.40582    0.37355    0.29986    0.40597    0.40974    0.34177    0.33803    0.87500    0.28924    0.40932    0.20833    0.30709    0.24633    0.38207    0.36147    0.62919    0.42146    0.49897    0.43451    0.38411
   0.40603    0.37919    0.28801    0.24354    0.38018    0.34018    0.34525    0.54167    0.31286    0.40754    0.79167    0.29698    0.24500    0.35419    0.35806    0.39313    0.41984    0.43859    0.43338    0.38257
   0.39918    0.39121    0.28309    0.12459    0.51032    0.33934    0.34203    0.79167    0.30726    0.38545    0.54167    0.30146    0.26018    0.35084    0.37809    0.35872    0.42107    0.38157    0.42953    0.32624
   0.39263    0.36839    0.27816    1.00000    0.45288    0.33965    0.34444    0.37500    0.31554    0.40409    0.95833    0.30355    0.26088    0.34915    0.36558    0.37683    0.41639    0.41449    0.41080    0.36810
   0.38802    0.39050    0.28348    0.40136    0.45904    0.34246    0.34530    0.70833    0.31333    0.41689    0.62500    0.30552    0.26743    0.35557    0.36105    0.39045    0.42094    0.43371    0.42568    0.39857
   0.39678    0.40216    0.28647    0.50148    0.45823    0.34241    0.34495    0.29167    0.29751    0.40100    0.87500    0.29518    0.25604    0.35185    0.36687    0.32609    0.42023    0.41420    0.41847    0.38660
   0.39335    0.39316    0.28073    0.27792    0.43718    0.33879    0.87500    0.62500    0.32789    0.40166    0.70833    0.30247    0.26899    0.36403    0.37830    0.24513    0.42066    0.42616    0.41484    0.37271
   0.39732    0.39049    0.27529    0.29864    0.44713    0.34491    0.79167    0.20833    0.33076    0.40590    0.00000    0.30608    0.26882    0.37304    0.37326    0.39520    0.41812    0.42047    0.42963    0.36086
   0.40381    0.40129    0.28015    0.23840    0.51958    0.34238    0.29167    0.45833    0.32859    0.40766    0.56349    0.30250    0.12500    0.37334    0.37045    0.30932    0.41866    0.41362    0.40699    0.37721
   0.39100    0.37506    0.28501    0.24607    0.46761    0.34367    0.95833    0.12500    0.33548    0.42597    0.38898    0.30492    0.37500    0.34636    0.37889    0.30268    0.12500    0.40691    0.40814    0.38317
   0.39081    0.37843    0.12500    0.22291    0.32649    0.34252    0.37500    0.04167    0.32897    0.39793    0.32203    0.30244    0.70833    0.35224    0.36271    0.26271    0.37500    0.41460    0.41268    0.39727
   0.39896    0.38994    0.95833    0.27035    0.48726    0.34190    0.45833    0.58668    0.32517    0.41679    0.49461    0.29769    0.04167    0.36055    0.37060    0.30930    0.20833    0.42216    0.41665    0.37544
   0.39774    0.38065    0.37500    0.17925    0.46151    0.34161    0.54167    0.00000    0.23489    0.41042    0.41417    0.30222    0.45833    0.35516    0.37083    0.32951    0.45833    0.40900    0.40818    0.38923
   0.20833    0.38565    0.79167    0.23334    0.42680    0.34269    0.62500    0.51339    0.29823    0.40078    0.40604    0.30059    0.20833    0.35222    0.37223    0.30638    0.70833    0.41427    0.41653    0.38410
   0.87500    0.38094    0.29167    0.23051    0.45589    0.34318    0.04167    0.29014    0.29907    0.41425    0.39098    0.29784    0.79167    0.35215    0.37338    0.42969    0.04167    0.41846    0.41035    0.38107
   0.45833    0.37144    0.45833    0.23138    0.43436    0.34344    0.70833    0.24125    0.31305    0.40872    0.41801    0.29456    0.54167    0.35913    0.37553    0.32305    0.95833    0.41065    0.40671    0.39200
   0.29167    0.37222    0.54167    0.25123    0.44876    0.34461    0.20833    0.43440    0.31024    0.41544    0.39550    0.29709    0.95833    0.35287    0.37326    0.83060    0.29167    0.41191    0.40926    0.38191
   0.62500    0.40128    0.70833    0.27697    0.48938    0.34464    0.12500    0.33679    0.32951    0.41612    0.42246    0.30289    0.29167    0.35231    0.54167    0.56512    0.54167    0.41306    0.41080    0.38251
   0.04167    0.39263    0.20833    0.27470    0.40171    0.34312    0.18398    0.18445    0.32963    0.41552    0.37956    0.30542    0.62500    0.34740    0.70833    0.54984    0.79167    0.41129    0.40430    0.38611
   0.95833    0.38014    0.62500    0.27063    0.40119    0.34489    0.54822    0.32948    0.29101    0.42111    0.39197    0.31056    0.87500    0.35092    0.37500    0.60736    0.62500    0.41614    0.40465    0.38888
   0.37500    0.37177    0.04167    0.26979    0.40013    0.79167    0.29120    0.35362    0.31853    0.41366    0.43337    0.45833    0.47695    0.35123    0.04167    0.49353    0.87500    0.41206    0.40589    0.38396
   0.70833    0.37419    0.87500    0.28692    0.43223    0.45833    0.17524    0.34590    0.34092    0.41653    0.41755    0.79167    0.37833    0.34816    0.87500    0.40257    0.35320    0.41196    0.40411    0.38661
   0.54167    0.38394    0.00000    0.26698    0.43468    0.70833    0.38615    0.24835    0.30001    0.41552    0.54249    0.62500    0.37488    0.35095    0.20833    0.40621    0.01260    0.95833    0.40545    0.38781
   0.12500    0.36087    0.47152    0.25275    0.41545    0.37500    0.38007    0.51729    0.31754    0.41812    0.71175    0.04167    0.30679    0.35380    0.79167    0.40837    0.00000    0.12500    0.39993    0.29167
   0.79167    0.37226    0.26696    0.26413    0.38397    0.04167    0.33345    0.47061    0.31737    0.41671    0.48531    0.29167    0.44153    0.34917    0.12500    0.56871    0.38808    0.37500    0.29167    0.54167
   0.62782    0.37027    0.21816    0.25587    0.40705    0.12500    0.36455    0.48142    0.30504    0.41305    0.48512    0.12500    0.26609    0.35482    0.95833    0.44226    0.21841    0.29167    0.95833    0.37500
   0.13925    0.36997    0.48762    0.24647    0.40502    0.87500    0.32974    0.39749    0.34171    0.41274    0.51328    0.87500    0.30507    0.35339    0.62500    0.40222    0.23609    0.45833    0.12500    0.20833
   0.80474    0.36820    0.47501    0.26614    0.42073    0.95833    0.34081    0.39546    0.32491    0.41294    0.49936    0.70833    0.37286    0.34977    0.29167    0.42644    0.21455    0.79167    0.45833    0.04167
   0.34172    0.37510    0.33386    0.26588    0.43182    0.62500    0.31075    0.34403    0.30131    0.41643    0.46751    0.95833    0.50210    0.34817    0.45833    0.44664    0.20841    0.20833    0.79167    0.87500
   0.47337    0.37612    0.36445    0.24624    0.44060    0.29167    0.31887    0.36514    0.31630    0.41570    0.21245    0.37500    0.43591    0.35110    0.76288    0.48458    0.26384    0.54167    0.62500    0.12500
   0.53671    0.37669    0.32016    0.25763    0.38329    0.54167    0.30536    0.44634    0.32900    0.41576    0.41203    0.20833    0.37348    0.34910    0.34866    0.56956    0.25358    0.70833    0.37500    0.95833
   0.42980    0.37750    0.30731    0.25525    0.34539    0.20833    0.29926    0.44276    0.33768    0.41879    0.44520    0.54167    0.37203    0.34941    0.40597    0.75869    0.23844    0.62500    0.20833    0.79167
   0.45603    0.37675    0.51529    0.25581    0.37629    0.11515    0.27014    0.44959    0.32078    0.41726    0.44831    0.13991    0.37754    0.34854    0.39715    0.59969    0.33325    0.87500    0.54167    0.62500
   0.36033    0.37431    0.40910    0.25159    0.40160    0.32200    0.45231    0.44429    0.32824    0.41875    0.46809    0.35225    0.37594    0.35025    0.38680    0.45295    0.27339    0.04167    0.87500    0.45833
   0.33251    0.37532    0.69138    0.26437    0.39569    0.43600    0.31334    0.41165    0.32985    0.41781    0.44607    0.38575    0.38086    0.34540    0.40487    0.34181    0.28479    0.00000    0.04167    0.70833
   0.38870    0.37385    0.46691    0.23410    0.39616    0.42954    0.31133    0.42799    0.32652    0.42014    0.45660    0.26628    0.37004    0.34709    0.40064    0.38743    0.29493    0.50610    0.70833    0.12660
   0.35315    0.37539    0.34264    0.36077    0.40369    0.42463    0.20476    0.40065    0.33152    0.70833    0.43998    0.37102    0.37217    0.34375    0.41724    0.46677    0.27544    0.22849    0.46253    0.38407
   0.27648    0.62500    0.21629    0.20198    0.40064    0.35491    0.35859    0.42163    0.34342    0.45833    0.43504    0.40506    0.36053    0.33915    0.37962    0.46936    0.31252    0.27762    0.00000    0.36049
   0.41580    0.29167    0.37711    0.25454    0.41462    0.39087    0.29216    0.47263    0.32926    0.12500    0.44404    0.28290    0.36055    0.34473    0.27477    0.45301    0.29625    0.31739    0.22148    0.30433
   0.38756    0.79167    0.41663    0.25452    0.39317    0.39982    0.26524    0.40059    0.33873    0.04167    0.43583    0.31872    0.36056    0.45833    0.22288    0.49108    0.30241    0.31683    0.29076    0.39543
   0.39955    0.45833    0.40135    0.26640    0.39987    0.39273    0.28987    0.51097    0.33384    0.20833    0.42763    0.30942    0.37358    0.70833    0.40110    0.45208    0.28757    0.20240    0.14705    0.40750
   0.37255    0.12500    0.40325    0.24599    0.40899    0.43272    0.31247    0.46174    0.33148    0.62500    0.42038    0.37802    0.36696    0.04167    0.33132    0.41874    0.28360    0.39479    0.24723    0.35663
   0.36216    0.04167    0.41225    0.24335    0.39469    0.32848    0.31473    0.48585    0.33747    0.37500    0.41767    0.38085    0.38593    0.37500    0.32030    0.43521    0.26820    0.22544    0.27645    0.32822
   0.33855    0.95833    0.42485    0.24797    0.38510    0.45163    0.62247    0.44381    0.33751    0.79167    0.42688    0.38405    0.34790    0.20833    0.27134    0.44916    0.30492    0.52147    0.11703    0.39157
   0.37113    0.87500    0.41443    0.23011    0.37254    0.41058    0.35255    0.45790    0.33478    0.95833    0.42316    0.39719    0.36497    0.87500    0.37837    0.47038    0.29680    0.31446    0.24932    0.32827
   0.40442    0.54167    0.39612    0.24284    0.37335    0.41473    0.28454    0.46884    0.33869    0.87500    0.43117    0.40569    0.34864    0.12500    0.09465    0.45979    0.29949    0.30108    0.20678    0.33784
   0.35924    0.20833    0.37755    0.24656    0.35864    0.37716    0.31298    0.48744    0.34241    0.54167    0.41273    0.41812    0.34720    0.79167    0.31281    0.44006    0.31233    0.33030    0.24503    0.32954
   0.37589    0.70833    0.33447    0.24578    0.37812    0.48649    0.29882    0.43041    0.45833    0.29167    0.41975    0.38397    0.34546    0.62500    0.30933    0.45390    0.30537    0.44339    0.21996    0.27168
   0.55020    0.37500    0.37107    0.24932    0.39665    0.33103    0.32522    0.55620    0.95833    0.41367    0.40494    0.37293    0.34965    0.95833    0.22175    0.44705    0.29907    0.31666    0.22595    0.32112
   0.37735    0.52334    0.38749    0.24997    0.38303    0.35454    0.36111    0.48305    0.12500    0.00000    0.40840    0.39264    0.33539    0.29167    0.29992    0.43770    0.31022    0.26642    0.22160    0.35979
   0.37511    0.56138    0.41435    0.24719    0.40180    0.35908    0.72588    0.49944    0.20833    0.39775    0.41270    0.47987    0.33798    0.54167    0.33342    0.44102    0.35531    0.29123    0.23145    0.30507
   0.37453    0.50529    0.33603    0.24641    0.37974    0.34011    0.35078    0.50979    0.62500    0.38711    0.42428    0.31948    0.34133    0.00000    0.31343    0.44429    0.33432    0.29210    0.21579    0.29585
   0.37089    0.51283    0.39433    0.24915    0.38905    0.27560    0.31031    0.52223    0.29167    0.53162    0.41483    0.40209    0.33987    0.53490    0.28670    0.45795    0.35979    0.32202    0.21671    0.27780
   0.38281    0.44518    0.34666    0.25048    0.39968    0.35203    0.38729    0.51093    0.70833    0.19248    0.40178    0.43204    0.33243    0.61051    0.33049    0.42916    0.37682    0.26123    0.25380    0.12371
   0.35055    0.57726    0.38236    0.25077    0.40055    0.25238    0.36780    0.48673    0.37500    0.38442    0.41446    0.39317    0.35890    0.60492    0.34210    0.44147    0.40858    0.29882    0.22920    0.29579
   0.40343    0.00000    0.36764    0.25009    0.39580    0.31394    0.42931    0.47162    0.79167    0.39415    0.40199    0.37724    0.33537    0.42515    0.33107    0.44756    0.40271    0.30991    0.22849    0.34695
   0.36068    0.35350    0.35541    0.24775    0.39375    0.34667    0.37630    0.53316    0.87500    0.40143    0.39805    0.29611    0.37825    0.34879    0.35791    0.44539    0.48636    0.30080    0.22601    0.27232
   0.35219    0.35108    0.35863    0.25064    0.41509    0.37061    0.36193    0.46206    0.04167    0.43195    0.42788    0.72708    0.41286    0.53504    0.34854    0.43065    0.40593    0.22171    0.22401    0.28058
   0.36392    0.41134    0.35856    0.24885    0.39982    0.34957    0.36940    0.43032    0.54167    0.44088    0.38455    0.47081    0.32890    0.52938    0.33664    0.42282    0.41958    0.32024    0.23394    0.20133
   0.36311    0.43270    0.34413    0.25038    0.39599    0.37800    0.30545    0.45440    0.00052    0.41851    0.39769    0.50830    0.63882    0.59233    0.37190    0.41726    0.40609    0.29374    0.22716    0.32594
   0.37742    0.43968    0.34779    0.25020    0.39443    0.40255    0.34401    0.45918    0.32820    0.37835    0.40067    0.44485    0.41732    0.51380    0.36773    0.40382    0.53512    0.30851    0.21548    0.27463
   0.37164    0.43474    0.35729    0.24904    0.40060    0.33813    0.36720    0.43620    0.31075    0.36483    0.40546    0.44114    0.39438    0.49202    0.37383    0.42359    0.37285    0.28393    0.26771    0.28996
   0.37512    0.44802    0.34306    0.24907    0.39894    0.62672    0.34899    0.44389    0.27106    0.32128    0.40629    0.39323    0.41423    0.46021    0.38283    0.39201    0.39022    0.28904    0.24143    0.29033
