   0.39286    0.25000    0.10714    0.89286    0.03571    0.25000    0.75000    0.96429    0.39286    0.67857    0.17857    0.67857    0.46429    0.17857    0.60714    0.53571    0.96429    0.46429    0.67857    0.03571
   0.03571    0.67857    0.25000    0.17857    0.25000    0.67857    0.60714    0.46429    0.32143    0.75000    0.75000    0.96429    0.03571    0.53571    0.75000    0.60714    0.39286    0.82143    0.17857    0.32143
   0.32143    0.39286    0.60714    0.46429    0.32143    0.46429    0.46429    0.82143    0.25000    0.53571    0.60714    0.60714    0.10714    0.25000    0.96429    0.10714    0.17857    0.75000    0.10714    0.53571
   0.82143    0.96429    0.53571    0.03571    0.46429    0.39286    0.82143    0.39286    0.82143    0.39286    0.89286    0.17857    0.39286    0.32143    0.17857    0.17857    0.75000    0.10714    0.03571    0.10714
   0.25000    0.10714    0.82143    0.39286    0.89286    0.89286    0.32143    0.10714    0.53571    0.82143    0.32143    0.53571    0.32143    0.10714    0.89286    0.25000    0.89286    0.67857    0.46429    0.75000
   0.53571    0.53571    0.67857    0.25000    0.17857    0.17857    0.89286    0.75000    0.96429    0.89286    0.53571    0.10714    0.75000    0.60714    0.46429    0.32143    0.32143    0.03571    0.25000    0.39286
   0.10714    0.82143    0.96429    0.67857    0.60714    0.03571    0.03571    0.67857    0.10714    0.03571    0.03571    0.75000    0.82143    0.96429    0.32143    0.03571    0.53571    0.60714    0.39286    0.82143
   0.89286    0.17857    0.03571    0.32143    0.39286    0.96429    0.96429    0.32143    0.89286    0.96429    0.96429    0.25000    0.17857    0.03571    0.67857    0.96429    0.46429    0.39286    0.60714    0.17857
   0.46429    0.46429    0.32143    0.75000    0.82143    0.82143    0.10714    0.25000    0.03571    0.10714    0.46429    0.89286    0.25000    0.39286    0.53571    0.67857    0.67857    0.96429    0.75000    0.60714
   0.75000    0.89286    0.17857    0.60714    0.10714    0.10714    0.67857    0.89286    0.46429    0.17857    0.67857    0.46429    0.67857    0.89286    0.10714    0.75000    0.10714    0.32143    0.53571    0.25000
   0.17857    0.03571    0.46429    0.96429    0.53571    0.60714    0.17857    0.60714    0.17857    0.60714    0.10714    0.82143    0.60714    0.67857    0.82143    0.82143    0.25000    0.89286    0.96429    0.89286
   0.67857    0.60714    0.39286    0.53571    0.67857    0.53571    0.53571    0.17857    0.75000    0.46429    0.39286    0.39286    0.89286    0.75000    0.03571    0.89286    0.82143    0.25000    0.89286    0.46429
   0.96429    0.32143    0.75000    0.82143    0.75000    0.32143    0.39286    0.53571    0.67857    0.25000    0.25000    0.03571    0.96429    0.46429    0.25000    0.39286    0.60714    0.17857    0.82143    0.67857
   0.60714    0.75000    0.89286    0.10714    0.96429    0.75000    0.25000    0.03571    0.60714    0.32143    0.82143    0.32143    0.53571    0.82143    0.39286    0.46429    0.03571    0.53571    0.32143    0.96429
   0.25807    0.02170    0.55762    0.76546    0.36370    0.66082    0.21723    1.00000    0.31820    1.00000    1.00000    0.27918    0.29630    0.47599    0.00000    0.95663    0.25264    0.00000    0.98695    1.00000
   0.00000    0.88314    0.02181    0.96552    0.00483    0.00000    0.23556    0.65416    0.02372    0.68103    0.61943    0.56388    0.44575    0.22816    0.31214    1.00000    0.00000    0.82304    1.00000    0.84863
   0.49414    0.34207    0.31447    1.00000    0.42000    0.27588    0.53138    0.91839    0.52679    0.68645    0.76078    0.92898    0.32924    0.33889    0.19852    0.91280    0.48435    0.61976    1.00000    0.61605
   0.36878    0.29727    0.36199    0.67081    0.34779    0.22440    0.22966    0.69734    0.38663    0.65128    0.87905    0.76610    0.32422    0.61763    0.20908    0.78147    0.51137    0.70106    1.00000    1.00000
   0.21382    0.00000    0.29798    0.67906    0.22380    0.00000    0.08409    0.41571    0.44396    0.51392    0.79995    0.70428    0.45535    0.42958    0.33254    0.94936    0.56597    0.52535    1.00000    0.80468
   0.44790    0.00000    0.39460    0.71074    0.37941    0.19741    0.52255    0.77447    0.29664    0.74647    0.72209    0.78066    0.37111    0.64072    0.18069    1.00000    0.39771    0.51702    1.00000    0.83654
   0.27196    0.39578    0.27128    0.75519    0.41485    0.30062    0.33512    0.83904    0.52349    0.62413    0.78007    0.69616    0.22999    0.95514    0.34130    0.83335    0.51680    0.66807    1.00000    1.00000
   0.31398    0.32725    0.24430    0.61452    0.38805    0.16061    0.35921    0.61709    0.46876    0.64137    0.72092    0.66339    0.50872    0.57547    0.24168    1.00000    0.40168    0.37193    1.00000    0.77741
   0.15984    0.30557    0.29533    0.66451    0.32668    0.21737    0.30049    0.54134    0.45069    0.38544    0.86118    0.63381    0.52210    0.65049    0.36331    1.00000    0.43910    0.52781    0.85185    0.73074
   0.38278    0.59027    0.29640    0.74606    0.31641    0.23586    0.33194    0.56095    0.52701    0.00385    0.69952    0.60870    0.39309    0.36884    0.20397    0.95359    0.50331    0.11479    1.00000    0.87710
   0.28206    0.23218    0.27686    0.63640    0.38080    0.23187    0.25450    0.67780    0.41445    0.38020    0.75185    0.65812    0.38821    0.58978    0.35572    1.00000    0.57354    0.42571    1.00000    0.87165
   0.26979    0.26986    0.34672    0.64045    0.40469    0.25274    0.24086    0.46901    0.41232    0.33839    0.76437    0.66424    0.39272    0.57455    0.38902    0.90615    0.47931    0.23529    0.87003    0.72323
   0.28082    0.27825    0.50320    0.64549    0.31423    0.26090    0.25572    0.58658    0.34038    0.42309    0.71702    0.68156    0.37187    0.47475    0.41915    0.85773    0.60117    0.34295    0.88454    0.72836
   0.26390    0.27189    0.42833    0.64099    0.24489    0.26160    0.27461    0.54747    0.53114    0.33424    0.73432    0.62771    0.41497    0.77772    0.32530    0.87902    0.53074    0.13677    0.96452    0.68457
   0.28488    0.30755    0.96751    0.63267    0.07466    0.26725    0.26803    0.58332    0.70195    0.33927    0.75248    0.47000    0.37440    0.75032    0.11593    1.00000    0.43199    0.28258    0.92034    0.68535
   0.29011    0.24643    0.52553    0.68464    0.25678    0.20093    0.27067    0.49857    0.62599    0.34630    0.77851    0.63345    0.32065    0.79885    0.29081    0.97883    0.50104    0.41123    0.94578    0.63858
   0.24880    0.28257    0.52790    0.62736    0.18984    0.36539    0.19231    0.46927    0.37968    0.36708    0.71387    0.59320    0.35154    0.72450    0.27476    0.81615    0.44728    0.41165    0.93941    0.68820
   0.26738    0.28472    0.49029    0.64835    0.14900    0.45833    0.28997    0.30885    0.51385    0.37448    0.74241    0.54874    0.25463    0.77494    0.29137    0.89470    0.52983    0.49545    1.00000    0.64139
   0.27948    0.28066    0.54794    0.60870    0.24619    0.32946    0.24417    0.53261    0.55599    0.36836    0.75718    0.55063    0.35081    0.76985    0.29441    0.92208    0.95037    0.39473    0.85070    0.63845
   0.26377    0.28914    0.45203    0.60877    0.23657    0.28320    0.25712    0.51847    0.70227    0.33842    0.75221    0.57349    0.27733    0.79839    0.30167    0.85003    0.55972    0.43338    0.81373    0.66407
   0.30859    0.29234    0.40295    0.62393    0.23587    0.30904    0.28819    0.42111    0.50229    0.33940    0.76104    0.52283    0.25284    0.88276    0.29953    0.87660    0.01888    0.44545    0.91621    0.67913
   0.27190    0.27687    0.38470    0.53393    0.29184    0.27356    0.24749    0.35765    0.41299    0.31212    0.76495    0.50482    0.26811    0.77473    0.31744    0.81113    0.51293    0.40595    0.82538    0.67840
   0.29647    0.28907    0.38876    0.33281    0.17348    0.34953    0.23664    0.00000    0.43087    0.28008    0.75599    0.51430    0.27747    0.76777    0.28432    0.68420    0.51139    0.43242    0.82761    0.66112
   0.31034    0.27960    0.37706    0.32682    0.01157    0.41879    0.23254    0.29523    0.35544    0.31211    0.76929    0.44231    0.26120    0.75514    0.33668    0.82873    0.50771    0.42889    0.53755    0.71421
   0.29972    0.28399    0.34995    0.28495    0.15772    0.26858    0.21294    0.37532    0.41335    0.31930    0.77284    0.39915    0.26337    0.80103    0.28101    0.86635    0.46574    0.49373    0.26952    0.72150
   0.28775    0.28017    0.36143    0.33282    0.21272    0.21527    0.20915    0.38111    0.42694    0.30769    0.75662    0.38950    0.25046    0.80587    0.29428    0.87819    0.49199    0.46145    0.62439    0.67647
   0.28412    0.28455    0.35654    0.34359    0.16174    0.32434    0.22432    0.29642    0.35980    0.32299    0.76133    0.32886    0.23437    0.77404    0.34741    0.79915    0.46516    0.52590    0.59266    0.70748
   0.28658    0.29051    0.34867    0.38058    0.18027    0.92311    0.23131    0.36375    0.46438    0.31105    0.77693    0.26490    0.29152    0.76467    0.31727    0.83679    0.45158    0.46916    0.54333    0.66369
   0.41240    0.28710    0.33559    0.36046    0.20890    0.23984    0.23714    0.33416    0.40689    0.32184    0.77274    0.31626    0.25521    0.80883    0.30251    0.86440    0.50400    0.42975    0.64152    0.68642
   0.30024    0.28317    0.29389    0.34120    0.17599    0.19538    0.22774    0.33393    0.42930    0.31978    0.77039    0.04806    0.25749    0.80360    0.46262    0.82389    0.17611    0.41313    0.50280    0.68481
   0.31985    0.28709    0.38844    0.33774    0.16422    0.13113    0.22472    0.34266    0.35636    0.30241    0.77782    0.25751    0.21458    0.79072    0.56397    0.87918    0.02957    0.39542    0.41416    0.69397
   0.27705    0.28811    0.33391    0.27170    0.17221    0.24010    0.22683    0.35499    0.45537    0.28986    0.80086    0.25633    0.05361    0.78047    0.17217    0.87827    0.01342    0.38394    0.82906    0.71194
   0.30635    0.28437    0.12365    0.29827    0.21319    0.13287    0.21520    0.34492    0.41809    0.30626    0.78627    0.26669    0.20671    0.78725    0.28134    0.88418    0.17908    0.44019    0.60379    0.66020
   0.28857    0.26967    0.35424    0.35309    0.15508    0.21559    0.26940    0.34004    0.42828    0.31726    0.78830    0.24715    0.24680    0.77467    0.29202    0.86544    0.22589    0.37530    0.57695    0.66890
   0.30876    0.28300    0.34542    0.31232    0.20614    0.21772    0.23553    0.34875    0.38386    0.31956    0.77883    0.28231    0.22459    0.78082    0.31758    0.88634    0.21417    0.38142    0.60066    0.68485
   0.28915    0.29011    0.36639    0.25961    0.22919    0.00000    0.23737    0.35888    0.41021    0.31382    0.77383    0.33703    0.24643    0.78062    0.27843    0.89554    0.25752    0.40166    0.60420    0.70815
   0.30448    0.28837    0.33148    0.32099    0.19404    0.19698    0.22525    0.31317    0.36120    0.31979    0.77428    0.27251    0.27003    0.79217    0.29590    0.87920    0.22691    0.39001    0.59922    0.68767
   0.36278    0.28383    0.33652    0.35721    0.20033    0.28520    0.22546    0.31287    0.35796    0.30436    0.77833    0.26108    0.27707    0.78201    0.20781    0.90426    0.10482    0.34940    0.63088    0.70142
   0.29992    0.30287    0.36157    0.33266    0.20864    0.16798    0.22695    0.32548    0.31077    0.29730    0.77460    0.26630    0.26757    0.77753    0.20534    0.88810    0.21436    0.31069    0.63908    0.69510
   0.32048    0.27341    0.32371    0.28838    0.20642    0.26437    0.23071    0.24424    0.28839    0.30361    0.77766    0.27641    0.29304    0.79112    0.22121    0.90797    0.19812    0.31269    0.61239    0.72533
   0.29154    0.28265    0.35656    0.20277    0.18269    0.20836    0.23355    0.31191    0.20781    0.30405    0.78791    0.26212    0.25886    0.77651    0.22785    0.87163    0.21572    0.32257    0.61166    0.69133
   0.29035    0.28242    0.33295    0.34504    0.18075    0.25471    0.22885    0.27417    0.27976    0.29851    0.81572    0.25115    0.25547    0.77442    0.21391    0.83896    0.15495    0.27713    0.61495    0.69113
   0.29098    0.28547    0.31153    0.33743    0.20076    0.19450    0.23160    0.30153    0.28442    0.30048    0.79716    0.29791    0.25631    0.78660    0.23383    0.87751    0.24275    0.27745    0.61825    0.70813
   0.29803    0.28604    0.32867    0.34634    0.19092    0.23552    0.22737    0.31717    0.24547    0.30509    0.78908    0.27458    0.26376    0.78677    0.21740    0.89313    0.21325    0.31507    0.62465    0.70861
   0.29335    0.27997    0.35239    0.33659    0.20754    0.22575    0.23190    0.31095    0.32462    0.31237    0.79184    0.27246    0.25697    0.78039    0.23315    0.91489    0.22714    0.32602    0.61509    0.69037
   0.29940    0.28211    0.35481    0.33506    0.19641    0.21478    0.23938    0.31831    0.34410    0.29526    0.78876    0.26648    0.26067    0.79196    0.22558    0.89271    0.23312    0.30384    0.61885    0.70918
   0.29646    0.28162    0.32390    0.33504    0.20929    0.25837    0.23433    0.29253    0.32642    0.29386    0.78956    0.27722    0.24567    0.78406    0.24098    0.87767    0.22585    0.32405    0.61163    0.70632
   0.30506    0.27997    0.33157    0.33688    0.20502    0.22469    0.23502    0.30003    0.31397    0.29808    0.79396    0.26684    0.26829    0.78034    0.24374    0.91302    0.23922    0.28829    0.60722    0.69671
   0.30684    0.28488    0.33071    0.33418    0.21248    0.24771    0.22820    0.30164    0.29351    0.29261    0.79092    0.26737    0.25093    0.78645    0.21687    0.90196    0.22139    0.27433    0.59970    0.69336
   0.30028    0.28643    0.32914    0.32878    0.20226    0.22171    0.22977    0.29488    0.30596    0.29372    0.78681    0.27417    0.25186    0.78150    0.21973    0.91137    0.26865    0.30618    0.61516    0.69489
   0.30364    0.28505    0.31626    0.32778    0.20389    0.23148    0.23162    0.29909    0.27917    0.29018    0.46429    0.26544    0.25224    0.78054    0.22506    0.89133    0.26369    0.28294    0.60624    0.69369
   0.29841    0.28346    0.31973    0.32580    0.20960    0.22649    0.22681    0.29830    0.30055    0.29805    0.32143    0.25286    0.25323    0.78771    0.23420    0.90257    0.27731    0.25694    0.60809    0.69384
   0.30092    0.28676    0.30992    0.32075    0.20656    0.21942    0.22365    0.29287    0.02427    0.29466    0.75000    0.26926    0.25288    0.78407    0.24348    0.89066    0.26270    0.27066    0.62395    0.69882
   0.30699    0.28461    0.32142    0.31032    0.20919    0.22260    0.22783    0.28970    0.34705    0.29764    0.96429    0.27472    0.25442    0.78491    0.23733    0.89375    0.24170    0.24935    0.61568    0.69326
   0.29715    0.28438    0.31649    0.29573    0.20451    0.22457    0.22455    0.29997    0.33158    0.29309    0.10714    0.27836    0.24536    0.78643    0.25471    0.88988    0.29413    0.25374    0.62023    0.69381
   0.29975    0.67857    0.30976    0.31505    0.20118    0.20834    0.22824    0.29664    0.00000    0.29826    0.82143    0.27987    0.25497    0.78696    0.24137    0.90130    0.32229    0.25841    0.61363    0.69458
   0.30055    0.39286    0.30078    0.26883    0.20039    0.23124    0.22504    0.30208    0.31693    0.29597    0.39286    0.28617    0.24889    0.96429    0.24826    0.89675    0.31170    0.25655    0.61075    0.70081
   0.30294    0.25000    0.31491    0.25174    0.20690    0.19819    0.22552    0.29471    0.27093    0.29766    0.60714    0.28826    0.24894    0.82143    0.24583    0.91773    0.42276    0.24870    0.60825    0.69755
   0.29962    0.53571    0.29271    0.28697    0.20394    0.20718    0.22668    0.30127    0.23228    0.29560    0.17857    0.27860    0.24335    0.32143    0.24981    0.90194    0.29403    0.22598    0.60295    0.69923
   0.30199    0.82143    0.31036    0.28189    0.20489    0.22561    0.22607    0.30447    0.25951    0.29472    0.89286    0.27365    0.24802    0.60714    0.24553    0.88741    0.32455    0.27656    0.60401    0.70160
   0.30179    0.89286    0.31060    0.30029    0.19906    0.20677    0.22911    0.30135    0.21927    0.29423    0.03571    0.27134    0.24636    0.46429    0.25000    0.89945    0.29287    0.24690    0.60007    0.96429
   0.30050    0.03571    0.30833    0.27303    0.20584    0.22198    0.22724    0.31146    0.21112    0.29657    0.25000    0.27863    0.24647    0.25000    0.25288    0.89353    0.30298    0.26777    0.61254    0.39286
   0.29808    0.96429    0.30464    0.27177    0.20372    0.22290    0.22776    0.29342    0.24802    0.29490    0.67857    0.26711    0.24827    0.89286    0.24748    0.90623    0.31306    0.21716    0.60406    0.17857
   0.30260    0.10714    0.30990    0.28084    0.20384    0.21094    0.10714    0.26249    0.28814    0.29557    0.53571    0.28476    0.24569    0.10714    0.24861    0.89693    0.32392    0.25459    0.60053    0.25000
   0.30498    0.17857    0.26965    0.27633    0.20440    0.21399    0.67857    0.29397    0.24826    0.29533    0.00000    0.27816    0.24626    0.75000    0.24854    0.90110    0.31036    0.24695    0.60242    0.89286
   0.30191    0.46429    0.29878    0.27512    0.20567    0.22687    0.25000    0.29722    0.24572    0.29298    0.43911    0.27903    0.24658    0.53571    0.25631    0.89744    0.30574    0.23725    0.60112    0.67857
   0.25000    0.75000    0.31180    0.29518    0.20343    0.24631    0.03571    0.29543    0.23077    0.29378    0.45973    0.28361    0.24652    0.39286    0.24650    0.90294    0.30052    0.24013    0.60013    0.46429
   0.17857    0.60714    0.31074    0.28970    0.10714    0.22699    0.82143    0.27993    0.26781    0.29382    0.33312    0.28246    0.24671    0.67857    0.24466    0.88425    0.30467    0.24556    0.60995    0.53571
   0.67857    0.32143    0.30866    0.29181    0.75000    0.24165    0.60714    0.29197    0.24945    0.29293    0.42169    0.27829    0.24537    0.17857    0.24841    0.89138    0.31359    0.24625    0.62724    0.32143
   0.53571    0.85231    0.31080    0.28184    0.46429    0.21190    0.53571    0.28499    0.25882    0.32143    0.45423    0.28262    0.24723    0.03571    0.24456    0.87505    0.29524    0.24294    0.62465    0.10714
   0.89286    0.00460    0.30727    0.28964    0.17857    0.21374    0.46429    0.28697    0.24928    0.10714    0.28913    0.27769    0.10714    0.10952    0.24713    0.88569    0.30550    0.24709    0.62585    0.75000
   0.60714    0.69990    0.29974    0.30227    0.67857    0.22786    0.39286    0.29386    0.24828    0.03571    0.27655    0.27766    0.03571    0.49499    0.24542    0.87958    0.30983    0.24272    0.61973    0.82143
   0.03571    0.55033    0.31310    0.30858    0.96429    0.23054    0.17857    0.29226    0.25028    0.25000    0.28044    0.28348    0.75000    0.47334    0.24867    0.88677    0.29588    0.24346    0.61569    0.60714
   0.96429    0.57189    0.31183    0.30829    0.60714    0.21282    0.96429    0.28502    0.24360    0.46429    0.27542    0.27935    0.46429    0.37427    0.17857    0.86347    0.30647    0.24247    0.62112    0.03571
   0.39286    0.55333    0.30581    0.30675    0.39286    0.22844    0.75000    0.29474    0.25371    0.39286    0.28367    0.28080    0.67857    0.00000    0.75000    0.86784    0.30020    0.24164    0.60784    0.20221
   0.10714    0.58033    0.31215    0.30367    0.03571    0.23845    0.32143    0.29132    0.24928    0.82143    0.19125    0.28012    0.82143    0.42074    0.96429    0.89286    0.30448    0.24559    0.60725    0.55217
   0.46429    0.46794    0.30949    0.30448    0.32143    0.24286    0.89286    0.29179    0.25508    0.17857    0.27457    0.27775    0.39286    0.38675    0.10714    0.75000    0.29951    0.24581    0.60374    0.16537
   0.32143    0.71103    0.30730    0.29513    0.82143    0.24147    0.01451    0.28685    0.26312    0.60714    0.27820    0.27961    0.60714    0.35749    0.46429    0.17857    0.30184    0.24690    0.60214    0.41032
   0.82143    0.59442    0.31434    0.30196    0.53571    0.23426    0.38529    0.28880    0.26494    0.53571    0.27489    0.28162    0.17857    0.34730    0.32143    0.32143    0.30722    0.24065    0.61187    0.39206
   0.75000    0.28962    0.31414    0.29382    0.25000    0.23743    0.34398    0.28380    0.25806    0.75000    0.24474    0.28099    0.32143    0.32499    0.39286    0.96429    0.30720    0.24166    0.63696    0.39535
   0.11357    0.16587    0.35750    0.30095    0.89286    0.22972    0.24417    0.26417    0.27023    0.96429    0.26597    0.28227    0.53571    0.43422    0.60714    0.46429    0.31310    0.24217    0.61893    0.36346
   0.58029    0.48383    0.31567    0.29698    0.87351    0.23922    0.12474    0.28912    0.25392    0.89286    0.29443    0.27943    0.25000    0.34385    0.67857    0.39286    0.30557    0.39286    0.64262    0.41369
   0.34060    0.41327    0.32212    0.30022    0.53356    0.23109    0.29809    0.27837    0.24929    0.67857    0.25453    0.28188    0.96429    0.33115    0.53571    0.60714    0.30790    0.46429    0.62880    0.26759
   0.34330    0.36510    0.32507    0.30232    0.66810    0.23292    0.25311    0.28549    0.25392    0.97970    0.26984    0.27862    0.89286    0.36758    0.89286    0.53571    0.31118    0.03571    0.63897    0.38895
   0.00000    0.28837    0.31939    0.29525    0.78921    0.22876    0.21255    0.27841    0.25132    0.19461    0.25776    0.53571    0.56326    0.36706    0.03571    0.03571    0.30976    0.89286    0.63286    0.35390
   0.29037    0.31194    0.32383    0.29647    0.76988    0.23371    0.25605    0.26835    0.25368    0.45962    0.26633    0.03571    0.64723    0.32153    0.25000    0.67857    0.31438    0.17857    0.62740    0.39264
   0.25599    0.32580    0.31362    0.29604    0.61168    0.22945    0.21456    0.28851    0.24916    0.32848    0.26678    0.10714    0.96839    0.39319    0.82143    0.82143    0.31873    0.25000    0.62423    0.00000
   0.12944    0.33820    0.31405    0.29306    0.65932    0.23462    0.20125    0.27681    0.17857    0.41767    0.27805    0.32143    0.86304    0.36306    1.00000    0.25000    0.31592    0.32143    0.61152    0.40924
   0.23583    0.35279    0.30450    0.29401    0.65725    0.23253    0.27694    0.27469    0.39286    0.29017    0.28573    0.82143    0.87232    0.57162    0.99567    0.10714    0.31828    0.67857    0.61559    0.30664
   0.25664    0.31505    0.31305    0.29035    0.73748    0.22690    0.26421    0.27932    0.75000    0.42925    0.26926    0.25000    1.00000    0.34846    1.00000    0.13445    0.31893    0.75000    0.62583    0.35337
   0.23432    0.32084    0.30580    0.29035    0.71016    0.22897    0.24714    0.27684    0.67857    0.38904    0.26477    0.60714    1.00000    0.33552    0.75191    0.43753    0.31927    0.82143    0.62665    0.25619
   0.24788    0.31450    0.31505    0.28039    0.68819    0.23426    0.26168    0.27717    0.03571    0.39273    0.25348    0.39286    0.89238    0.34122    1.00000    0.42602    0.32021    0.10714    0.62684    0.00000
   0.24924    0.33058    0.30935    0.28832    0.64344    0.22774    0.24861    0.27884    0.89286    0.37439    0.26699    0.75000    0.95117    0.34515    0.87884    0.40805    0.31698    0.96429    0.63847    0.33684
   0.20668    0.33797    0.31297    0.28936    0.73702    0.22424    0.24279    0.27478    0.46429    0.40214    0.26002    0.17857    1.00000    0.36334    0.92870    0.43729    0.31805    0.53571    0.10714    0.31852
   0.33490    0.29981    0.30966    0.29154    0.76250    0.21837    0.27316    0.27881    0.53571    0.35271    0.23167    0.67857    1.00000    0.35892    0.97267    0.59461    0.31594    0.60714    0.03571    0.23172
   0.33763    0.29772    0.32143    0.29473    0.72412    0.22478    0.22466    0.27776    0.10714    0.41393    0.25037    0.89286    1.00000    0.35588    0.97588    0.47044    0.31743    0.63984    0.46429    0.03696
   0.30380    0.32554    0.17857    0.28590    0.73580    0.22995    0.26546    0.27585    0.96429    0.34789    0.25157    0.96429    1.00000    0.34683    0.91042    0.42122    0.31665    0.33035    0.75000    0.22549
   0.26422    0.30983    0.39286    0.28491    0.73191    0.23791    0.25391    0.03571    0.32143    0.41820    0.21690    0.46429    1.00000    0.31673    1.00000    0.49352    0.31844    0.42218    0.67857    0.59838
   0.34121    0.35786    0.53571    0.29158    0.74373    0.22309    0.25975    0.46429    0.25000    0.40050    0.26283    0.07029    0.89894    0.37356    1.00000    0.51086    0.32143    0.51753    0.39286    0.14946
   0.34367    0.34708    0.89286    0.28953    0.75355    0.23026    0.27704    0.60714    0.60714    0.25651    0.23533    0.00000    0.95097    0.34390    1.00000    0.52705    0.03571    0.47935    0.17857    0.18588
   0.30644    0.32542    0.75000    0.28660    0.74603    0.23220    0.22781    0.25000    0.82143    0.05073    0.25553    0.28097    1.00000    0.35598    1.00000    0.58590    0.75000    0.32869    0.82143    0.20970
   0.40802    0.31640    0.03571    0.28634    0.76206    0.22807    0.28312    0.89286    0.00000    0.49133    0.23526    0.08667    1.00000    0.35425    0.98003    0.30336    0.82143    0.24123    0.60714    0.19204
   0.28194    0.31571    0.96429    0.28762    0.72052    0.22209    0.25379    0.32143    0.50037    0.27463    0.25179    0.23512    1.00000    0.35157    0.88971    0.40145    0.39286    0.33806    0.32143    0.20638
   0.28141    0.33598    0.25000    0.82143    0.75652    0.23895    0.25667    0.82143    0.46732    0.31309    0.25055    0.54482    1.00000    0.36686    0.94676    0.44048    0.89286    0.25302    0.25000    0.22156
   0.26630    0.29958    0.10714    0.89286    0.72419    0.22670    0.26844    0.17857    0.57937    0.46447    0.24825    0.24720    0.75537    0.36371    1.00000    0.50170    0.53571    0.27572    0.53571    0.20831
   0.25298    0.36548    0.46429    0.53571    0.74918    0.23121    0.25355    0.67857    0.44304    0.30328    0.25208    0.29788    1.00000    0.35952    0.94723    0.44384    0.46429    0.36050    0.96429    0.00000
   0.26428    0.33515    0.60714    0.39286    0.75986    0.22666    0.26247    0.10714    0.42765    0.31940    0.25306    0.27895    0.99583    0.36673    0.98459    0.43409    0.10714    0.38765    0.89286    0.15076
   0.29623    0.36516    0.82143    0.75000    0.74281    0.23685    0.26307    0.75000    0.37321    0.37207    0.25001    0.16001    1.00000    0.34585    0.97143    0.41632    0.60714    0.23084    0.26736    0.78343
   0.26706    0.33412    0.67857    0.03571    0.74139    0.22807    0.26702    0.39286    0.33481    0.31940    0.24010    0.20111    1.00000    0.36050    0.96520    0.34992    0.17857    0.27264    0.82808    0.22218
   0.27364    0.33434    0.41505    0.32143    0.72514    0.22754    0.26275    0.53571    0.29279    0.23889    0.23584    0.03909    1.00000    0.35531    0.95872    0.69641    0.25000    0.33591    0.81859    0.19491
   0.29277    0.31188    0.48664    0.67857    0.66262    0.22887    0.23941    0.96429    0.19678    0.31842    0.24043    0.23410    1.00000    0.36785    0.95855    0.41313    0.96429    0.29869    0.71486    0.19031
   0.25525    0.32167    0.41411    0.96429    0.74490    0.22727    0.24712    0.63834    0.28236    0.29811    0.23798    0.00000    1.00000    0.34883    1.00000    0.36205    0.67857    0.37351    0.69527    0.23790
   0.27507    0.32229    0.39357    0.25000    0.73097    0.23079    0.23570    0.33697    0.42003    0.32384    0.23810    0.16820    1.00000    0.34274    1.00000    0.35351    0.66796    0.33663    1.00000    0.19171
   0.27675    0.29568    0.12109    0.60714    0.73674    0.22939    0.24159    0.78372    0.35787    0.31696    0.22881    0.17920    1.00000    0.36790    1.00000    0.33535    0.67882    0.45068    0.50017    0.16823
   0.28259    0.19714    0.46363    0.46429    0.75269    0.22610    0.24339    0.81354    0.29197    0.32953    0.25476    0.18182    1.00000    0.33494    0.97609    0.46120    0.72232    0.34162    0.68142    0.19084
   0.27975    0.27910    0.38584    0.10714    0.73340    0.22815    0.24133    0.82751    0.31023    0.32422    0.23302    0.16096    1.00000    0.34478    1.00000    0.42785    0.81490    0.37084    0.71070    0.20145
   0.27662    0.24357    0.30718    0.17857    0.73939    0.22580    0.23568    0.67061    0.24169    0.31283    0.24146    0.19068    1.00000    0.35644    0.99690    0.51909    0.67083    0.35457    0.61276    0.17653
   0.26501    0.28794    0.25790    0.83322    0.74610    0.22941    0.23953    0.95565    0.46447    0.31789    0.22911    0.11846    1.00000    0.33531    1.00000    0.60148    1.00000    0.44873    0.68261    0.15531
   0.25941    0.29292    0.21273    0.87359    0.73563    0.82143    0.24578    0.67469    0.36020    0.32428    0.22829    0.39777    1.00000    0.33525    0.98114    0.30169    0.75257    0.29584    0.73889    0.17326
   0.27135    0.28405    0.20794    0.85000    0.74063    0.96429    0.23980    0.76321    0.13854    0.31383    0.23372    0.17116    1.00000    0.34159    0.92466    0.36759    1.00000    0.05619    1.00000    0.18801
   0.26490    0.26620    0.15239    0.71246    0.72062    0.75000    0.24232    0.75377    0.30814    0.32213    0.24253    0.19434    1.00000    0.33756    1.00000    0.27258    0.72018    0.28591    0.75822    0.17967
   0.27540    0.29441    0.12125    0.64257    0.73808    0.32143    0.24796    0.82717    0.29139    0.32000    0.23010    0.22774    1.00000    0.33913    0.78209    0.34940    0.77113    0.09690    0.68017    0.17523
   0.26629    0.27187    0.44453    0.85261    0.72396    0.46429    0.24831    0.81102    0.32343    0.33652    0.24123    0.15207    1.00000    0.33094    1.00000    0.39769    0.83786    0.32376    0.78241    0.19287
   0.26065    0.28526    0.28908    0.90538    0.74418    0.39286    0.24740    0.79595    0.37713    0.31970    0.24580    0.24803    1.00000    0.33046    0.96295    0.36541    0.83819    0.32869    0.62406    0.16922
   0.26857    0.28849    0.52414    0.55764    0.69978    0.10714    0.24477    0.75380    0.29312    0.32434    0.23293    0.19753    1.00000    0.30842    0.95224    0.42550    0.85497    0.36590    0.95979    0.16753
   0.27202    0.28966    0.13373    0.68207    0.73295    0.89286    0.24725    0.79172    0.31165    0.33222    0.23417    0.21444    1.00000    0.25015    0.96682    0.38401    0.80659    0.30357    0.57361    0.18218
   0.26609    0.28447    0.21888    0.80707    0.73677    0.60714    0.24118    0.72899    0.31423    0.32254    0.23986    0.20572    1.00000    0.30022    0.97578    0.37744    0.46770    0.30152    0.79419    0.16323
   0.26165    0.28113    0.17646    0.79387    0.73946    0.53571    0.24180    0.71019    0.30770    0.32423    0.24049    0.20773    1.00000    0.30270    0.93213    0.40220    0.85612    0.24207    0.73017    0.19529
   0.27238    0.28375    0.30905    0.72995    0.73994    0.67857    0.24137    0.77613    0.33866    0.34391    0.22979    0.20061    1.00000    0.30102    0.94884    0.39035    0.87560    0.24406    0.71437    0.19477
   0.26745    0.27342    0.20075    0.77285    0.74444    0.25000    0.24241    0.78546    0.30197    0.33368    0.23442    0.20169    1.00000    0.31112    1.00000    0.38364    0.86193    0.21797    0.69367    0.18140
   0.26556    0.28655    0.16864    0.76215    0.75668    0.03571    0.23951    0.75908    0.29979    0.34697    0.23258    0.18823    1.00000    0.30157    0.96877    0.39580    0.85246    0.27947    0.71268    0.19800
   0.26850    0.29355    0.28661    0.83021    0.73796    0.17857    0.32143    0.73743    0.24797    0.35534    0.23592    0.05493    1.00000    0.30702    0.95546    0.36650    0.82598    0.30434    0.75157    0.17321
   0.26908    0.28272    0.22632    0.58695    0.73774    0.54373    0.82143    0.73829    0.28874    0.34463    0.22974    0.19572    1.00000    0.31074    0.96481    0.37633    0.77826    0.42780    0.74457    0.19114
   0.26615    0.28408    0.29505    0.55525    0.73773    0.18604    0.60714    0.69845    0.30925    0.33950    0.22893    0.19846    1.00000    0.30838    0.97419    0.38073    0.88032    0.28741    0.76929    0.18050
   0.26792    0.28337    0.21827    0.24271    0.72701    0.56410    0.75000    0.75366    0.30836    0.32686    0.22554    0.16945    1.00000    0.29992    0.96713    0.36914    0.85752    0.29596    0.75059    0.18176
   0.26638    0.28609    0.22098    0.47360    0.71561    0.54324    0.89286    1.00000    0.30490    0.31146    0.22160    0.23015    0.99690    0.29559    0.95637    0.36131    0.83420    0.27624    0.74094    0.19194
   0.26460    0.28172    0.32851    0.44621    0.72792    0.32402    0.03571    0.77647    0.30445    0.32758    0.21859    0.22101    0.98991    0.30615    0.96419    0.36047    0.78201    0.25926    0.73320    0.18739
   0.26523    0.28451    0.45492    0.46418    0.72034    0.39996    0.53571    0.73869    0.31637    0.31882    0.22187    0.21626    1.00000    0.29771    1.00000    0.36686    0.88928    0.23513    0.75553    0.18637
   0.26043    0.28436    0.39786    0.43688    0.71912    0.06284    0.46429    0.65519    0.30154    0.33000    0.22537    0.21161    0.99804    0.30289    0.97054    0.38035    0.81910    0.04466    0.72985    0.19136
   0.26980    0.28417    0.38889    0.38569    0.72830    0.26071    0.96429    0.76742    0.28599    0.32775    0.60714    0.20625    1.00000    0.29642    0.96059    0.38018    0.87911    0.22676    0.73707    0.19366
   0.27351    0.28558    0.35082    0.38925    0.71919    0.32265    0.10714    0.79898    0.27213    0.33552    0.03571    0.23302    1.00000    0.29728    0.95853    0.38055    0.83363    0.27043    0.75163    0.20586
   0.27244    0.28144    0.43690    0.44715    0.71028    0.44492    0.25000    0.73316    0.25907    0.33153    0.67857    0.20135    1.00000    0.30775    0.97039    0.38004    0.84505    0.24370    0.75245    0.21529
   0.32143    0.28376    0.75355    0.37531    0.72245    0.27401    0.39286    0.78712    0.25761    0.32828    0.75000    0.20017    1.00000    0.29752    0.95612    0.36835    0.86343    0.22900    0.76014    0.20983
   0.96429    0.28221    0.48979    0.40950    0.71903    0.25654    0.17857    0.79916    0.25949    0.32436    0.46429    0.20093    1.00000    0.30184    0.99968    0.35113    0.85808    0.23955    0.74611    0.20252
   0.53571    0.75000    0.44101    0.50151    0.71942    0.34669    0.67857    0.78807    0.26394    0.33430    0.10714    0.20259    1.00000    0.29969    0.96105    0.37537    0.82688    0.24396    0.75994    0.20878
   0.17857    0.53571    0.54127    0.42465    0.72225    0.33645    0.90836    0.79949    0.26499    0.33417    0.17857    0.20558    1.00000    0.29608    0.95747    0.39393    0.80736    0.24288    0.76064    0.20767
   0.89286    0.10714    0.48316    0.43585    0.72202    0.15245    0.59104    0.78985    0.26226    0.32849    0.82143    0.20253    1.00000    0.29889    0.93042    0.36172    0.80679    0.24439    0.74087    0.21121
   0.75000    0.39286    0.75591    0.44255    0.72448    0.33169    0.51998    0.75843    0.25098    0.32895    0.89286    0.19709    1.00000    0.29612    0.96167    0.36469    0.85533    0.25467    0.73917    0.22533
   0.39286    0.82143    0.89820    0.41319    0.72276    0.22824    0.70390    0.81888    0.26431    0.32913    0.53571    0.19138    1.00000    0.30299    0.91139    0.35626    0.84580    0.25826    0.74588    0.26143
   0.60714    0.32143    0.68004    0.38581    0.72160    0.01811    0.61633    0.77857    0.26161    0.32831    0.25000    0.20082    1.00000    0.29531    0.93890    0.35333    0.82988    0.24002    0.74092    0.24500
   0.25000    0.03571    0.63802    0.40472    0.72277    0.31610    0.55976    0.74225    0.25075    0.32867    0.32143    0.20659    1.00000    0.29710    0.93763    0.32908    0.83866    0.23795    0.75134    0.31346
   0.10714    0.96429    0.72964    0.43663    0.72068    0.32047    0.53906    0.74901    0.21459    0.32854    0.96429    0.16553    1.00000    0.29829    0.94666    0.21625    0.85586    0.23855    0.74596    0.25666
   0.82143    0.67857    0.91102    0.39120    0.71911    0.18448    0.52550    0.75574    0.24164    0.32702    0.39286    0.20139    1.00000    0.29389    0.94772    0.29289    0.84337    0.23391    0.74367    0.26531
   0.46429    0.17857    0.73675    0.38970    0.72161    0.24710    0.56147    0.96513    0.25469    0.17857    1.00000    0.20290    1.00000    0.29439    0.93013    0.29738    0.84950    0.23884    0.74762    0.28170
   0.03571    0.60714    0.66634    0.36493    0.72235    0.21428    0.54115    0.85758    0.24691    0.25000    0.81532    0.20091    1.00000    0.29418    0.89704    0.28427    0.83346    0.24194    0.74833    0.24252
   0.67857    0.89286    0.71252    0.35260    0.72347    0.21159    0.51838    0.76580    0.24068    0.46429    0.94288    0.20707    1.00000    0.29565    0.89498    0.21682    0.90048    0.22678    0.74116    0.25120
   0.03846    0.46429    0.67106    0.27602    0.72033    0.24835    0.60501    0.77562    0.24575    0.03571    0.72759    0.20268    1.00000    0.29776    0.77670    0.30791    0.86456    0.23164    0.76053    0.23487
   0.10725    0.25000    0.70810    0.35300    0.03571    0.18131    0.60957    0.76609    0.24339    0.89286    0.56399    0.21193    1.00000    0.29693    0.84852    0.30834    0.70215    0.22719    0.74256    0.25151
   0.17297    0.00143    0.74009    0.34861    0.39286    0.26763    0.53817    0.77657    0.24522    0.67857    0.70834    0.23592    1.00000    0.29614    0.89690    0.27165    0.85975    0.21669    0.74479    0.22606
   0.00000    0.43771    0.73852    0.35393    0.53571    0.24594    0.47086    0.78512    0.24533    0.39286    0.80782    0.20786    1.00000    0.29508    0.81165    0.30372    0.86348    0.21846    0.74916    0.20540
   0.00000    0.19098    0.73298    0.35788    0.32143    0.23743    0.45183    0.78896    0.24538    0.60714    0.78335    0.20527    1.00000    0.29549    0.82213    0.32821    0.85177    0.20980    0.75356    0.25240
   0.44505    0.19762    0.72102    0.34256    0.10714    0.27157    0.25741    0.77078    0.25044    0.32143    0.65438    0.19960    1.00000    0.29678    0.89309    0.27538    0.85121    0.22263    0.76115    0.21484
   0.21159    0.25355    0.71612    0.34349    0.25000    0.21331    0.47494    0.77334    0.24294    0.10714    0.67162    0.20598    1.00000    0.53571    0.90260    0.28250    0.85980    0.21995    0.77232    0.21767
   0.18245    0.15745    0.72403    0.34486    0.82143    0.34372    0.46044    0.78492    0.24483    0.96429    0.59424    0.20841    1.00000    0.75000    0.87143    0.24160    0.84688    0.22627    0.76793    0.22907
   0.22518    0.39850    0.74571    0.34490    0.17857    0.25721    0.46165    0.78549    0.24288    0.53571    0.77033    0.20753    1.00000    0.60714    0.88466    0.37228    0.85654    0.20953    0.79854    0.21995
   0.25962    0.27428    0.72208    0.35449    0.75000    0.27835    0.45649    0.77994    0.25236    0.75000    0.65814    0.21684    1.00000    0.96429    0.91006    0.30986    0.85762    0.21644    0.78191    0.21831
   0.22040    0.14282    0.72156    0.34234    0.89286    0.27341    0.41349    0.77605    0.25094    0.82143    0.65317    0.22059    1.00000    0.67857    0.89561    0.24684    0.84966    0.20985    0.78175    0.23308
   0.22040    0.20149    0.70897    0.34789    0.67857    0.24852    0.45326    0.76426    0.25506    0.23069    0.47974    0.21047    1.00000    0.82143    0.89080    0.25097    0.85423    0.21546    0.77990    0.19699
   0.29121    0.16256    0.72056    0.34154    0.46429    0.24556    0.46281    0.77109    0.25012    0.51417    0.69770    0.20128    1.00000    0.10714    0.91363    0.27034    0.85439    0.21991    0.81606    0.14092
   0.20681    0.21636    0.69864    0.34475    0.60714    0.22736    0.41459    0.78574    0.24556    0.65208    0.62509    0.25210    1.00000    0.89286    0.91328    0.28626    0.85667    0.21127    0.76552    0.21421
   0.21464    0.06551    0.71778    0.34464    0.96429    0.24058    0.32657    0.78067    0.25210    0.52153    0.65871    0.24677    1.00000    0.17857    0.91160    0.29406    0.85587    0.21266    0.78630    0.21203
   0.23651    0.19627    0.71849    0.33924    1.00000    0.25116    0.25689    0.78395    0.25116    0.65406    0.64216    0.20456    1.00000    0.32143    0.89936    0.29744    0.85560    0.20853    0.78953    0.17930
   0.22299    0.17685    0.73046    0.35361    0.39487    0.23211    0.32818    0.78115    0.24396    0.65368    0.60959    0.27234    1.00000    0.03571    0.92032    0.35505    0.85448    0.21610    0.77755    0.21723
   0.22518    0.20900    0.72537    0.33287    0.55017    0.22808    0.21063    0.78321    0.24546    0.75059    0.65171    0.24268    1.00000    0.39286    0.91669    0.28566    0.85574    0.21377    0.80889    0.19070
   0.21656    0.34452    0.72936    0.33221    0.51347    0.27750    0.34548    0.80027    0.24848    0.62177    0.59572    0.19787    1.00000    0.25000    0.91437    0.28943    0.85278    0.21470    0.83145    0.18290
   0.24568    0.17217    0.73400    0.33358    0.67090    0.23218    0.35957    0.79208    0.24718    0.65356    0.57407    0.21075    1.00000    0.46429    0.90598    0.29487    0.85501    0.21827    0.96249    0.20256
   0.24006    0.19449    0.72354    0.33497    0.63086    0.24426    0.34845    0.78251    0.24553    0.55267    0.63457    0.19925    1.00000    0.98509    0.91271    0.28807    0.25000    0.21871    0.86118    0.19386
   0.25280    0.18788    0.72874    0.33214    0.60000    0.25897    0.31647    0.79032    0.24628    0.86235    0.53971    0.22225    1.00000    0.62786    0.91787    0.28369    0.60714    0.21809    0.98330    0.19760
   0.23642    0.18401    0.72193    0.32655    0.62234    0.24673    0.28514    0.78733    0.24543    0.66188    0.61316    0.22247    1.00000    1.00000    0.90762    0.29086    0.53571    0.22094    0.84035    0.19220
   0.24040    0.17550    0.72931    0.32287    0.59473    0.26321    0.30134    0.78975    0.24756    0.67119    0.57429    0.21181    1.00000    1.00000    0.92221    0.29415    0.32143    0.21932    0.88961    0.19675
   0.25143    0.16296    0.70951    0.31769    0.69670    0.25080    0.34336    0.78759    0.24325    0.77287    0.62543    0.21663    1.00000    1.00000    0.92378    0.30885    0.17857    0.21922    0.83810    0.21341
   0.26628    0.16092    0.72965    0.31647    0.44948    0.24886    0.28962    0.78882    0.24638    0.73300    0.63158    0.21530    1.00000    1.00000    0.90625    0.29407    0.10714    0.22135    0.84320    0.19426
   0.25580    0.19622    0.72120    0.31937    0.53875    0.23000    0.28327    0.78386    0.24555    0.76060    0.57706    0.21625    1.00000    1.00000    0.90535    0.27796    0.03571    0.22267    0.82460    0.20132
   0.24834    0.15073    0.72582    0.30894    0.66066    0.26126    0.29739    0.78894    0.24909    0.76078    0.56511    0.21416    1.00000    1.00000    0.10714    0.26046    0.96429    0.75000    0.85031    0.18638
   0.26488    0.19670    0.72698    0.30263    0.48583    0.26636    0.27825    0.78663    0.24624    0.66128    0.51973    0.21481    1.00000    1.00000    0.82143    0.28357    0.89286    0.53571    0.83238    0.20230
   0.24800    0.20548    0.73478    0.29231    0.48325    0.23763    0.30002    0.79233    0.32143    1.00000    0.54469    0.21972    1.00000    1.00000    0.03571    0.27838    0.82143    0.10714    0.82469    0.21227
   0.27374    0.16222    0.73231    0.29436    0.16257    0.23214    0.26506    0.78601    0.17857    0.78212    0.54076    0.21126    1.00000    0.98295    0.53571    0.26165    0.67857    0.32143    0.84710    0.20430
   0.25320    0.24718    0.73753    0.29276    0.46269    0.22594    0.29398    0.79252    0.03571    0.72967    0.48932    0.60714    1.00000    1.00000    0.67857    0.27789    0.46429    0.60714    0.84250    0.21286
   0.27588    0.27181    0.73113    0.27530    0.51737    0.20523    0.27919    0.79624    0.10714    0.74011    0.49766    0.67857    1.00000    1.00000    0.39286    0.28171    0.39286    0.17857    0.84104    0.20642
   0.27318    0.17633    0.72635    0.31102    0.47846    0.20752    0.32344    0.79636    0.46429    0.73461    0.54520    0.53571    1.00000    1.00000    0.75000    0.28981    0.75000    0.03571    0.84956    0.20544
   0.28805    0.18121    0.72114    0.28208    0.50367    0.20760    0.29606    0.79103    0.25000    0.72946    0.58817    0.96429    1.00000    1.00000    0.25000    0.28409    0.81311    0.96429    0.87627    0.20698
   0.23048    0.19129    0.72798    0.30093    0.57709    0.20378    0.27989    0.17857    0.60714    0.72686    0.62516    0.25000    0.75000    1.00000    0.60714    0.26855    0.53835    0.82143    0.85757    0.20498
   0.32280    0.22607    0.71943    0.60714    0.44243    0.20440    0.29503    0.25000    0.39286    0.70374    0.54156    0.10714    0.03571    1.00000    0.32143    0.27799    0.82002    0.39286    0.83745    0.20397
   0.28517    0.24406    0.71093    0.67857    0.49705    0.21235    0.29693    0.10714    0.75000    0.73144    0.57274    0.17857    0.89286    1.00000    0.46429    0.26610    0.40286    0.67857    0.85100    0.21180
   0.26554    0.37645    0.71739    0.53571    0.47476    0.22161    0.27652    0.32143    0.53571    0.76609    0.59550    0.82143    0.53571    1.00000    0.96429    0.25919    0.66277    0.89286    0.84774    0.21006
   0.25657    0.29249    0.71433    0.75000    0.48395    0.21338    0.28009    0.03571    0.89286    0.74132    0.54436    0.89286    0.17857    1.00000    0.17857    0.25352    0.65710    0.46429    0.86144    0.21003
   0.27718    0.24555    0.71500    0.03571    0.39144    0.20662    0.29325    0.53571    0.96429    0.70007    0.56563    0.75000    0.67857    0.94662    0.89286    0.23721    0.62671    0.25000    0.84317    0.22114
   0.36123    0.24169    0.72159    0.10714    0.39195    0.18838    0.27818    0.60714    0.82143    0.70769    0.58485    0.03571    0.60714    0.45400    0.99202    0.28559    0.68893    0.00000    0.85605    0.25367
   0.27765    0.18734    0.71273    0.17857    0.33065    0.21552    0.28010    0.39286    0.67857    0.75433    0.55711    0.46429    0.39286    0.80407    0.72867    0.28151    0.70060    0.34203    0.85252    0.22154
   0.28292    0.23222    0.72511    0.82143    0.33141    0.20957    0.28658    0.46429    0.05563    0.76539    0.60761    0.32143    0.32143    0.97253    0.72853    0.26901    0.68236    0.54289    0.84598    0.22043
   0.27085    0.21333    0.71985    0.89286    0.29813    0.21131    0.27884    0.96429    0.00000    0.73338    0.56187    0.39286    0.82143    0.40467    0.68042    0.27170    0.76157    0.41037    0.84795    0.21517
   0.27759    0.25835    0.72001    0.96429    0.25167    0.20956    0.29247    0.67857    0.31685    0.77962    0.57560    0.09591    0.46429    0.75270    0.83280    0.75000    0.66147    0.35486    0.85161    0.22943
   0.27079    0.23633    0.72523    0.25000    0.33361    0.21411    0.28284    0.89286    0.23396    0.75106    0.59339    0.42414    0.10714    0.53755    0.69701    0.39286    0.69437    0.34376    0.10714    0.22676
   0.29273    0.25438    0.72355    0.46429    0.39447    0.21742    0.27249    0.75000    0.00000    0.79792    0.56058    0.50982    0.96429    0.87571    0.73160    0.53571    0.65979    0.33380    0.32143    0.21890
   0.27260    0.25686    0.72479    0.32143    0.35128    0.20925    0.27766    0.82143    0.39357    0.92647    0.58068    0.68476    0.25000    0.89254    0.44098    0.67857    0.77099    0.33471    0.17857    0.21829
   0.26325    0.27838    0.72406    0.39286    0.35435    0.20884    0.27400    0.95544    0.29427    0.99996    0.59188    0.64233    0.55422    0.90134    0.77511    0.10714    0.71290    0.37275    0.03571    0.22576
   0.22194    0.26496    0.72155    1.00000    0.31079    0.21673    0.27066    0.01383    0.26084    1.00000    0.55163    0.70151    0.11912    0.67499    0.71800    0.03571    0.75044    0.19772    0.75000    0.22073
   0.23551    0.26215    0.72490    0.44881    0.37719    0.15788    0.27667    0.49668    0.30110    0.94066    0.59696    0.68018    0.22351    0.85674    0.64076    0.82143    0.75989    0.31859    0.53571    0.22931
   0.20104    0.23992    0.72602    0.69041    0.35438    0.20793    0.27717    0.48878    0.24259    0.87987    0.59221    0.66019    0.16556    0.89279    0.72083    0.17857    0.94997    0.28653    0.60714    0.23501
   0.28148    0.25038    0.72338    0.64669    0.38352    0.21909    0.27117    0.44700    0.24941    0.96255    0.60419    0.71475    0.06091    0.84725    0.78018    0.96429    0.75653    0.28654    0.39286    0.26420
   0.23968    0.24145    0.10714    0.49476    0.43010    0.20728    0.27046    0.38733    0.29363    0.94732    0.58890    0.72113    0.43812    0.82251    0.68153    0.89286    0.89871    0.19068    0.46429    0.22602
   0.24644    0.29838    0.53571    0.53256    0.37751    0.20300    0.27434    0.42133    0.27097    0.93556    0.57675    0.66864    0.34632    0.84589    0.59927    0.32143    0.68649    0.28888    0.25000    0.23053
   0.23768    0.27860    0.25000    0.51647    0.34114    0.20272    0.27854    0.31425    0.29052    0.93068    0.57700    0.74392    0.32747    0.80754    0.61228    0.46429    0.69084    0.28890    0.96429    0.23352
   0.21770    0.28418    0.32143    0.60475    0.32244    0.20769    0.27762    0.37473    0.21992    0.91155    0.61940    0.68191    0.31677    0.72708    0.62645    0.60714    0.76672    0.30610    0.82143    0.28292
   0.23648    0.27341    0.60714    0.68644    0.32531    0.20877    0.27296    0.38577    0.24924    0.92359    0.54673    0.86173    0.22084    0.85201    0.64089    0.25000    0.76865    0.24777    0.67857    0.24167
   0.23724    0.26278    0.96429    0.67272    0.30258    0.21565    0.27480    0.35645    0.24931    0.93566    0.57176    0.71471    0.46779    0.78898    0.28644    1.00000    0.69198    0.21064    0.89286    0.24841
   0.23193    0.28691    0.17857    0.49561    0.29717    0.20881    0.39286    0.35431    0.23508    0.92068    0.58717    0.78994    0.47148    0.82040    0.59079    0.75151    0.77017    0.22970    0.36448    0.25342
   0.23080    0.25366    0.82143    0.64851    0.24485    0.20172    0.53571    0.41270    0.30475    0.92461    0.57383    0.60566    0.48060    0.87321    1.00000    0.68630    0.71835    0.22802    0.59184    0.27571
   0.23369    0.27747    0.03571    0.68574    0.29167    0.21213    0.82143    0.44195    0.23537    0.93331    0.57153    0.76107    0.46821    0.82007    0.63009    0.61183    0.73849    0.03318    0.20312    0.27000
   0.22208    0.27905    0.39286    0.56667    0.29291    0.21037    0.32143    0.37526    0.22943    0.92227    0.59778    0.68084    0.38779    0.80804    0.55892    0.84061    0.74459    0.21316    0.38397    0.27041
   0.22053    0.26808    0.67857    0.66791    0.30027    0.23301    0.75000    0.42132    0.23836    0.93311    0.58741    0.69371    0.54677    0.82393    0.60189    0.91559    0.90805    0.23006    0.22374    0.27517
   0.21877    0.27260    0.75000    0.71312    0.33974    0.30311    0.96429    0.47487    0.24375    0.92925    0.59485    0.66158    0.52477    0.81973    0.60141    0.97861    0.72951    0.21709    0.27257    0.24394
   0.22746    0.25562    0.46429    0.66522    0.31373    0.23557    0.89286    0.31933    0.23574    0.92740    0.59064    0.60981    0.52093    0.82894    0.53234    0.81660    0.73933    0.36927    0.64858    0.27226
   0.22900    0.28422    0.89286    0.63168    0.31201    0.24371    0.10714    0.89478    0.25202    0.92570    0.59400    0.66042    0.55875    0.89419    0.60817    0.66361    0.74910    0.13209    0.44416    0.17857
   0.22850    0.27362    0.81366    0.68464    0.28837    0.23003    0.03571    1.00000    0.25292    0.93064    0.59672    0.67687    0.56341    0.87575    0.54473    0.90333    0.74422    0.10436    0.37924    0.53571
   0.23304    0.27899    0.10435    0.63057    0.30294    0.23276    0.25000    1.00000    0.10262    0.92507    0.59194    0.62900    0.56291    0.91519    0.55794    0.85249    0.75934    0.20390    0.44805    0.39286
   0.23130    0.26967    0.14584    0.73326    0.30206    0.24027    0.67857    0.91628    0.29494    0.92567    0.59318    0.66721    0.56914    0.88230    0.62536    0.82335    0.73665    0.34165    0.36771    0.89286
   0.23012    0.28171    0.35858    0.76049    0.27379    0.23049    0.17857    0.81421    0.26219    0.92432    0.59258    0.64866    0.55010    0.95438    0.55242    0.81850    0.76911    0.22048    0.36039    0.67857
   0.22490    0.27330    0.28963    0.72328    0.26832    0.23410    0.46429    0.81691    0.23650    0.92651    0.59652    0.62953    0.55410    0.88095    0.62037    0.70578    0.75304    0.24797    0.26876    0.03571
   0.23036    0.28402    0.31846    0.82267    0.29435    0.24607    0.60714    1.00000    0.29278    0.25000    0.58627    0.63447    0.52474    0.90168    0.62335    0.89277    0.75888    0.21342    0.19187    0.75000
   0.23306    0.26724    0.34035    0.70171    0.28665    0.22829    1.00000    1.00000    0.30907    0.39286    0.60048    0.62890    0.58113    0.90166    0.62793    0.61493    0.76815    0.21996    0.30315    0.25000
   0.22962    0.26669    0.15805    0.74103    0.29179    0.22547    0.94706    0.81959    0.27751    0.10714    0.59798    0.60349    0.45921    0.88079    0.54008    0.69393    0.74932    0.23998    0.27069    0.96429
   0.22967    0.27683    0.32405    0.70855    0.29309    0.23297    0.86737    0.85474    0.26084    0.67857    0.60570    0.62469    0.54166    0.76534    0.23362    0.69171    0.76213    0.22172    0.31154    0.32143
   0.22778    0.27086    0.12937    0.81738    0.28228    0.23525    0.83020    0.81469    0.29884    0.03571    0.59792    0.36888    0.52179    0.86949    0.57751    0.68176    0.76124    0.22814    0.34752    0.10714
   0.22545    0.27554    0.00290    0.74561    0.28726    0.23130    0.96257    0.88905    0.23537    0.17857    0.59984    0.61645    0.55865    0.88521    0.57223    0.61372    0.76004    0.20239    0.27376    0.60714
   0.22795    0.27479    0.32976    0.74427    0.28778    0.23346    1.00000    0.92047    0.29321    0.46429    0.60308    0.66436    0.55560    0.83960    0.56885    0.68580    0.75497    0.24046    0.25464    0.46429
   0.23073    0.27280    0.25801    0.73670    0.30113    0.22252    0.77588    0.95347    0.29323    0.53571    0.32143    0.63633    0.54713    0.89040    0.59527    0.59687    0.75537    0.18116    0.28777    0.82143
   0.22623    0.27554    0.24933    0.73595    0.27586    0.24040    0.64416    1.00000    0.27869    0.82143    0.10714    0.61089    0.55498    0.91518    0.56160    0.70154    0.75673    0.05701    0.15630    0.35367
   0.22261    0.27781    0.22299    0.74686    0.28469    0.23768    0.60315    0.83608    0.28772    0.96429    0.25000    0.66845    0.58174    0.87171    0.49805    0.72766    0.76358    0.15617    0.29036    0.43167
   0.22867    0.27181    0.27928    0.74164    0.31494    0.23410    0.66808    0.77618    0.29377    0.32143    0.03571    0.61695    0.56164    0.87677    0.51607    0.65270    0.75490    0.20396    0.26954    0.33794
   0.22541    0.27899    0.35079    0.75596    0.28078    0.24493    0.71978    0.79780    0.28146    0.89286    0.60714    0.64116    0.58313    0.88465    0.53782    0.72917    0.75525    0.18186    0.19116    0.18550
   0.22452    0.03571    0.33693    0.75299    0.28557    0.23083    0.70473    0.84968    0.28850    0.60714    0.46429    0.66232    0.58188    0.88014    0.55166    0.70453    0.75696    0.19787    0.23444    0.39254
   0.22690    0.32143    0.37056    0.74506    0.29514    0.23396    0.71961    0.75994    0.27723    0.75000    0.17857    0.63611    0.57229    0.88774    0.52711    0.66122    0.75619    0.17973    0.26494    0.40574
   0.22770    0.60714    0.33868    0.75780    0.28293    0.22707    0.59621    0.81242    0.39336    0.47467    0.82143    0.68429    0.55549    0.88798    0.54132    0.70072    0.75965    0.18260    0.32770    0.43004
   0.22635    0.82143    0.27586    0.75568    0.28859    0.23158    0.67127    0.81835    0.29782    0.46553    0.53571    0.67901    0.57579    0.88479    0.57424    0.70512    0.75965    0.18214    0.27894    0.32488
   0.22440    0.25000    0.26568    0.76303    0.27845    0.22289    0.68380    0.80936    0.24699    0.52896    0.39286    0.67646    0.57619    0.87046    0.52664    0.71083    0.76090    0.17358    0.27126    0.28675
   0.23233    0.89286    0.27664    0.75860    0.28370    0.21762    0.67979    0.81742    0.29662    0.31374    0.96429    0.68156    0.56527    0.89393    0.52239    0.66722    0.76038    0.18611    0.26850    0.33721
   0.22838    0.53571    0.26829    0.73113    0.28525    0.22762    0.65621    0.77537    0.28640    0.21239    0.75000    0.68334    0.61032    0.91211    0.51576    0.70367    0.76428    0.19527    0.28114    0.34910
   0.21539    0.46429    0.21945    0.73975    0.28655    0.21511    0.66998    0.84503    0.30240    0.45718    0.89286    0.71524    0.56028    0.90133    0.50639    0.71913    0.76752    0.19009    0.25287    0.34822
   0.21058    0.10714    0.31445    0.74138    0.27910    0.22091    0.67768    0.79484    0.30327    0.29183    0.67857    0.67980    0.54441    0.90209    0.51537    0.73415    0.77663    0.19186    0.25143    0.30662
   0.17857    0.75000    0.33642    0.74849    0.27829    0.21348    0.56790    0.83461    0.30087    0.35007    0.69871    0.70308    0.54057    0.95880    0.51451    0.77479    0.77530    0.18300    0.25992    0.39909
   0.46429    0.17857    0.27379    0.73787    0.28082    0.22683    0.63877    0.77926    0.29287    0.34919    0.00000    0.70854    0.56251    0.90063    0.50521    0.74914    0.78060    0.18218    0.23626    0.60223
   0.39286    0.39286    0.28374    0.75803    0.28286    0.22877    0.64391    0.83961    0.29938    0.28213    0.48454    0.70677    0.57773    0.93328    0.51885    0.76074    0.77945    0.18514    0.26026    0.36576
   0.03571    0.67857    0.32148    0.72998    0.28328    0.22841    0.64267    0.79359    0.29346    0.33637    0.44325    0.70567    0.45289    0.90301    0.47217    0.75903    0.79663    0.18200    0.26620    0.41182
   0.75000    0.96429    0.27121    0.74027    0.27724    0.22374    0.66265    0.75039    0.29904    0.31943    0.48511    0.69349    0.55713    0.91950    0.45345    0.84154    0.77805    0.17881    0.24888    0.44422
   0.67857    0.91712    0.32305    0.73886    0.27852    0.23076    0.65484    0.82311    0.29589    0.28658    0.36123    0.70405    0.50892    0.89800    0.47516    0.79960    0.78202    0.18187    0.25436    0.57303
   0.10714    0.50811    0.29657    0.74557    0.27834    0.22494    0.61768    0.82393    0.29362    0.08317    0.55199    0.70965    0.54501    0.91738    0.46313    0.73637    0.77154    0.18949    0.22155    0.41605
   0.89286    0.46518    0.26387    0.74346    0.28062    0.23854    0.63002    0.82114    0.29617    0.32384    0.55070    0.69618    0.37516    0.90460    0.45300    0.71707    0.77048    0.17442    0.25766    0.42881
   0.32143    0.59194    0.24457    0.74057    0.28185    0.25011    0.62389    0.81318    0.29969    0.26131    0.43090    0.74244    0.51600    0.89606    0.47147    0.72365    0.77083    0.18209    0.26212    0.45779
   0.25000    0.71137    0.27985    0.75059    0.27771    0.16275    0.62784    0.82997    0.29767    0.28004    0.49935    0.72058    0.53365    0.91521    0.44853    0.72687    0.77413    0.18088    0.24706    0.42195
   0.96429    0.48164    0.26315    0.74472    0.28117    0.82143    0.62066    0.81938    0.29672    0.28723    0.50637    0.71640    0.55411    0.91142    0.45604    0.72299    0.76928    0.18467    0.23890    0.38043
   0.60714    0.52893    0.22440    0.74847    0.28424    0.32143    0.53185    0.82730    0.29591    0.28676    0.50209    0.71768    0.55471    0.92084    0.45416    0.72758    0.17857    0.17737    0.24583    0.44142
   0.53571    0.70159    0.28737    0.74097    0.27668    0.53571    0.61195    0.82094    0.29732    0.27377    0.45745    0.71798    0.54350    0.88316    0.43789    0.73162    0.03571    0.18326    0.25554    0.31516
   0.82143    0.60687    0.23981    0.74496    0.67857    0.89286    0.59351    0.81962    0.29780    0.29361    0.49507    0.71597    0.53636    0.89767    0.38539    0.73272    0.39286    0.18143    0.25130    0.42574
   0.66693    0.63223    0.23018    0.74254    0.10714    0.25000    0.62760    0.81965    0.29388    0.25151    0.86642    0.71407    0.53243    0.88689    0.32449    0.77794    0.53571    0.18420    0.24350    0.34534
   0.45150    0.72458    0.03165    0.74915    0.75000    0.60714    0.65267    0.82168    0.46429    0.25053    0.59459    0.71656    0.54173    0.87681    0.32523    0.74167    0.10714    0.18205    0.25915    0.33971
   0.34912    0.62777    0.23425    0.74997    0.39286    0.96429    0.54312    0.81534    0.25000    0.23829    0.58153    0.71482    0.55337    0.89361    0.26397    0.72856    0.75000    0.17933    0.24794    0.39409
   0.10960    0.73619    0.24186    0.74701    0.17857    0.03571    0.40590    0.81905    0.89286    0.23639    0.47421    0.71638    0.51882    0.87949    0.33271    0.73296    0.67857    0.17939    0.24802    0.40855
   0.42766    0.57564    0.25862    0.74668    0.03571    0.39286    0.54599    0.83034    0.67857    0.20880    0.48442    0.71344    0.55296    0.76702    0.33857    0.76411    0.32143    0.17996    0.24673    0.42541
   0.31268    0.61896    0.26913    0.75050    0.53571    0.75000    0.53986    0.83233    0.39286    0.19099    0.50959    0.72948    0.55970    0.87246    0.28123    0.75502    0.25000    0.18016    0.24912    0.43731
   0.25899    0.60989    0.25430    0.74351    0.46429    0.10714    0.53986    0.83182    0.96429    0.21584    0.57724    0.75169    0.55643    0.90264    0.31658    0.74829    0.89286    0.17788    0.25275    0.34363
   0.22466    0.61535    0.25424    0.74350    0.96429    0.46429    0.52286    0.82694    0.82143    0.19439    0.55703    0.73557    0.64270    0.90340    0.32728    0.73661    0.46429    0.17742    0.24857    0.34430
   0.14534    0.58972    0.25008    0.74733    0.82143    0.67857    0.49972    0.82014    0.17857    0.19093    0.40298    0.73226    0.57921    0.88172    0.31640    0.74583    0.60714    0.17845    0.25000    0.32955
   0.00000    0.70314    0.25119    0.74057    0.60714    0.17857    0.48973    0.83163    0.03571    0.21407    0.51001    0.72901    0.55459    0.85658    0.31354    0.74235    0.96429    0.17574    0.25186    0.35271
   0.16826    0.81773    0.24674    0.74604    0.25000    0.62103    0.49060    0.82907    0.60714    0.23799    0.50473    0.75806    0.55626    0.86407    0.32533    0.73304    0.82143    0.17626    0.25001    0.08075
   0.19916    0.70792    0.24579    0.74725    0.89286    0.19928    0.49894    0.83320    0.32143    0.21940    0.50131    0.72981    0.53949    0.86854    0.32353    0.74419    0.01695    0.18096    0.25030    0.28569
   0.13457    0.72426    0.24437    0.53571    0.32143    0.49694    0.49980    0.83333    0.10714    0.21985    0.49319    0.73123    0.55690    0.87793    0.33497    0.74121    0.48434    0.18140    0.25184    0.44721
   0.16371    0.71637    0.25235    0.17857    1.00000    0.37587    0.49384    0.82878    0.75000    0.21658    0.47658    0.73375    0.54752    0.89122    0.30493    0.74442    0.25669    0.17655    0.24912    0.35321
   0.00000    0.76489    0.24632    0.89286    0.59635    0.40777    0.51146    0.82670    0.53571    0.23315    0.46914    0.72782    0.55525    0.88794    0.31699    0.73499    0.00000    0.17600    0.10714    0.42175
   0.18296    0.74023    0.24548    0.32143    0.62520    0.36167    0.49412    0.82475    1.00000    0.16570    0.45653    0.73260    0.55554    0.88390    0.32928    0.75180    0.34859    0.17665    0.25000    0.39343
   0.13254    0.74846    0.24886    0.39286    0.61288    0.29703    0.50116    0.83092    0.76905    0.19822    0.39808    0.73004    0.55494    0.87813    0.32117    0.74727    0.37376    0.17331    0.17857    0.37320
   0.22528    0.79388    0.24774    0.96429    0.69931    0.28186    0.52404    0.83163    1.00000    0.19722    0.39276    0.73096    0.55348    0.88630    0.32426    0.75427    0.43653    0.17072    0.53571    0.32742
   0.13498    0.74312    0.23814    0.25000    0.75957    0.39328    0.48478    0.82914    0.96969    0.17892    0.30193    0.73298    0.54504    0.87734    0.31781    0.75059    0.35691    0.16729    0.03571    0.33134
   0.13644    0.74590    0.25296    0.75000    0.64344    0.35054    0.50435    0.83121    0.95528    0.18393    0.23718    0.73608    0.56073    0.89076    0.32037    0.76215    0.44443    0.17176    0.67857    0.30116
   0.09911    0.74559    0.24403    0.03571    0.54229    0.67634    0.49228    0.83409    0.88514    0.19334    0.21730    0.72985    0.55791    0.88575    0.32269    0.74622    0.37958    0.16907    0.60714    0.30883
   0.16941    0.71224    0.24305    0.60714    0.42672    0.41647    0.49617    0.83585    0.93676    0.14963    0.43235    0.73181    0.57086    0.46429    0.32367    0.75136    0.33435    0.17133    0.39286    0.34015
