   0.32143    0.75000    0.10714    0.67857    0.32143    0.89286    0.53571    0.53571    0.17857    0.75000    0.53571    0.46429    0.25000    0.39286    0.67857    0.67857    0.53571    0.46429    0.10714    0.60714
   0.89286    0.82143    0.75000    0.17857    0.89286    0.67857    0.89286    0.75000    0.67857    0.17857    0.03571    0.67857    0.46429    0.03571    0.60714    0.25000    0.25000    0.10714    0.96429    0.25000
   0.96429    0.03571    0.60714    0.10714    0.46429    0.75000    0.25000    0.60714    0.03571    0.39286    0.25000    0.82143    0.82143    0.75000    0.46429    0.46429    0.10714    0.67857    0.39286    0.53571
   0.17857    0.32143    0.46429    0.39286    0.75000    0.03571    0.82143    0.17857    0.75000    0.32143    0.17857    0.39286    0.32143    0.89286    0.17857    0.39286    0.82143    0.17857    0.67857    0.17857
   0.46429    0.60714    0.32143    0.53571    0.39286    0.82143    0.03571    0.32143    0.39286    0.03571    0.32143    0.10714    0.03571    0.32143    0.25000    0.96429    0.60714    0.25000    0.25000    0.67857
   0.75000    0.53571    0.03571    0.75000    0.96429    0.39286    0.39286    0.10714    0.10714    0.10714    0.60714    0.25000    0.39286    0.82143    0.89286    0.10714    0.67857    0.96429    0.53571    0.10714
   0.39286    0.89286    0.82143    0.96429    0.82143    0.53571    0.67857    0.03571    0.46429    0.53571    0.10714    0.96429    0.89286    0.53571    0.03571    0.82143    0.03571    0.60714    0.82143    0.96429
   0.60714    0.10714    0.17857    0.03571    0.17857    0.46429    0.32143    0.96429    0.53571    0.46429    0.89286    0.03571    0.10714    0.46429    0.96429    0.17857    0.96429    0.39286    0.17857    0.03571
   0.25000    0.46429    0.96429    0.25000    0.03571    0.60714    0.60714    0.89286    0.89286    0.89286    0.39286    0.75000    0.60714    0.17857    0.10714    0.89286    0.32143    0.03571    0.46429    0.89286
   0.53571    0.39286    0.67857    0.46429    0.60714    0.17857    0.96429    0.67857    0.60714    0.96429    0.67857    0.89286    0.96429    0.67857    0.75000    0.03571    0.39286    0.75000    0.75000    0.32143
   0.82143    0.67857    0.53571    0.60714    0.25000    0.96429    0.17857    0.82143    0.25000    0.67857    0.82143    0.60714    0.67857    0.10714    0.82143    0.60714    0.17857    0.82143    0.32143    0.82143
   0.03571    0.96429    0.39286    0.89286    0.53571    0.25000    0.75000    0.39286    0.96429    0.60714    0.75000    0.17857    0.17857    0.25000    0.53571    0.53571    0.89286    0.32143    0.60714    0.46429
   0.10714    0.17857    0.25000    0.82143    0.10714    0.32143    0.10714    0.25000    0.32143    0.82143    0.96429    0.32143    0.53571    0.96429    0.39286    0.75000    0.75000    0.89286    0.03571    0.75000
   0.67857    0.25000    0.89286    0.32143    0.67857    0.10714    0.46429    0.46429    0.82143    0.25000    0.46429    0.53571    0.75000    0.60714    0.32143    0.32143    0.46429    0.53571    0.89286    0.39286
   0.02628    0.56218    0.75391    0.00000    0.96494    0.79088    0.00000    0.11688    0.00000    0.01108    0.00000    0.40009    0.01174    0.95549    0.00000    0.44712    0.23447    0.01592    0.00000    0.39382
   0.00000    0.00000    1.00000    0.00000    0.77213    1.00000    0.06996    0.64703    0.00000    0.02768    0.00000    0.54594    0.00000    1.00000    0.35903    0.00000    0.33936    0.02840    0.11091    1.00000
   0.00000    0.00354    0.48923    0.00000    0.90262    1.00000    0.03494    0.73585    0.00000    0.21381    0.00000    0.48694    0.00000    0.70714    0.20992    0.24095    0.31361    0.14103    0.41432    0.30311
   0.00000    0.00000    0.65145    0.00000    0.89053    0.71991    0.13842    0.60925    0.00000    0.32548    0.17832    0.44007    0.00000    0.46031    0.30256    0.17081    0.34704    0.25657    0.00000    0.79439
   0.11731    0.00000    0.71042    0.00000    1.00000    0.42673    0.15041    0.00000    0.00000    0.00000    0.00000    0.53041    0.00000    0.59005    0.05535    0.41695    0.14480    0.24504    0.00000    1.00000
   0.00000    0.00000    0.72623    0.00000    0.72727    0.59424    0.40571    0.54447    0.00000    0.18917    0.26369    0.52808    0.00000    0.48440    0.16448    0.56007    0.29113    0.19939    0.27745    0.88241
   0.00000    0.11815    0.63751    0.08546    0.94769    0.61139    0.29656    0.53742    0.00000    0.11250    0.04032    0.39402    0.00000    0.18315    0.15105    0.51690    0.29780    0.21073    0.09558    1.00000
   0.14996    0.00000    0.92699    0.00000    0.76936    0.65259    0.13111    0.44306    0.00000    0.06631    0.05961    0.50171    0.00000    0.62267    0.23238    0.44578    0.27949    0.28511    0.00000    0.91599
   0.06389    0.00000    0.64755    0.00000    0.82730    0.70762    0.11318    0.49609    0.00000    0.00000    0.00000    0.49204    0.00000    0.29750    0.19651    0.39289    0.25712    0.28416    0.00000    0.93399
   0.15579    0.02562    0.73547    0.00000    1.00000    0.49666    0.13061    0.39115    0.00000    0.00000    0.18797    0.54625    0.00000    0.73194    0.14665    0.41102    0.38270    0.19741    0.08388    0.81795
   0.00000    0.00000    0.66262    0.00000    0.86012    0.49097    0.10034    0.51939    0.02283    0.00000    0.06868    0.53888    0.00959    0.41254    0.25681    0.42524    0.35442    0.14714    0.05167    0.93150
   0.06126    0.00000    0.63875    0.00000    0.91325    0.58895    0.10556    0.57966    0.00000    0.00000    0.07109    0.54323    0.00000    0.41568    0.41520    0.36983    0.32459    0.41933    0.11270    0.73158
   0.06752    0.00000    0.48235    0.00000    0.87204    0.55198    0.11283    0.51688    0.04505    0.00000    0.02719    0.54625    0.00217    0.34383    0.19883    0.35338    0.31114    0.31822    0.10392    0.70118
   0.02226    0.14892    0.47825    0.00000    0.90519    0.63968    0.19558    0.45630    0.00000    0.03626    0.05810    0.58200    0.00000    0.40484    0.12276    0.37852    0.29022    0.38831    0.10158    0.73752
   0.04193    0.08223    0.22352    0.00000    0.88454    0.63739    0.12539    0.46451    0.00000    0.00000    0.01769    0.71162    0.00000    0.41715    0.34700    0.34829    0.36301    0.24484    0.07921    0.68544
   0.03718    0.05667    0.54915    0.00000    0.90551    0.56687    0.06745    0.49463    0.00000    0.00000    0.05138    0.56519    0.00000    0.48263    0.15719    0.36859    0.35873    0.23692    0.14439    0.64143
   0.06688    0.02352    0.48398    0.00000    0.94266    0.72654    0.10649    0.47189    0.00000    0.00000    0.05306    0.55589    0.00000    0.39860    0.20684    0.32848    0.40526    0.28479    0.11684    0.68029
   0.03574    0.01432    0.46059    0.00000    0.79039    0.74425    0.13018    0.40180    0.00000    0.00000    0.01130    0.59254    0.00000    0.46306    0.17864    0.33666    0.32091    0.13182    0.13976    0.77629
   0.06111    0.00326    0.39505    0.02131    0.83217    0.69201    0.12431    0.47681    0.00000    0.00000    0.02571    0.55119    0.00000    0.45493    0.21447    0.34265    0.50562    0.22878    0.16273    0.64698
   0.04370    0.00593    0.49739    0.07566    0.77811    0.61752    0.09530    0.52843    0.00000    0.00000    0.04794    0.57843    0.00000    0.46580    0.20299    0.37428    0.34327    0.26579    0.07668    0.71790
   0.09475    0.01848    0.52077    0.08219    0.87184    0.66701    0.08217    0.48651    0.00000    0.00000    0.04935    0.57878    0.00000    0.48817    0.11363    0.39332    0.01905    0.25462    0.12300    0.66672
   0.05115    0.00660    0.50951    0.07151    0.84294    0.61810    0.07412    0.47542    0.00000    0.00000    0.05275    0.52505    0.00000    0.51642    0.18771    0.46385    0.36060    0.26620    0.13744    0.68736
   0.06618    0.00399    0.50257    0.14614    0.77784    0.59225    0.04840    0.60454    0.00000    0.00000    0.03233    0.56734    0.00000    0.47318    0.19099    0.56078    0.31625    0.23356    0.14212    0.68343
   0.07559    0.00000    0.51969    0.16381    0.62604    0.92882    0.00121    0.45327    0.00000    0.00000    0.02599    0.49766    0.00000    0.47277    0.12407    0.48920    0.34967    0.24144    0.15439    0.67583
   0.03778    0.01328    0.49795    0.22009    0.75720    0.65109    0.00000    0.52727    0.00000    0.00000    0.02170    0.47123    0.00000    0.50015    0.15293    0.47231    0.34947    0.19634    0.15576    0.66865
   0.06753    0.01166    0.49081    0.05423    0.80276    0.58807    0.03278    0.44250    0.00000    0.00000    0.03591    0.47748    0.00000    0.48757    0.16807    0.42319    0.37022    0.21361    0.17485    0.71390
   0.03853    0.01032    0.51343    0.13355    0.79314    0.66168    0.05181    0.47174    0.00000    0.00000    0.04206    0.44670    0.00000    0.48878    0.08774    0.44445    0.37663    0.21211    0.15001    0.68806
   0.04348    0.01249    0.52356    0.07931    0.76060    0.99476    0.02458    0.46139    0.00000    0.00000    0.00000    0.37188    0.00000    0.46566    0.11245    0.46740    0.38772    0.21188    0.24298    0.70129
   0.14699    0.01544    0.49131    0.05184    0.77669    0.71774    0.00000    0.48744    0.00000    0.00336    0.00867    0.41048    0.03629    0.49388    0.15197    0.43636    0.37133    0.21390    0.12487    0.68061
   0.03589    0.00915    0.45490    0.11364    0.80411    0.61072    0.01646    0.47120    0.00000    0.00000    0.03057    0.38347    0.00000    0.48974    0.45877    0.48288    0.56500    0.19769    0.21696    0.69731
   0.06833    0.01303    0.50661    0.10500    0.76472    0.63847    0.00000    0.48882    0.00000    0.00000    0.01473    0.36585    0.00000    0.46366    0.01170    0.46428    0.66349    0.07377    0.05833    0.69199
   0.08348    0.00925    0.48377    0.09493    0.75470    0.62626    0.01991    0.47025    0.00600    0.00000    0.02887    0.35308    0.00000    0.47362    0.42895    0.42091    0.51036    0.19559    0.40228    0.66798
   0.07059    0.01398    0.62136    0.09992    0.81895    0.57166    0.02403    0.46628    0.00000    0.00000    0.03326    0.47965    0.00000    0.48854    0.23994    0.43829    0.61030    0.21036    0.18898    0.69080
   0.05068    0.01089    0.49785    0.13759    0.75188    0.57905    0.00000    0.47474    0.00000    0.00000    0.02007    0.35156    0.00000    0.46803    0.21420    0.43242    0.57048    0.19277    0.17743    0.70418
   0.08032    0.01588    0.52027    0.09788    0.76402    0.61345    0.01958    0.45050    0.00000    0.00000    0.03147    0.42221    0.00000    0.48277    0.19082    0.44838    0.63074    0.18079    0.20272    0.68648
   0.06786    0.04732    0.51343    0.10528    0.68900    0.81161    0.02393    0.47180    0.00000    0.00000    0.01271    0.48291    0.00000    0.47613    0.15942    0.47366    0.90807    0.17298    0.18253    0.68355
   0.05927    0.03405    0.50322    0.12853    0.77347    0.63947    0.03063    0.42869    0.00000    0.00000    0.01621    0.39610    0.00530    0.47295    0.16584    0.45388    0.69567    0.22785    0.18941    0.69117
   0.03828    0.02019    0.48482    0.12140    0.78601    0.65625    0.01757    0.30394    0.00000    0.00000    0.02392    0.37784    0.00000    0.48465    0.09614    0.42670    0.59819    0.18450    0.17876    0.68247
   0.06478    0.02959    0.49962    0.12258    0.77422    0.58183    0.02400    0.42148    0.00000    0.00691    0.02158    0.37322    0.00000    0.47160    0.03067    0.46039    0.67095    0.20341    0.19695    0.67600
   0.06714    0.04205    0.49539    0.09422    0.79505    0.56018    0.02062    0.09101    0.00000    0.02701    0.01685    0.38738    0.00000    0.47523    0.14388    0.48689    0.77636    0.17711    0.18100    0.60714
   0.07685    0.05524    0.50772    0.08100    0.75715    0.60286    0.02249    0.38254    0.02732    0.01264    0.01800    0.37841    0.00000    0.47518    0.12122    0.47987    0.65547    0.23243    0.17782    0.66667
   0.09535    0.02454    0.48965    0.09411    0.76268    0.63572    0.02214    0.37501    0.00000    0.00000    0.00625    0.38437    0.00000    0.47235    0.12765    0.46327    0.67619    0.23143    0.18182    0.68748
   0.07599    0.02738    0.48541    0.13294    0.78465    0.60411    0.02085    0.32774    0.00000    0.01971    0.01913    0.31933    0.00000    0.47914    0.08725    0.43034    0.71135    0.20875    0.17128    0.66984
   0.06654    0.03988    0.48468    0.11648    0.78085    0.65894    0.02990    0.38845    0.00000    0.00000    0.01817    0.36630    0.01049    0.47988    0.08204    0.43726    0.64454    0.19562    0.19438    0.66085
   0.07864    0.02542    0.50681    0.10513    0.76981    0.63205    0.02702    0.39546    0.00309    0.00000    0.01893    0.36999    0.00000    0.48070    0.12556    0.43847    0.62753    0.21681    0.18976    0.67341
   0.07310    0.02816    0.49572    0.11135    0.76514    0.64091    0.01920    0.41659    0.00000    0.00000    0.02398    0.37926    0.00000    0.46953    0.11227    0.45051    0.74705    0.22374    0.19800    0.68741
   0.07962    0.02806    0.48616    0.10753    0.77383    0.66800    0.01833    0.37615    0.00186    0.00000    0.02003    0.37436    0.00000    0.48464    0.12076    0.43949    0.85992    0.22117    0.20357    0.67437
   0.05898    0.02753    0.49239    0.10370    0.76696    0.60175    0.02528    0.39331    0.00000    0.00883    0.01193    0.37774    0.00000    0.47820    0.09755    0.43359    0.70724    0.20278    0.22717    0.67903
   0.06969    0.03000    0.47671    0.12518    0.76154    0.61908    0.01654    0.35961    0.00000    0.00000    0.01813    0.37510    0.00088    0.48494    0.06623    0.44540    0.70909    0.20923    0.23612    0.68057
   0.02661    0.03107    0.47338    0.11260    0.76486    0.60178    0.01832    0.36184    0.00000    0.00128    0.02154    0.37455    0.00000    0.48945    0.10755    0.43072    0.73258    0.21396    0.19432    0.68209
   0.07524    0.03137    0.46716    0.11414    0.76209    0.61763    0.01923    0.36242    0.00000    0.00763    0.53571    0.37599    0.00000    0.48252    0.10336    0.44794    0.72574    0.19735    0.19586    0.68295
   0.07257    0.03238    0.45817    0.10874    0.77137    0.64473    0.01294    0.34580    0.00000    0.00000    0.17857    0.39295    0.00000    0.48613    0.12246    0.42739    0.72963    0.20059    0.20135    0.67440
   0.06760    0.03062    0.45036    0.12401    0.76025    0.58165    0.01746    0.37170    0.00000    0.00470    0.96429    0.37436    0.00000    0.48297    0.09132    0.45705    0.74003    0.20779    0.20839    0.68251
   0.07475    0.03054    0.15699    0.13825    0.76377    0.66029    0.01506    0.36034    0.00000    0.00324    0.25000    0.37018    0.00000    0.48541    0.10684    0.45387    0.73093    0.18313    0.20634    0.68539
   0.07341    0.03124    0.45381    0.18533    0.76869    0.64405    0.01465    0.36875    0.00000    0.00000    0.39286    0.35162    0.00000    0.48367    0.10827    0.44728    0.71864    0.19913    0.21005    0.68631
   0.07744    0.60714    0.45921    0.15803    0.76551    0.62373    0.01646    0.39134    0.48509    0.00092    0.32143    0.36574    0.00000    0.47983    0.11494    0.45320    0.70704    0.18653    0.20595    0.68084
   0.07157    0.75000    0.43992    0.16853    0.77061    0.62474    0.01569    0.36770    0.00000    0.00212    0.89286    0.37125    0.00000    0.60714    0.08473    0.45217    0.69878    0.19199    0.21314    0.68154
   0.07181    0.46429    0.46346    0.18774    0.77004    0.60309    0.01609    0.35677    0.00000    0.00415    0.10714    0.37785    0.00000    0.03571    0.10446    0.43369    0.74893    0.18254    0.21593    0.68061
   0.07308    0.17857    0.42472    0.16878    0.76961    0.61343    0.01607    0.37830    0.00000    0.00000    0.67857    0.36352    0.00000    0.17857    0.09814    0.44680    0.72738    0.18576    0.22650    0.68066
   0.07266    0.10714    0.44010    0.21169    0.76427    0.64046    0.01691    0.36572    0.00000    0.00268    0.60714    0.36586    0.00000    0.75000    0.08314    0.44612    0.71517    0.18581    0.21529    0.68104
   0.07128    0.67857    0.44739    0.27070    0.76970    0.63099    0.01619    0.36718    0.02819    0.00471    0.75000    0.36448    0.00000    0.67857    0.05784    0.43377    0.71849    0.18351    0.21399    0.25000
   0.07281    0.96429    0.44960    0.20261    0.76607    0.62987    0.01574    0.38313    0.00000    0.00126    0.03571    0.36673    0.00000    0.53571    0.07296    0.44811    0.70557    0.17482    0.21487    0.96429
   0.07235    0.03571    0.44790    0.20578    0.77018    0.61805    0.01618    0.36432    0.00000    0.00000    0.82143    0.35822    0.00000    0.10714    0.07785    0.44751    0.69251    0.19637    0.20236    0.89286
   0.07430    0.32143    0.43494    0.19564    0.76633    0.61156    0.75000    0.33134    0.00000    0.00281    0.46429    0.36586    0.00000    0.89286    0.08108    0.44367    0.67417    0.20162    0.20784    0.67857
   0.07498    0.89286    0.43193    0.20649    0.77047    0.60556    0.39286    0.34728    0.00000    0.00308    0.01344    0.36751    0.00000    0.46429    0.07836    0.43964    0.69396    0.19345    0.20973    0.39286
   0.07581    0.82143    0.44356    0.17813    0.76846    0.65197    0.53571    0.35913    0.00000    0.00546    0.42969    0.36109    0.00000    0.32143    0.08058    0.44923    0.68630    0.19168    0.20212    0.82143
   0.60714    0.53571    0.45291    0.21648    0.76749    0.66652    0.10714    0.36082    0.01081    0.00284    0.14680    0.36548    0.00000    0.25000    0.08030    0.43296    0.68200    0.18698    0.19469    0.53571
   0.75000    0.25000    0.45293    0.21261    0.17857    0.66183    0.17857    0.35199    0.00000    0.00372    0.28063    0.37398    0.00000    0.82143    0.07150    0.44233    0.68184    0.18145    0.19348    0.46429
   0.82143    0.39286    0.45695    0.19992    0.39286    0.65709    0.96429    0.36706    0.03757    0.00153    0.33160    0.36822    0.00000    0.96429    0.08454    0.44773    0.68653    0.18781    0.18838    0.17857
   0.89286    0.73618    0.45504    0.20172    0.96429    0.61831    0.67857    0.36081    0.00000    0.60714    0.16134    0.36999    0.00000    0.39286    0.08126    0.45625    0.69337    0.18240    0.20150    0.60714
   0.32143    0.43363    0.44740    0.20202    0.89286    0.60985    0.32143    0.36902    0.00000    0.32143    0.14262    0.36442    0.53571    0.94496    0.08518    0.44486    0.68343    0.18665    0.11748    0.32143
   0.03571    0.60758    0.42431    0.20517    0.25000    0.62230    0.03571    0.36883    0.00000    0.03571    0.11111    0.35574    0.75000    0.44290    0.07396    0.45066    0.67928    0.19269    0.20243    0.10714
   0.53571    0.57019    0.45347    0.21629    0.53571    0.64536    0.82143    0.35991    0.00877    0.17857    0.12594    0.36850    0.67857    0.82537    0.08220    0.45470    0.67230    0.19525    0.20674    0.03571
   0.46429    0.65338    0.45092    0.20744    0.32143    0.63916    0.89286    0.36396    0.00000    0.89286    0.03382    0.36791    0.17857    0.65170    0.82143    0.45421    0.67181    0.19401    0.19914    0.75000
   0.96429    0.80417    0.45381    0.20544    0.67857    0.63501    0.46429    0.36364    0.00000    0.75000    0.05446    0.36452    0.03571    0.54005    0.89286    0.45358    0.66929    0.18824    0.20257    0.49378
   0.67857    0.49766    0.48367    0.21086    0.46429    0.64354    0.60714    0.36182    0.00000    0.46429    0.13077    0.36355    0.89286    0.75061    0.32143    0.60714    0.67375    0.18441    0.19951    1.00000
   0.10714    0.69266    0.45761    0.22112    0.75000    0.64905    0.25000    0.36366    0.00000    0.53571    0.14423    0.36553    0.39286    0.69854    0.46429    0.32143    0.67398    0.18956    0.20405    1.00000
   0.17857    0.36325    0.46254    0.20362    0.10714    0.65313    0.31221    0.36273    0.00000    0.25000    0.11248    0.36508    0.60714    0.94482    0.75000    0.46429    0.67534    0.19077    0.19821    0.79668
   0.25000    0.40165    0.45328    0.21182    0.03571    0.64637    0.22857    0.36308    0.00799    0.10714    0.17225    0.36883    0.10714    0.53720    0.39286    0.03571    0.67971    0.19254    0.22215    1.00000
   0.39286    0.46733    0.44096    0.21270    0.60714    0.63936    0.54986    0.36807    0.00000    0.82143    0.13994    0.36455    0.96429    0.64394    0.96429    0.89286    0.67759    0.18756    0.23528    0.93408
   0.70190    0.42223    0.42049    0.21555    0.82143    0.65784    0.52281    0.37565    0.00000    0.96429    0.13489    0.36474    0.82143    0.66915    0.03571    0.75000    0.68250    0.18770    0.28610    0.99095
   0.28834    0.51652    0.44629    0.21529    0.07340    0.64541    0.42885    0.35135    0.00000    0.67857    0.15029    0.36354    0.32143    0.54493    0.60714    0.17857    0.68112    0.82143    0.22206    0.95174
   0.58320    0.58818    0.44174    0.21079    0.58350    0.64799    0.60161    0.37069    0.00000    0.39286    0.11248    0.36469    0.25000    0.61328    0.25000    0.82143    0.67832    0.39286    0.25090    0.84110
   0.53604    0.49391    0.43723    0.21540    0.25566    0.65216    0.55124    0.37980    0.00000    0.60051    0.14865    0.36665    0.46429    0.64230    0.53571    0.25000    0.67904    0.10714    0.24365    1.00000
   0.17031    0.46128    0.43765    0.20818    0.39283    0.64488    0.78915    0.35998    0.00000    0.56800    0.16026    0.53571    0.00000    0.60840    0.67857    0.10714    0.67279    0.32143    0.22481    1.00000
   0.67938    0.50147    0.43613    0.21239    0.35627    0.64924    0.56817    0.35594    0.00000    0.47273    0.12989    0.89286    0.68697    0.62302    0.10714    0.96429    0.67792    0.75000    0.26821    0.98924
   0.53117    0.45593    0.43832    0.21141    0.37086    0.64610    0.53944    0.35486    0.00000    0.54165    0.13023    0.32143    0.21111    0.59716    0.17857    0.53571    0.67909    0.03571    0.23726    0.36263
   0.66185    0.48503    0.44415    0.21154    0.43232    0.64753    0.61268    0.36447    0.67857    0.66970    0.12392    0.96429    0.54386    0.55324    0.41435    0.67857    0.67496    0.46429    0.23201    1.00000
   0.61670    0.46172    0.43802    0.21145    0.35415    0.64179    0.51161    0.36361    0.03571    0.56867    0.09562    0.39286    0.20682    0.66014    0.29490    0.39286    0.67715    0.53571    0.23388    1.00000
   0.59161    0.43245    0.43784    0.21833    0.34185    0.64172    0.49673    0.36824    0.46429    0.62979    0.11466    0.75000    0.00000    0.59243    0.43634    1.00000    0.67819    0.96429    0.24403    1.00000
   0.61762    0.48607    0.43441    0.21392    0.41958    0.64328    0.47516    0.36306    0.75000    0.67173    0.09952    0.82143    0.00000    0.55803    0.19323    0.52673    0.67717    0.25000    0.23576    1.00000
   0.58977    0.44503    0.44000    0.21139    0.40882    0.65996    0.49916    0.36527    0.89286    0.69593    0.10752    0.17857    0.21578    0.57640    0.31227    0.65554    0.68097    0.67857    0.23550    0.86136
   0.57025    0.46094    0.43581    0.21114    0.34923    0.64975    0.47982    0.36458    0.39286    0.69377    0.02523    0.25000    0.16415    0.44825    0.25251    0.74167    0.67608    0.89286    0.24863    1.00000
   0.59611    0.46307    0.43882    0.20942    0.42402    0.64428    0.50678    0.36560    0.17857    0.59004    0.08842    0.60714    0.18388    0.46855    0.27650    0.78156    0.67886    0.60714    0.60714    1.00000
   0.57843    0.45937    0.44356    0.21046    0.40831    0.64390    0.51402    0.36678    0.82143    0.72505    0.04270    0.03571    0.21936    0.50285    0.35266    0.73395    0.68022    0.17857    0.17857    1.00000
   0.56223    0.45683    0.60714    0.20884    0.41570    0.63898    0.45535    0.36454    0.60714    0.67716    0.08009    0.67857    0.15999    0.54991    0.36570    0.80511    0.68133    0.88523    0.46429    0.67628
   0.60902    0.48481    0.10714    0.21218    0.41354    0.62759    0.43982    0.36537    0.10714    0.67639    0.10111    0.10714    0.20764    0.52966    0.40153    0.74280    0.67899    1.00000    0.89286    1.00000
   0.53297    0.46968    0.53571    0.21526    0.40625    0.61150    0.47454    0.39286    0.25000    0.69740    0.08151    0.46429    0.12125    0.26767    0.27321    0.73007    0.68036    0.70938    0.25000    1.00000
   0.53935    0.43111    0.32143    0.21944    0.40608    0.62554    0.45335    0.03571    0.53571    0.68799    0.07433    0.11879    0.16246    0.52410    0.29949    0.70871    0.10714    0.83166    0.03571    1.00000
   0.61332    0.44395    0.25000    0.21559    0.40019    0.62678    0.45270    0.10714    0.96429    0.86343    0.05087    0.28891    0.19509    0.53653    0.33030    0.77919    0.60714    0.70897    0.32143    1.00000
   0.58304    0.46409    0.03571    0.22045    0.40870    0.63265    0.44204    0.53571    0.32143    0.84051    0.07238    0.14764    0.07322    0.41134    0.35021    0.75903    0.53571    0.71693    0.67857    1.00000
   0.57852    0.45629    0.82143    0.21380    0.41862    0.62598    0.40626    0.25000    0.00000    1.00000    0.08895    0.30568    0.19598    0.55186    0.33378    1.00000    0.67857    0.73681    0.96429    1.00000
   0.54357    0.43973    0.17857    0.21814    0.39605    0.62962    0.47827    0.17857    0.00000    0.79532    0.08287    0.35815    0.26920    0.55170    0.28689    0.77768    0.03571    0.72402    0.75000    1.00000
   0.54713    0.39609    0.96429    0.67857    0.37665    0.62244    0.44070    0.32143    0.00000    0.84493    0.06624    0.00000    0.17481    0.56530    0.35010    0.86613    0.17857    0.67182    0.10714    0.99807
   0.55632    0.40684    0.75000    0.60714    0.38306    0.63207    0.46818    0.67857    0.00000    0.78783    0.08217    0.33043    0.12474    0.51010    0.31217    0.84395    0.25000    0.84436    0.53571    0.95614
   0.55157    0.38249    0.67857    0.46429    0.38668    0.63041    0.46295    0.82143    0.25329    0.83063    0.08622    0.43400    0.14653    0.56083    0.21010    0.83588    0.75000    0.82734    0.82143    0.62131
   0.56083    0.45079    0.46429    0.03571    0.38022    0.63309    0.46489    0.75000    0.31377    0.81375    0.07090    0.13436    0.18356    0.54544    0.36216    0.86750    0.82143    0.85174    0.39286    0.97292
   0.53651    0.41574    0.89286    0.75000    0.37322    0.63412    0.45215    0.46429    0.39159    0.88228    0.07947    0.36015    0.16170    0.55509    0.38318    0.87538    0.96429    0.78599    0.53025    0.71085
   0.54920    0.39815    0.39286    0.17857    0.38278    0.62495    0.47236    0.89286    0.37672    0.80491    0.07048    0.37996    0.16082    0.55596    0.36109    1.00000    0.32143    0.80179    0.00000    0.94694
   0.55699    0.43375    0.15337    0.89286    0.38169    0.62202    0.46538    0.96429    0.45008    0.78268    0.06106    0.15355    0.18230    0.54202    0.36214    0.30225    0.46429    0.81939    0.16752    1.00000
   0.53008    0.44588    0.00000    0.10714    0.26535    0.62861    0.46647    0.60714    0.48846    0.81869    0.07313    0.38715    0.12339    0.55782    0.37917    0.86925    0.39286    0.75528    0.15510    0.95112
   0.54180    0.42386    0.44251    0.82143    0.38523    0.62565    0.46901    0.00000    0.43092    0.91519    0.04639    0.41720    0.16393    0.55926    0.40808    0.82841    0.89286    0.79480    0.33162    1.00000
   0.54207    0.42991    0.16331    0.25000    0.37942    0.62820    0.49165    0.00000    0.63488    0.86757    0.07498    0.34806    0.16618    0.57584    0.40261    0.86993    0.08670    0.89853    0.45305    1.00000
   0.53879    0.39490    0.08710    0.96429    0.37792    0.62757    0.48609    0.00000    0.50052    0.82483    0.05795    0.25876    0.14920    0.58185    0.40547    0.80734    0.51157    0.65614    0.37453    0.97813
   0.52620    0.36834    0.13845    0.53571    0.39148    0.62848    0.47432    0.00000    0.34161    0.87347    0.09814    0.36435    0.17100    0.58336    0.59105    0.83465    0.64624    0.84488    0.38988    0.96441
   0.54319    0.38305    0.19450    0.39286    0.37661    0.62645    0.46844    0.00000    0.51037    0.86513    0.07119    0.28835    0.14600    0.56816    0.42671    0.87001    1.00000    0.84708    0.49206    0.97750
   0.53667    0.35838    0.23286    0.32143    0.36551    0.62896    0.47351    0.00000    0.51433    0.86114    0.08432    0.28301    0.15689    0.58306    0.41580    0.85542    1.00000    0.85413    0.39900    0.95860
   0.51845    0.37325    0.25372    0.15115    0.36552    0.62879    0.47709    0.00000    0.68788    0.84450    0.07760    0.25702    0.14337    0.57071    0.42972    0.41741    0.88405    0.87585    0.53349    0.93708
   0.51927    0.37426    0.34214    0.63390    0.35542    0.89286    0.47723    0.00000    0.41378    0.85555    0.06522    0.06754    0.15430    0.55648    0.41553    0.93917    1.00000    0.83277    0.45683    0.94099
   0.51961    0.36124    0.31294    0.73594    0.23639    0.25000    0.47554    0.00000    0.59658    0.83096    0.07565    0.28435    0.15256    0.57055    0.50708    0.85927    1.00000    0.93856    0.37873    0.95894
   0.52389    0.35751    0.29296    0.53968    0.34596    0.96429    0.46863    0.00000    0.45580    0.83484    0.07108    0.34813    0.15137    0.58115    0.45792    0.85775    0.81032    0.79416    0.45261    0.94242
   0.52333    0.35111    0.26797    0.48503    0.31718    0.32143    0.46860    0.00000    0.49743    0.83134    0.08333    0.27305    0.15443    0.57180    0.32179    0.79961    0.84804    0.95381    0.45770    0.96215
   0.53158    0.36305    0.31251    0.58017    0.37659    0.60714    0.47166    0.00000    0.55109    0.83313    0.07922    0.27046    0.13449    0.58053    0.38981    0.81634    0.93387    0.86667    0.50616    0.94738
   0.51994    0.36029    0.30617    0.50118    0.36914    0.46429    0.46798    0.00000    0.51591    0.82044    0.08257    0.22596    0.15568    0.57344    0.42292    0.82491    0.83949    0.83694    0.40930    0.91331
   0.52646    0.38354    0.26561    0.63019    0.28509    0.82143    0.46578    0.00000    0.40465    0.82966    0.08196    0.28506    0.13910    0.57350    0.41359    0.80694    0.93489    0.88292    0.10032    0.89159
   0.52072    0.36657    0.34195    0.61686    0.36240    0.17857    0.46572    0.01741    0.46358    0.81083    0.07607    0.28816    0.14254    0.59852    0.32822    0.82338    0.89023    0.85739    0.47672    0.93175
   0.52068    0.37640    0.30421    0.61112    0.37220    0.53571    0.47072    0.00000    0.46050    0.80826    0.07789    0.26079    0.14849    0.57702    0.42588    0.81139    0.63337    0.82694    0.37574    0.94335
   0.52714    0.36787    0.40823    0.60962    0.36690    0.39286    0.46641    0.00000    0.45831    0.81003    0.06919    0.24649    0.15920    0.57173    0.40131    0.86087    1.00000    0.80746    0.40396    0.91430
   0.52564    0.36362    0.31552    0.63162    0.37039    0.67857    0.46873    0.00000    0.50511    0.80281    0.08694    0.29961    0.15753    0.57570    0.41191    0.78612    1.00000    0.81379    0.43633    0.94782
   0.52297    0.37076    0.24850    0.54989    0.37362    0.03571    0.46702    0.00000    0.36500    0.81155    0.08845    0.27169    0.13134    0.57458    0.24450    0.82339    1.00000    0.81653    0.44958    0.92265
   0.52082    0.35991    0.36898    0.59892    0.37329    0.75000    0.46537    0.00000    0.45383    0.80231    0.08069    0.28825    0.10088    0.56705    0.40928    0.79780    1.00000    0.84660    0.43014    0.92873
   0.52373    0.35844    0.27692    0.57934    0.37177    0.10714    0.67857    0.00000    0.35268    0.76669    0.08540    0.47124    0.08304    0.58650    0.43583    0.81353    1.00000    0.82069    0.41670    0.90313
   0.52059    0.36649    0.30283    0.55933    0.37256    0.86253    0.75000    0.00000    0.47143    0.79521    0.07678    0.30331    0.03028    0.57574    0.41505    0.80960    0.99423    0.85213    0.47480    0.90634
   0.51950    0.36520    0.30344    0.59077    0.38296    0.55003    0.46429    0.00000    0.44551    0.79920    0.07723    0.28307    0.07189    0.57561    0.40385    0.81818    1.00000    0.82922    0.46889    0.91754
   0.51404    0.36347    0.34091    0.57854    0.37650    0.57145    0.10714    0.00000    0.48803    0.78819    0.07868    0.31681    0.05301    0.57524    0.41333    0.80732    1.00000    0.83813    0.48027    0.88064
   0.51173    0.36386    0.27516    0.64251    0.37113    0.32239    0.17857    0.00000    0.46319    0.77199    0.08584    0.25026    0.10781    0.57172    0.42392    0.80218    1.00000    0.82515    0.44574    0.91774
   0.49786    0.36675    0.31477    0.63339    0.37325    0.42578    0.96429    0.00000    0.45981    0.79856    0.08722    0.29465    0.14191    0.57580    0.39308    0.80127    1.00000    0.83941    0.45250    0.91988
   0.51555    0.36415    0.37224    0.50520    0.39355    0.40308    0.39286    0.00000    0.47154    0.78655    0.08244    0.27006    0.10951    0.57019    0.28135    0.79813    1.00000    0.79474    0.41708    0.91872
   0.51504    0.36402    0.35768    0.62616    0.36690    0.48300    0.60714    0.00000    0.47205    0.77730    0.08172    0.26339    0.11024    0.58438    0.39707    0.78397    1.00000    0.70072    0.44235    0.92267
   0.51246    0.36363    0.34371    0.68712    0.36188    0.47585    0.03571    0.00000    0.46932    0.78960    0.32143    0.27426    0.06587    0.58523    0.41438    0.78493    1.00000    0.79416    0.42212    0.91334
   0.51259    0.36319    0.35755    0.59838    0.36320    0.43576    0.82143    0.00000    0.49584    0.78673    0.53571    0.22215    0.09389    0.57732    0.40179    0.79248    1.00000    0.81508    0.44077    0.91152
   0.51269    0.35947    0.29086    0.51880    0.36244    0.41856    0.89286    0.00000    0.51258    0.78459    0.10714    0.28514    0.11098    0.57827    0.25401    0.77461    1.00000    0.80730    0.44321    0.90582
   0.25000    0.36017    0.21520    0.59988    0.37170    0.63511    0.53571    0.00000    0.48128    0.78752    0.03571    0.27918    0.09830    0.57554    0.39837    0.81657    1.00000    0.80123    0.42968    0.91518
   0.46429    0.35780    0.28283    0.61918    0.36814    0.49247    0.25000    0.00000    0.49935    0.78575    0.82143    0.26835    0.09169    0.57664    0.32415    0.80700    1.00000    0.80265    0.43663    0.91513
   0.03571    0.46429    0.29023    0.64666    0.36495    0.42093    0.32143    0.00000    0.49211    0.78056    0.60714    0.25546    0.08819    0.57766    0.38550    0.77980    1.00000    0.81408    0.41529    0.91226
   0.67857    0.25000    0.42181    0.60749    0.37254    0.45452    0.34394    0.00000    0.48181    0.78624    0.75000    0.25952    0.09075    0.57828    0.23671    0.74897    1.00000    0.79533    0.42901    0.93367
   0.39286    0.67857    0.29122    0.64389    0.36813    0.23731    0.54463    0.00490    0.46604    0.77799    0.25000    0.27840    0.08229    0.57508    0.23725    0.79786    1.00000    0.80380    0.44601    0.93249
   0.82143    0.96429    0.69627    0.60627    0.36511    0.38117    0.34243    0.05057    0.46732    0.78217    0.39286    0.27690    0.07712    0.57441    0.04152    0.80485    1.00000    0.80690    0.45002    0.93366
   0.10714    0.82143    0.54627    0.59181    0.36774    0.34568    0.54707    0.00000    0.47820    0.77965    0.17857    0.27483    0.08495    0.57277    0.19980    0.79087    0.99911    0.79733    0.44566    0.96297
   0.89286    0.10714    0.57658    0.55779    0.36956    0.53144    0.32581    0.00000    0.47488    0.77872    0.96429    0.26295    0.08653    0.57164    0.25550    0.77348    1.00000    0.79939    0.45600    0.93257
   0.17857    0.39286    0.56879    0.57298    0.37119    0.34218    0.40155    0.00000    0.46803    0.77893    0.89286    0.27843    0.08534    0.56706    0.25878    0.72553    1.00000    0.79493    0.42720    0.91963
   0.60714    0.60714    0.65063    0.59103    0.36954    0.46162    0.49766    0.00000    0.43594    0.77901    0.46429    0.17352    0.07454    0.57302    0.24884    0.62038    1.00000    0.79542    0.43352    0.93413
   0.32143    0.89286    0.68202    0.62355    0.36838    0.36892    0.50463    0.00000    0.46712    0.78075    0.67857    0.26525    0.08158    0.57075    0.28078    0.68948    1.00000    0.79696    0.45760    0.95006
   0.96429    0.17857    0.64661    0.62129    0.37208    0.28094    0.45976    0.07689    0.48061    0.53571    0.09724    0.26542    0.07297    0.57390    0.29443    0.69594    1.00000    0.79533    0.44018    0.92744
   0.53571    0.03571    0.77407    0.60241    0.37026    0.36444    0.45872    0.00000    0.47081    0.25000    0.00000    0.27774    0.08001    0.57249    0.30467    0.65536    1.00000    0.78757    0.41459    0.92397
   0.75000    0.32143    0.67283    0.60917    0.36994    0.35242    0.41680    0.00000    0.45181    0.39286    0.00000    0.27750    0.08174    0.57344    0.31162    0.57443    1.00000    0.78767    0.46270    0.92912
   0.48054    0.75000    0.69238    0.62735    0.37058    0.35705    0.51800    0.00000    0.45486    0.32143    0.00000    0.27367    0.06762    0.57316    0.31204    0.67709    1.00000    0.78640    0.41376    0.91002
   0.69511    0.53571    0.79463    0.62433    0.89286    0.36941    0.53057    0.00000    0.46114    0.82143    0.00000    0.30336    0.06790    0.57274    0.33053    0.62885    1.00000    0.78252    0.43008    0.90776
   0.54672    1.00000    0.69634    0.63007    0.67857    0.34451    0.48940    0.00000    0.46349    0.03571    0.00000    0.28903    0.06361    0.57237    0.33012    0.57301    1.00000    0.76935    0.43305    0.93410
   0.99244    0.33488    0.62165    0.61036    0.82143    0.43189    0.48540    0.00000    0.45793    0.10714    0.00000    0.28724    0.06538    0.57478    0.23025    0.62851    1.00000    0.76558    0.45008    0.93355
   0.78165    0.74368    0.77462    0.62463    0.96429    0.39351    0.45276    0.00000    0.45337    0.89286    0.00000    0.27563    0.06330    0.57249    0.32324    0.65166    1.00000    0.75847    0.44356    0.92892
   0.66359    0.75563    0.74061    0.59526    0.25000    0.42117    0.37305    0.00000    0.45574    0.96429    0.00000    0.28584    0.07578    0.57232    0.25678    0.65841    1.00000    0.76123    0.45150    0.93232
   0.71809    0.73428    0.72027    0.60681    0.46429    0.38775    0.48098    0.00000    0.45036    0.17857    0.00000    0.28297    0.08054    0.75000    0.29283    0.63868    0.99928    0.76676    0.45094    0.91662
   0.69783    0.88415    0.70872    0.60661    0.39286    0.55243    0.42871    0.00382    0.45388    0.67857    0.00000    0.27884    0.08365    0.32143    0.30072    0.63007    1.00000    0.78049    0.44554    0.90462
   0.70711    0.60992    0.71431    0.61944    0.60714    0.41773    0.47609    0.00000    0.44734    0.60714    0.00075    0.27433    0.08769    0.96429    0.29382    0.36702    1.00000    0.76783    0.47410    0.93394
   0.70707    0.68458    0.70522    0.62554    0.53571    0.43189    0.52777    0.00000    0.43852    0.75000    0.00534    0.28420    0.09483    0.39286    0.29546    0.62644    1.00000    0.75666    0.45764    0.91959
   0.72024    0.95111    0.71499    0.61020    0.75000    0.41987    0.48591    0.00000    0.42581    0.46429    0.00000    0.26666    0.08120    0.17857    0.30836    0.82657    1.00000    0.77330    0.45589    0.92028
   0.70598    0.68016    0.72784    0.61441    0.03571    0.38939    0.49055    0.00000    0.43567    0.00000    0.01386    0.27502    0.10961    0.46429    0.30795    0.38052    1.00000    0.77085    0.45007    0.94286
   0.79642    0.76336    0.70450    0.60191    0.17857    0.40666    0.47115    0.00000    0.43678    0.00000    0.00000    0.25857    0.09268    0.10714    0.32285    0.67996    1.00000    0.77632    0.48991    0.98307
   0.68904    0.76996    0.75077    0.60018    0.32143    0.37039    0.50304    0.00000    0.44458    0.00000    0.00000    0.31356    0.09893    0.89286    0.32880    0.67255    1.00000    0.76966    0.45792    0.93052
   0.69983    0.66998    0.74535    0.61286    0.10714    0.34704    0.58523    0.00000    0.43984    0.15076    0.00000    0.30164    0.09215    0.53571    0.31104    0.64861    1.00000    0.76846    0.45958    0.94511
   0.73727    0.77418    0.76261    0.60381    0.87008    0.35198    0.49847    0.00000    0.44211    0.02114    0.00000    0.25494    0.10789    0.82143    0.31960    0.62809    1.00000    0.76700    0.46262    0.95830
   0.69213    0.74954    0.77252    0.61006    0.99326    0.31397    0.57988    0.00000    0.44260    0.00000    0.07935    0.31763    0.10447    0.60714    0.30811    0.55233    1.00000    0.77252    0.44236    0.94517
   0.71714    0.83235    0.76457    0.60849    0.77987    0.25720    0.65862    0.00000    0.44536    0.00000    0.00000    0.26047    0.10275    0.03571    0.31319    0.64326    1.00000    0.77128    0.46137    0.96506
   0.71883    0.87367    0.79917    0.60742    0.84000    0.08878    0.54879    0.00013    0.44105    0.00000    0.00000    0.31104    0.11604    0.67857    0.29107    0.62784    1.00000    0.77196    0.48767    0.94246
   0.73212    0.77960    0.76919    0.61498    0.54758    0.10624    0.55174    0.00000    0.44189    0.00000    0.06961    0.28653    0.11164    0.25000    0.30255    0.65334    1.00000    0.77053    0.58557    0.94628
   0.71798    0.85212    0.76944    0.60719    0.65895    0.23032    0.57901    0.00000    0.44194    0.01980    0.00000    0.27516    0.10679    0.84641    0.31327    0.64592    0.53571    0.76942    0.50037    0.93089
   0.72103    0.90110    0.78270    0.60716    0.75129    0.18106    0.54792    0.00000    0.43945    0.05521    0.10465    0.28986    0.10143    0.65568    0.31633    0.63355    0.03571    0.77073    0.56735    0.93279
   0.73684    0.81367    0.76831    0.60407    0.55913    0.20770    0.51162    0.00000    0.43814    0.00000    0.08391    0.26674    0.10720    0.42882    0.30951    0.61341    0.89286    0.77420    0.49741    0.93338
   0.73635    0.82765    0.77042    0.60426    0.59953    0.17259    0.53027    0.00000    0.43594    0.00000    0.09667    0.28360    0.10866    0.31993    0.31424    0.63294    0.17857    0.77205    0.61864    0.94155
   0.72305    0.81519    0.76464    0.61054    0.62832    0.20389    0.53078    0.00000    0.43923    0.00000    0.03543    0.28489    0.10775    0.64302    0.30911    0.61759    0.75000    0.77130    0.48879    0.94020
   0.70675    0.78066    0.75408    0.60255    0.57190    0.21550    0.48016    0.00000    0.44142    0.07199    0.00000    0.28142    0.11176    0.50186    0.31124    0.66344    0.67857    0.77156    0.51106    0.93635
   0.73046    0.84070    0.77488    0.59517    0.58925    0.20584    0.52761    0.00000    0.43754    0.00000    0.00000    0.28116    0.10659    0.45741    0.30761    0.63545    0.60714    0.77255    0.49288    0.95168
   0.77765    0.86225    0.76478    0.60268    0.55821    0.23648    0.51349    0.00000    0.43760    0.00000    0.12938    0.28565    0.10509    0.59155    0.89286    0.61810    0.39286    0.32143    0.48179    0.94403
   0.92945    0.85051    0.77446    0.58807    0.62430    0.23570    0.54674    0.00000    0.43980    0.00000    0.00000    0.28458    0.10711    0.54238    0.03571    0.62469    0.32143    0.03571    0.50026    0.93552
   0.77228    0.87565    0.77566    0.58867    0.58605    0.23768    0.54954    0.00000    0.17857    0.00000    0.05221    0.28647    0.11019    0.45094    0.60714    0.63096    0.25000    0.10714    0.50566    0.93354
   0.81697    0.85739    0.77657    0.56982    0.72409    0.20964    0.52887    0.00000    0.96429    0.00000    0.00000    0.27946    0.10975    0.47987    0.75000    0.65818    0.82143    0.25000    0.51134    0.93840
   0.78319    0.83595    0.77042    0.58228    0.62031    0.22635    0.54278    0.00000    0.53571    0.00011    0.00177    0.67857    0.11241    0.50955    0.53571    0.64109    0.10714    0.46429    0.51133    0.94368
   0.80251    0.89898    0.78274    0.58917    0.63883    0.22234    0.54668    0.00000    0.75000    0.00000    0.00000    0.03571    0.10805    0.56017    0.17857    0.65258    0.96429    0.39286    0.50433    0.94090
   0.78344    0.81503    0.77555    0.58543    0.56934    0.24525    0.55876    0.00000    0.60714    0.00000    0.00000    0.39286    0.10725    0.60880    0.32143    0.61051    0.46429    0.82143    0.53992    0.94698
   0.87753    0.80507    0.77924    0.56410    0.59145    0.24165    0.53860    0.00000    0.67857    0.00000    0.00000    0.75000    0.11073    0.61485    0.67857    0.62012    0.17287    0.17857    0.57272    0.94517
   0.79851    0.80680    0.76976    0.57810    0.70093    0.26226    0.52341    0.53571    0.10714    0.00000    0.00000    0.46429    0.17857    0.62967    0.82143    0.62249    0.00000    0.60714    0.53246    0.93357
   0.86790    0.64196    0.76746    0.39286    0.48039    0.24441    0.54481    0.60714    0.89286    0.00000    0.01901    0.10714    0.03571    0.61655    0.46429    0.59364    0.00000    0.53571    0.52866    0.94738
   0.78624    0.47008    0.76695    0.32143    0.65586    0.24902    0.55694    0.32143    0.32143    0.00000    0.00000    0.17857    0.46429    0.57910    0.25000    0.63536    0.00000    0.75000    0.53024    0.93996
   0.82641    0.59694    0.76443    0.46429    0.68401    0.26907    0.55241    0.89286    0.39286    0.00000    0.03460    0.82143    0.89286    0.62046    0.39286    0.62520    0.00000    0.89286    0.53949    0.93522
   0.78426    0.52038    0.78270    0.17857    0.66158    0.26786    0.53375    0.03571    0.25000    0.00000    0.00000    0.89286    0.60714    0.60358    0.96429    0.58063    0.00000    0.96429    0.53834    0.93971
   0.79017    0.62004    0.76997    0.89286    0.63368    0.25307    0.53880    0.17857    0.46429    0.00000    0.00000    0.53571    0.67857    0.60751    0.10714    0.61984    0.00000    0.67857    0.53759    0.92814
   0.80940    0.61978    0.77112    0.96429    0.66002    0.30243    0.51979    0.25000    0.03571    0.00000    0.00000    0.25000    0.75000    0.17116    0.70556    0.63121    0.00000    0.02766    0.53797    0.91220
   0.79879    0.67659    0.76998    0.75000    0.60712    0.25695    0.53755    0.75000    0.82143    0.00000    0.05137    0.60714    0.25000    0.70347    0.54176    0.64207    0.00000    0.81553    0.53454    0.92837
   0.77914    0.65888    0.76682    0.25000    0.56441    0.25207    0.52405    0.82143    1.00000    0.00000    0.00617    0.96429    0.32143    0.62460    0.47924    0.64245    0.00400    0.25343    0.54186    0.92270
   0.77244    0.62644    0.77210    0.03571    0.43729    0.29113    0.52147    0.96429    0.98020    0.00000    0.05142    0.32143    0.39286    0.90142    0.47287    0.62709    0.04737    0.33007    0.54519    0.92378
   0.78114    0.61422    0.77571    0.10714    0.54354    0.26504    0.52145    0.10714    0.78176    0.00000    0.01323    1.00000    0.10714    0.59275    0.61512    0.17857    0.02886    0.26794    0.54547    0.92749
   0.76894    0.63917    0.77216    0.82143    0.64632    0.28847    0.53376    0.67857    1.00000    0.00000    0.00000    0.58877    0.53571    1.00000    0.57334    0.25000    0.00000    0.22995    0.89286    0.92333
   0.71241    0.61220    0.77011    0.53571    0.56029    0.30786    0.52402    0.39286    0.86277    0.00000    0.00000    0.53831    0.96429    0.59679    0.52539    0.89286    0.08859    0.22344    0.60714    0.92451
   0.75190    0.62927    0.77108    0.67857    0.68986    0.27773    0.52558    0.46429    1.00000    0.04123    0.00000    0.74314    0.82143    0.60817    0.64483    0.53571    0.00000    0.20870    0.32143    0.92242
   0.74777    0.62915    0.77068    0.60714    0.70294    0.29277    0.52116    0.71631    0.93009    0.16093    0.00000    0.75845    0.48823    0.56163    0.66074    0.03571    0.00000    0.19030    0.46429    0.92098
   0.71224    0.58759    0.76928    0.85614    0.64651    0.30294    0.52938    0.87976    0.91715    0.00000    0.00000    0.59373    0.75026    0.68163    0.61046    0.60714    0.00000    0.13396    0.03571    0.91854
   0.72479    0.60224    0.77139    0.57105    0.62462    0.31598    0.52073    0.72356    0.88354    0.10325    0.00000    0.56613    0.60092    0.62269    0.62394    0.67857    0.00000    0.23662    0.82143    0.89162
   0.70001    0.58464    0.77146    0.54263    0.53568    0.28529    0.52448    0.78524    0.93887    0.03651    0.00000    0.61194    0.66971    0.60706    0.66231    0.32143    0.00000    0.19566    0.75000    0.84614
   0.72685    0.58428    0.77091    0.28648    0.86082    0.29716    0.52249    0.65403    0.91520    0.00000    0.00000    0.74796    0.59925    0.62562    0.63197    0.39286    0.01448    0.25207    0.25000    0.87210
   0.72926    0.62018    0.25000    0.44287    0.70006    0.29671    0.51744    0.63687    0.75842    0.01733    0.00000    0.52567    0.74698    0.52578    0.52492    0.96429    0.00000    0.43144    0.17857    0.89345
   0.74960    0.51938    0.17857    0.44539    0.59592    0.29236    0.52148    0.58396    0.93521    0.04390    0.00000    0.59113    0.51962    0.62658    0.62444    0.46429    0.00000    0.21301    0.96429    0.86655
   0.71919    0.57481    0.10714    0.48008    0.58184    0.28551    0.52370    0.64774    0.91643    0.02077    0.00000    0.65699    0.56972    0.58800    0.67220    0.10714    0.00000    0.23384    0.53571    0.88794
   0.71103    0.59608    0.53571    0.44474    0.55899    0.28315    0.52461    0.54571    1.00000    0.03864    0.00096    0.67532    0.56527    0.73932    0.70709    0.75000    0.00000    0.26151    0.67857    0.92487
   0.73073    0.57661    0.39286    0.47299    0.59367    0.28408    0.52000    0.57682    1.00000    0.02484    0.00000    0.62318    0.56987    0.60050    0.62678    0.82143    0.00000    0.21653    0.39286    0.86576
   0.72007    0.58044    0.67857    0.56405    0.57448    0.28133    0.52223    0.59637    0.98371    0.04074    0.00000    0.69478    0.41085    0.60837    0.68839    0.04219    0.00000    0.19128    0.10714    0.88550
   0.70886    0.57018    0.03571    0.35661    0.56612    0.28256    0.46429    0.63018    1.00000    0.03853    0.00000    0.60943    0.42555    0.44748    0.71192    0.59707    0.00691    0.23026    0.00000    0.88920
   0.71070    0.57796    0.96429    0.50552    0.54276    0.27984    0.75000    0.59917    1.00000    0.04296    0.00000    0.68259    0.36515    0.63442    0.97638    0.42914    0.00000    0.24993    0.00000    0.88935
   0.73518    0.55415    0.32143    0.47286    0.58592    0.28178    0.67857    0.65091    0.97266    0.02733    0.00000    0.66798    0.47839    0.60855    0.64463    0.53857    0.00000    0.30442    0.06390    0.88538
   0.71532    0.57120    0.60714    0.44929    0.59443    0.27955    0.03571    0.51479    1.00000    0.02984    0.00000    0.67725    0.43151    0.55142    0.63912    0.43581    0.00000    0.26907    0.22801    0.89163
   0.72078    0.59042    0.46429    0.42776    0.57021    0.27915    0.89286    0.70148    1.00000    0.03071    0.00000    0.65912    0.45987    0.58068    0.69791    0.50822    0.00000    0.24866    0.00000    0.86366
   0.71745    0.57401    0.89286    0.44506    0.58311    0.25244    0.39286    0.79664    0.95168    0.03552    0.00000    0.67532    0.62463    0.58010    0.65927    0.24205    0.01244    0.43599    0.00000    0.87703
   0.72551    0.57453    0.82143    0.44466    0.57083    0.27539    0.82143    0.67401    0.97533    0.03095    0.00000    0.70595    0.50838    0.59923    0.65373    0.33543    0.00000    0.49660    0.00000    0.95421
   0.72621    0.56581    0.75000    0.44603    0.54379    0.28340    0.17857    0.46994    0.95486    0.03311    0.00000    0.65843    0.43555    0.58641    0.67479    0.25112    0.00000    0.53477    0.00000    0.82143
   0.72719    0.56883    0.10548    0.38284    0.58073    0.28856    0.60714    0.11376    0.95359    0.03267    0.00000    0.67919    0.50749    0.60767    0.62486    0.45689    0.00000    0.29969    0.00000    0.53571
   0.73677    0.57321    0.40122    0.44495    0.58718    0.29696    0.10714    0.47612    0.94322    0.03152    0.00000    0.63382    0.45319    0.59898    0.66342    0.48775    0.00000    0.46010    0.08100    0.25000
   0.71850    0.57235    0.29680    0.49171    0.57082    0.28019    0.96429    0.36648    0.94640    0.02952    0.00000    0.65571    0.44918    0.56893    0.61316    0.53015    0.00000    0.39793    0.00000    0.89286
   0.73574    0.57253    0.14985    0.45175    0.56020    0.27040    0.32143    0.38967    0.95195    0.03077    0.00000    0.61125    0.42538    0.59862    0.62436    0.82801    0.00000    0.40905    0.00000    0.32143
   0.72869    0.56890    0.00000    0.49626    0.58511    0.28443    0.25000    0.36442    0.96320    0.02985    0.00000    0.65730    0.45698    0.56418    0.66058    1.00000    0.00000    0.43987    0.01763    0.39286
   0.73004    0.56075    0.15338    0.44193    0.55791    0.27829    0.53571    0.40128    0.95993    0.82143    0.00000    0.62721    0.51495    0.62724    0.67661    0.80832    0.00000    0.40247    0.00000    0.03571
   0.72796    0.56033    0.18233    0.43254    0.54069    0.27955    0.28582    0.54104    0.95873    0.32143    0.00000    0.58160    0.42085    0.55124    0.70265    0.73442    0.00000    0.42313    0.13998    0.96429
   0.72909    0.57425    0.00000    0.45619    0.55823    0.28876    0.86842    0.37656    0.95545    0.39286    0.00000    0.60621    0.51166    0.55178    0.63100    0.91982    0.00000    0.48272    0.14182    0.60714
   0.72840    0.56960    0.11766    0.47816    0.54046    0.28506    0.40439    0.44570    0.94680    0.89286    0.00000    0.59425    0.47798    0.40975    0.62478    0.79738    0.00000    0.47037    0.09578    0.67857
   0.72463    0.56529    0.00610    0.44937    0.53466    0.28578    0.45178    0.57746    0.96833    0.46429    0.00000    0.42507    0.48795    0.55755    0.69327    0.74619    0.00000    0.46298    0.09083    0.10714
   0.72664    0.57328    0.00000    0.47604    0.53690    0.28432    0.71352    0.42066    0.95438    0.75000    0.00000    0.59824    0.48153    0.52509    0.63879    0.69462    0.00000    0.48479    0.17443    0.75000
   0.72964    0.56263    0.19533    0.47605    0.55238    0.28830    0.43793    0.51113    0.94913    0.96429    0.00000    0.65987    0.46823    0.51047    0.62101    0.69472    0.00000    0.45716    0.16739    0.46429
   0.72692    0.57537    0.24271    0.46389    0.54606    0.27959    0.64207    0.52522    0.94721    0.03571    0.67857    0.62859    0.46879    0.52650    0.63502    0.81227    0.00000    0.49181    0.15020    0.17857
   0.72941    0.56994    0.35048    0.45986    0.55230    0.28965    0.68892    0.41160    0.95706    0.25000    0.82143    0.61194    0.47737    0.54559    0.64816    0.72063    0.00000    0.54151    0.25715    0.00000
   0.72955    0.57751    0.18376    0.45329    0.51643    0.26132    0.76204    0.57342    0.95217    0.53571    0.89286    0.63267    0.47415    0.51642    0.60010    0.80736    0.00000    0.46666    0.13025    0.34168
   0.72856    0.57170    0.18095    0.43572    0.51011    0.27714    0.57199    0.64588    0.93836    0.10714    0.25000    0.62190    0.50745    0.53903    0.60729    0.70093    0.00000    0.51985    0.30419    0.30105
   0.72864    0.56884    0.15736    0.47035    0.52196    0.29038    0.66850    0.62019    0.94561    0.60714    0.39286    0.64765    0.49555    0.54719    0.60491    0.77644    0.00000    0.48917    0.13780    0.30678
   0.72988    0.46429    0.18065    0.46295    0.53402    0.28554    0.70501    0.63154    0.93451    0.67857    0.46429    0.63646    0.50411    0.54504    0.64180    0.70694    0.00000    0.49789    0.21594    0.39387
   0.73096    0.89286    0.27805    0.47912    0.53414    0.28689    0.69081    0.55603    0.94249    0.17857    0.03571    0.63479    0.51314    0.53474    0.60883    0.68953    0.00000    0.46807    0.17003    0.05379
   0.73588    0.03571    0.14695    0.47810    0.52633    0.28853    0.67465    0.57869    0.85254    0.63094    0.96429    0.65525    0.51220    0.52724    0.62842    0.71472    0.00000    0.47985    0.18743    0.16282
   0.74329    0.67857    0.22994    0.47541    0.53566    0.27970    0.66891    0.60573    0.93684    0.16984    0.53571    0.66302    0.51983    0.52145    0.63155    0.73513    0.00000    0.47909    0.17753    0.24779
   0.73730    0.17857    0.29138    0.49027    0.53161    0.28654    0.69754    0.60806    0.95497    0.30521    0.60714    0.64849    0.55925    0.53921    0.63139    0.70370    0.00000    0.48813    0.19270    0.18701
   0.73612    0.75000    0.27515    0.48518    0.52619    0.29540    0.71062    0.54482    0.93474    0.39090    0.75000    0.65511    0.52528    0.53450    0.59816    0.73467    0.00000    0.46426    0.17587    0.25937
   0.74257    0.39286    0.29643    0.47215    0.52429    0.30012    0.70658    0.58844    0.93509    0.32009    0.10714    0.66776    0.58531    0.53336    0.59815    0.69215    0.00000    0.46511    0.17407    0.20378
   0.75001    0.60714    0.25283    0.45651    0.53147    0.29553    0.69921    0.63301    0.93203    0.43309    0.17857    0.65676    0.50702    0.51344    0.56790    0.70999    0.00000    0.47868    0.20138    0.31164
   0.74648    0.25000    0.22688    0.47175    0.52631    0.31385    0.72907    0.57063    0.94279    0.28086    0.32143    0.66584    0.52573    0.50887    0.59353    0.73430    0.00000    0.48060    0.16603    0.27196
   0.46429    0.82143    0.33908    0.46489    0.53182    0.32497    0.63104    0.59028    0.94336    0.33743    0.39570    0.66915    0.54479    0.44135    0.59196    0.75682    0.00000    0.48877    0.17756    0.25337
   0.03571    0.32143    0.21402    0.47636    0.53251    0.35308    0.68518    0.59361    0.94449    0.31898    0.73914    0.66154    0.48037    0.52322    0.60052    0.76462    0.00199    0.49299    0.17988    0.30583
   0.25000    0.96429    0.28377    0.48075    0.52391    0.43134    0.69950    0.57267    0.93325    0.35405    0.52629    0.65067    0.49183    0.51422    0.59455    0.73761    0.01371    0.48579    0.18198    0.25629
   0.89286    0.10714    0.24093    0.45241    0.52431    0.37230    0.70607    0.69320    0.93991    0.31102    0.47889    0.65297    0.19599    0.51804    0.58061    0.73725    0.00000    0.49386    0.18896    0.33995
   0.82143    0.53571    0.28803    0.47225    0.51944    0.39434    0.66687    0.64348    0.93383    0.36734    0.45765    0.65411    0.52273    0.52215    0.52972    0.77765    0.00000    0.48853    0.16906    0.30800
   0.60714    0.06297    0.38492    0.48673    0.52238    0.36817    0.67903    0.60097    0.93873    0.30366    0.45406    0.65896    0.49603    0.51738    0.58735    0.79901    0.00169    0.48692    0.19026    0.00000
   0.67857    0.00000    0.25777    0.48807    0.51570    0.32838    0.74033    0.60512    0.94001    0.41800    0.49562    0.64760    0.56403    0.50665    0.57026    0.73784    0.00000    0.49648    0.15819    0.31006
   0.32143    0.00000    0.29433    0.48061    0.52372    0.44606    0.69964    0.64816    0.93829    0.29275    0.42674    0.65364    0.81570    0.52765    0.56135    0.72681    0.00247    0.48717    0.17686    0.36634
   0.39286    0.00000    0.28762    0.48539    0.51834    0.39239    0.72924    0.62973    0.93830    0.34306    0.54857    0.66734    0.51024    0.50042    0.57426    0.73767    0.00373    0.48678    0.18523    0.35363
   0.17857    0.14707    0.26599    0.48138    0.51402    0.49325    0.71939    0.64143    0.93810    0.34347    0.55758    0.64243    0.52975    0.50775    0.56697    0.72787    0.00330    0.48696    0.17488    0.18335
   0.10714    0.00000    0.28103    0.48399    0.52048    0.67857    0.70974    0.66762    0.93627    0.37135    0.42355    0.64736    0.51208    0.50462    0.55864    0.72983    0.00194    0.48793    0.17024    0.30488
   0.75000    0.02927    0.30791    0.48552    0.52399    0.39286    0.75668    0.60964    0.93767    0.36177    0.52278    0.65363    0.52785    0.50151    0.58131    0.72789    0.60714    0.48501    0.18483    0.27863
   0.96429    0.10640    0.29181    0.47656    0.51976    0.25000    0.70457    0.59404    0.93745    0.35720    0.49728    0.64409    0.55610    0.47783    0.58068    0.72923    0.25000    0.48831    0.17867    0.02190
   0.53571    0.01766    0.30190    0.48005    0.75000    0.89286    0.73845    0.63064    0.93914    0.34860    0.70822    0.64197    0.56219    0.51036    0.59366    0.72413    0.32143    0.49049    0.17450    0.28230
   0.00000    0.07571    0.30494    0.48222    0.17857    0.82143    0.71434    0.62464    0.94024    0.38890    0.62205    0.63411    0.54510    0.52647    0.58803    0.72007    0.53571    0.49037    0.17777    0.23899
   0.00000    0.00000    0.28280    0.47786    0.03571    0.03571    0.71599    0.61994    0.39286    0.40723    0.42923    0.64284    0.55065    0.51994    0.60925    0.70317    0.17857    0.48414    0.17585    0.33953
   0.00000    0.00000    0.33880    0.47854    0.10714    0.53571    0.72827    0.66137    0.75000    0.42022    0.54656    0.64179    0.52761    0.51037    0.65362    0.72705    0.10714    0.48261    0.17820    0.31383
   0.00000    0.03928    0.30116    0.48326    0.67857    0.46429    0.76517    0.60798    0.03571    0.64490    0.52302    0.63885    0.54669    0.52466    0.58429    0.71161    0.03571    0.48750    0.17668    0.38211
   0.00000    0.18348    0.30838    0.47978    0.46429    0.96429    0.71151    0.62996    0.53571    0.51038    0.46076    0.64377    0.54880    0.56515    0.62157    0.68167    0.96429    0.48673    0.17115    0.33130
   0.16997    0.00000    0.29691    0.48092    0.39286    0.17857    0.73787    0.61776    0.32143    0.56742    0.62381    0.63131    0.54450    0.53591    0.55891    0.72846    0.89286    0.48570    0.17679    0.17083
   0.02794    0.06894    0.30083    0.48286    0.60714    0.10714    0.74658    0.63799    0.10714    0.49649    0.57861    0.61544    0.55380    0.53114    0.58309    0.71031    0.82143    0.49314    0.18129    0.19974
   0.00000    0.03717    0.29066    0.48273    0.53571    0.75000    0.73738    0.63746    0.82143    0.46706    0.56888    0.62993    0.48462    0.52012    0.59840    0.72301    0.46429    0.48944    0.17342    0.26799
   0.00000    0.08083    0.28720    0.47953    0.32143    0.60714    0.73461    0.63697    0.17857    0.48062    0.62008    0.63233    0.50559    0.51187    0.55659    0.71248    0.67857    0.49314    0.17971    0.07188
   0.00000    0.08028    0.28450    0.47983    0.89286    0.32143    0.72315    0.63402    0.89286    0.54175    0.57198    0.62121    0.54544    0.53451    0.58378    0.72921    0.75000    0.49116    0.17972    0.18973
   0.12404    0.10757    0.29341    0.48488    0.96429    0.54767    0.71724    0.63633    0.67857    0.56479    0.66014    0.64144    0.55542    0.52256    0.54352    0.72501    0.39286    0.48877    0.18121    0.07911
   0.00000    0.05523    0.29988    0.48339    0.82143    0.25162    0.74020    0.63281    0.46429    0.51107    0.61715    0.64111    0.53513    0.52335    0.56970    0.71945    0.31514    0.49185    0.18186    0.24101
   0.00000    0.15716    0.30119    0.67857    0.25000    0.49021    0.72232    0.62801    0.96429    0.52673    0.60246    0.63593    0.57036    0.51312    0.54094    0.72415    1.00000    0.48901    0.17976    0.00000
   0.00000    0.12270    0.30728    0.10714    0.59587    0.45940    0.71444    0.62769    0.25000    0.51261    0.57185    0.63707    0.56819    0.51845    0.57494    0.73552    0.48676    0.48839    0.18150    0.16731
   0.00000    0.16925    0.28482    0.75000    1.00000    0.43155    0.71608    0.63078    0.60714    0.49183    0.50668    0.63546    0.58258    0.52205    0.55496    0.72691    0.63585    0.49258    0.82143    0.25031
   0.01899    0.12798    0.27667    0.82143    0.62879    0.40230    0.71027    0.63440    0.13057    0.46459    0.56412    0.63601    0.56409    0.53005    0.57121    0.72708    0.67122    0.48934    0.39286    0.18424
   0.01451    0.27536    0.28761    0.03571    0.60549    0.46006    0.74684    0.62758    0.00000    0.52139    0.56820    0.63593    0.57796    0.53485    0.55221    0.71989    0.65117    0.49082    0.96429    0.21893
   0.16814    0.22194    0.27405    0.39286    0.70709    0.45540    0.74094    0.62939    0.13152    0.51977    0.59643    0.63777    0.57272    0.52701    0.56174    0.73289    0.62272    0.49306    0.25000    0.21200
   0.01468    0.21094    0.27040    0.53571    0.66506    0.33718    0.71277    0.63007    0.00000    0.53110    0.59094    0.63626    0.57371    0.52743    0.56301    0.73518    0.66551    0.49365    0.10714    0.12963
   0.05025    0.19215    0.28009    0.46429    0.76898    0.55533    0.73839    0.62931    0.00000    0.54207    0.66375    0.63878    0.57512    0.52462    0.55405    0.73188    0.67606    0.49314    0.53571    0.06964
   0.00000    0.20271    0.28203    0.60714    0.85266    0.15881    0.75113    0.62963    0.04920    0.53734    0.58159    0.63808    0.57145    0.52814    0.56152    0.72521    0.68920    0.49182    0.67857    0.17109
   0.09044    0.24908    0.27787    0.96429    0.77507    0.32295    0.72781    0.63044    0.08565    0.56963    0.65037    0.63434    0.57293    0.53571    0.55880    0.72714    0.64639    0.48990    0.32143    0.13732
