   0.03571    0.03571    0.03571    0.03571    0.03571    0.03571    0.03571    0.03571    0.03571    0.03571    0.03571    0.03571    0.03571    0.03571    0.03571    0.03571    0.03571    0.03571    0.03571    0.03571
   0.10714    0.10714    0.10714    0.10714    0.10714    0.10714    0.10714    0.10714    0.10714    0.10714    0.10714    0.10714    0.10714    0.10714    0.10714    0.10714    0.10714    0.10714    0.10714    0.10714
   0.17857    0.17857    0.17857    0.17857    0.17857    0.17857    0.17857    0.17857    0.17857    0.17857    0.17857    0.17857    0.17857    0.17857    0.17857    0.17857    0.17857    0.17857    0.17857    0.17857
   0.25000    0.25000    0.25000    0.25000    0.25000    0.25000    0.25000    0.25000    0.25000    0.25000    0.25000    0.25000    0.25000    0.25000    0.25000    0.25000    0.25000    0.25000    0.25000    0.25000
   0.32143    0.32143    0.32143    0.32143    0.32143    0.32143    0.32143    0.32143    0.32143    0.32143    0.32143    0.32143    0.32143    0.32143    0.32143    0.32143    0.32143    0.32143    0.32143    0.32143
   0.39286    0.39286    0.39286    0.39286    0.39286    0.39286    0.39286    0.39286    0.39286    0.39286    0.39286    0.39286    0.39286    0.39286    0.39286    0.39286    0.39286    0.39286    0.39286    0.39286
   0.46429    0.46429    0.46429    0.46429    0.46429    0.46429    0.46429    0.46429    0.46429    0.46429    0.46429    0.46429    0.46429    0.46429    0.46429    0.46429    0.46429    0.46429    0.46429    0.46429
   0.53571    0.53571    0.53571    0.53571    0.53571    0.53571    0.53571    0.53571    0.53571    0.53571    0.53571    0.53571    0.53571    0.53571    0.53571    0.53571    0.53571    0.53571    0.53571    0.53571
   0.60714    0.60714    0.60714    0.60714    0.60714    0.60714    0.60714    0.60714    0.60714    0.60714    0.60714    0.60714    0.60714    0.60714    0.60714    0.60714    0.60714    0.60714    0.60714    0.60714
   0.67857    0.67857    0.67857    0.67857    0.67857    0.67857    0.67857    0.67857    0.67857    0.67857    0.67857    0.67857    0.67857    0.67857    0.67857    0.67857    0.67857    0.67857    0.67857    0.67857
   0.75000    0.75000    0.75000    0.75000    0.75000    0.75000    0.75000    0.75000    0.75000    0.75000    0.75000    0.75000    0.75000    0.75000    0.75000    0.75000    0.75000    0.75000    0.75000    0.75000
   0.82143    0.82143    0.82143    0.82143    0.82143    0.82143    0.82143    0.82143    0.82143    0.82143    0.82143    0.82143    0.82143    0.82143    0.82143    0.82143    0.82143    0.82143    0.82143    0.82143
   0.89286    0.89286    0.89286    0.89286    0.89286    0.89286    0.89286    0.89286    0.89286    0.89286    0.89286    0.89286    0.89286    0.89286    0.89286    0.89286    0.89286    0.89286    0.89286    0.89286
   0.96429    0.96429    0.96429    0.96429    0.96429    0.96429    0.96429    0.96429    0.96429    0.96429    0.96429    0.96429    0.96429    0.96429    0.96429    0.96429    0.96429    0.96429    0.96429    0.96429
   0.12566    0.13596    0.00000    0.20952    0.37116    0.00000    0.00000    0.10132    0.50941    0.00000    0.00848    0.00000    0.00000    0.00026    0.00000    0.00000    0.00000    0.00000    0.00043    0.00000
   0.00000    0.00000    0.00000    0.00278    0.57299    0.01785    0.48963    0.00000    0.13003    0.68762    0.00000    0.00000    0.70118    0.00000    0.21202    0.87211    0.00000    0.04944    0.00000    0.17038
   0.00000    0.18242    0.00000    0.38869    0.04408    0.00000    0.28579    0.07666    0.45527    0.25099    0.22162    0.00000    0.30625    0.06793    0.26878    0.33632    0.00000    0.28134    0.00000    0.32040
   0.29499    0.18077    0.23343    0.26217    0.32002    0.02773    0.26841    0.13173    0.81411    0.18570    0.21464    0.00946    0.24891    0.00000    0.37709    0.10852    0.00000    0.32697    0.00000    0.41189
   0.00000    0.04626    0.19179    0.00000    0.37451    0.00000    0.36501    0.00000    0.16080    0.30692    0.17510    0.04383    0.00000    0.00000    0.00445    0.26595    0.00000    0.13198    0.00000    0.39250
   0.05759    0.19821    0.17160    0.11503    0.10624    0.00000    0.07854    0.20906    0.55165    0.31883    0.00000    0.12609    0.17995    0.00000    0.13255    0.22432    0.00000    0.53690    0.00000    0.48743
   0.11629    0.21133    0.19756    0.00000    0.45933    0.00000    0.20948    0.28068    0.00000    0.21098    0.14266    0.01296    0.14665    0.00000    0.22700    0.26713    0.00000    0.28281    0.00000    0.59018
   0.07915    0.00000    0.35806    0.21494    0.34211    0.00000    0.24836    0.02486    0.27616    0.22968    0.19845    0.03411    0.19677    0.00000    0.18162    0.21594    0.00000    0.35765    0.00000    0.45214
   0.20734    0.31650    0.06583    0.07978    0.33303    0.00000    0.15043    0.00000    0.33563    0.19979    0.04002    0.00000    0.22997    0.04022    0.26442    0.23973    0.03151    0.30984    0.00000    0.50769
   0.09069    0.00000    0.12155    0.14198    0.20430    0.03572    0.28762    0.00000    0.25580    0.00000    0.26858    0.00000    0.15856    0.00000    0.28281    0.29758    0.00000    0.25018    0.00000    0.21329
   0.07135    0.14816    0.20272    0.02982    0.31129    0.00623    0.16595    0.04902    0.26294    0.27934    0.15524    0.00000    0.19752    0.04492    0.18372    0.28328    0.00000    0.33927    0.03887    0.33063
   0.07768    0.17954    0.00000    0.16194    0.31483    0.02831    0.23691    0.00000    0.28577    0.19353    0.10053    0.00000    0.17939    0.03788    0.37442    0.09890    0.00000    0.45642    0.00000    0.11428
   0.13112    0.11753    0.00000    0.15145    0.34918    0.12980    0.21588    0.00000    0.24064    0.18906    0.12727    0.00000    0.21062    0.00000    0.35497    0.01139    0.00000    0.38640    0.00000    0.18097
   0.15086    0.15613    0.00000    0.36608    0.36819    0.21105    0.18193    0.07852    0.22011    0.23548    0.15364    0.00000    0.12408    0.17489    0.28384    0.13733    0.00000    0.22026    0.00000    0.16711
   0.14095    0.19840    0.00000    0.19552    0.47153    0.12856    0.21200    0.15662    0.03740    0.19026    0.12653    0.00000    0.22298    0.20139    0.00000    0.00000    0.00000    0.43093    0.00000    0.17983
   0.13422    0.16026    0.00000    0.18865    0.36368    0.10394    0.25289    0.13977    0.19142    0.23180    0.13963    0.00000    0.10089    0.37027    0.25186    0.00288    0.00000    0.26661    0.00000    0.13355
   0.13538    0.16232    0.00000    0.21179    0.39057    0.27513    0.22651    0.09081    0.00000    0.18936    0.13749    0.00000    0.12424    0.23741    0.22321    0.02733    0.00000    0.31235    0.00000    0.19532
   0.13323    0.16544    0.00000    0.16443    0.49090    0.00000    0.22017    0.23515    0.14619    0.17355    0.14025    0.00000    0.01919    0.13569    0.24064    0.09258    0.00000    0.21002    0.00000    0.10606
   0.14194    0.15839    0.00000    0.12299    0.34214    0.13050    0.24439    0.10662    0.07421    0.13531    0.13399    0.01224    0.13299    0.09520    0.25279    0.09456    0.00000    0.31086    0.00000    0.15684
   0.12780    0.16577    0.00000    0.16626    0.33192    0.17767    0.21455    0.10137    0.28409    0.17828    0.14090    0.00000    0.11111    0.15827    0.25129    0.05788    0.00000    0.14370    0.00000    0.12869
   0.18277    0.15791    0.00000    0.17009    0.33826    0.22382    0.17687    0.08835    0.10776    0.18671    0.14752    0.00000    0.09756    0.14195    0.24379    0.09652    0.00000    0.19529    0.00000    0.15978
   0.12633    0.16846    0.00000    0.16948    0.36714    0.24438    0.18846    0.04254    0.16267    0.16085    0.14354    0.00540    0.07747    0.17167    0.22970    0.09841    0.00000    0.22376    0.00000    0.16557
   0.14799    0.16043    0.00000    0.21150    0.29346    0.07339    0.14677    0.00000    0.08769    0.13148    0.14488    0.00000    0.08927    0.16812    0.24652    0.01505    0.00000    0.22445    0.00000    0.21801
   0.16070    0.16383    0.00000    0.22220    0.20627    0.27056    0.07416    0.03568    0.17258    0.15816    0.14434    0.08430    0.08645    0.14427    0.22139    0.24268    0.00000    0.22288    0.00000    0.11556
   0.15386    0.16353    0.00000    0.20587    0.26819    0.17491    0.10943    0.07716    0.16782    0.15284    0.14488    0.13043    0.10818    0.18623    0.25036    0.08102    0.00000    0.18756    0.00000    0.15848
   0.13069    0.17042    0.00000    0.20502    0.29569    0.16815    0.11042    0.03690    0.17544    0.16216    0.12097    0.06571    0.08227    0.18009    0.23713    0.08638    0.00000    0.22575    0.00000    0.16384
   0.10445    0.16900    0.00000    0.20494    0.32047    0.20304    0.11546    0.02774    0.23046    0.15903    0.14456    0.00000    0.04891    0.17833    0.17619    0.05824    0.00000    0.17364    0.00000    0.14913
   0.15013    0.16391    0.00000    0.17869    0.23553    0.39554    0.12685    0.00000    0.16729    0.14767    0.15936    0.00000    0.08754    0.17342    0.21225    0.10940    0.00000    0.17650    0.00000    0.16838
   0.29606    0.16119    0.00000    0.21287    0.22003    0.15402    0.12233    0.05364    0.22139    0.15457    0.12508    0.00000    0.09497    0.18851    0.20425    0.11028    0.00000    0.19572    0.00000    0.16247
   0.13057    0.15941    0.00000    0.17286    0.26407    0.18325    0.13984    0.08032    0.15231    0.13600    0.12298    0.00000    0.08309    0.19372    0.12451    0.09240    0.00000    0.18086    0.00000    0.16071
   0.13938    0.16706    0.00300    0.14816    0.27089    0.19825    0.14642    0.05828    0.23319    0.14555    0.14166    0.00850    0.09095    0.18217    0.03103    0.07674    0.00000    0.00000    0.00000    0.17322
   0.13093    0.16782    0.00000    0.13529    0.20991    0.21650    0.11111    0.08908    0.22383    0.15368    0.13864    0.00487    0.29466    0.18117    0.00892    0.06394    0.00000    0.15463    0.00000    0.16328
   0.15353    0.16436    0.00000    0.14151    0.27711    0.15992    0.13125    0.07417    0.18099    0.15074    0.13595    0.00611    0.11944    0.15695    0.21299    0.08932    0.00000    0.15499    0.00000    0.16911
   0.15515    0.14234    0.00000    0.15176    0.27387    0.08867    0.10359    0.05223    0.19019    0.16308    0.13550    0.00000    0.10605    0.14697    0.22618    0.08974    0.00000    0.15828    0.00000    0.18761
   0.15210    0.16130    0.00000    0.10359    0.20217    0.12669    0.15154    0.05535    0.16992    0.15698    0.14863    0.00000    0.09425    0.17457    0.16092    0.09373    0.00000    0.12577    0.00000    0.15710
   0.14915    0.16756    0.00000    0.18417    0.06516    0.05072    0.13217    0.05534    0.16713    0.15287    0.12648    0.00000    0.09741    0.16760    0.18167    0.13316    0.00000    0.14512    0.00000    0.16869
   0.14783    0.16588    0.00000    0.16618    0.23799    0.16021    0.12555    0.05583    0.17707    0.15844    0.14032    0.00000    0.12477    0.16188    0.17822    0.11491    0.00000    0.18461    0.00000    0.16119
   0.25645    0.15669    0.00000    0.15475    0.23983    0.13963    0.11422    0.11564    0.17619    0.15666    0.12914    0.00000    0.11880    0.16736    0.15861    0.11435    0.00000    0.13571    0.00000    0.17193
   0.13892    0.18106    0.00000    0.15156    0.26259    0.20198    0.12254    0.05813    0.16493    0.15569    0.14169    0.00000    0.09370    0.16296    0.10236    0.12069    0.02452    0.11387    0.00000    0.16159
   0.17589    0.15338    0.00000    0.14762    0.24129    0.16282    0.12584    0.10528    0.16727    0.14515    0.13781    0.00000    0.11209    0.17024    0.17350    0.10881    0.30507    0.07797    0.00000    0.12879
   0.15688    0.17673    0.00000    0.11573    0.22766    0.15804    0.13164    0.08185    0.24320    0.16143    0.12825    0.00000    0.10344    0.16996    0.16276    0.15353    0.04107    0.12172    0.00000    0.15366
   0.15140    0.15926    0.00000    0.16301    0.22337    0.10716    0.12378    0.10504    0.19356    0.15244    0.11136    0.00000    0.11919    0.16863    0.14673    0.16837    0.09661    0.13925    0.00000    0.16131
   0.16110    0.15779    0.00000    0.15085    0.23606    0.15032    0.13005    0.09768    0.20841    0.14225    0.12837    0.00000    0.09385    0.16601    0.18258    0.11574    0.00000    0.12138    0.00000    0.16584
   0.15449    0.14863    0.00000    0.14175    0.23730    0.16673    0.13400    0.07984    0.15587    0.15639    0.12782    0.00000    0.12950    0.16383    0.15908    0.11913    0.03308    0.15543    0.00000    0.17684
   0.14937    0.15828    0.00000    0.14646    0.22179    0.18820    0.12283    0.08038    0.18346    0.15366    0.12958    0.00000    0.13336    0.16960    0.17541    0.14200    0.00000    0.12106    0.00000    0.16259
   0.15153    0.15814    0.00000    0.14990    0.24021    0.18198    0.12285    0.05517    0.13078    0.15605    0.12889    0.00000    0.10869    0.16576    0.16973    0.14728    0.05751    0.10517    0.00074    0.15094
   0.15251    0.15689    0.00000    0.14915    0.23356    0.16437    0.13095    0.07121    0.14210    0.16085    0.12694    0.00000    0.09175    0.16694    0.16536    0.12193    0.06951    0.12786    0.01038    0.15792
   0.15746    0.15921    0.00000    0.14842    0.23030    0.15194    0.12453    0.07060    0.15547    0.15201    0.12089    0.00000    0.11431    0.16884    0.16093    0.14101    0.05673    0.11266    0.09498    0.15963
   0.15574    0.15654    0.00000    0.14910    0.23361    0.14904    0.12325    0.08393    0.12475    0.15087    0.12892    0.00146    0.10650    0.16638    0.14843    0.14575    0.04880    0.11488    0.00217    0.16731
   0.15332    0.15377    0.00000    0.14808    0.23223    0.16109    0.12528    0.08536    0.13022    0.15090    0.13003    0.00000    0.10962    0.16311    0.14750    0.11971    0.08863    0.12304    0.03162    0.15979
   0.15736    0.15576    0.00000    0.14401    0.24286    0.15397    0.13412    0.09073    0.12225    0.15291    0.03571    0.01084    0.10277    0.16716    0.18286    0.12355    0.07654    0.12303    0.02613    0.16396
   0.15464    0.15469    0.00000    0.14000    0.23462    0.14938    0.12418    0.08577    0.06056    0.15257    0.10714    0.07715    0.10942    0.16522    0.14945    0.12165    0.09981    0.11963    0.01350    0.15994
   0.15744    0.15652    0.00000    0.13014    0.22822    0.13484    0.12266    0.08024    0.26670    0.15099    0.17857    0.03742    0.10778    0.16355    0.14619    0.11861    0.06803    0.10550    0.02906    0.16544
   0.15208    0.15562    0.00000    0.10834    0.23314    0.13982    0.12255    0.08351    0.14042    0.15268    0.25000    0.05343    0.11705    0.16626    0.15833    0.12403    0.07492    0.11974    0.02429    0.16427
   0.15750    0.15519    0.00000    0.07828    0.22611    0.14538    0.12158    0.08360    0.14626    0.15528    0.32143    0.07083    0.10728    0.16262    0.15550    0.12437    0.08530    0.13623    0.02653    0.16101
   0.15620    0.03571    0.00000    0.08770    0.22649    0.17609    0.12294    0.07870    0.54010    0.15562    0.39286    0.06279    0.11290    0.16056    0.15427    0.13690    0.09270    0.11358    0.02653    0.16507
   0.15563    0.10714    0.00000    0.10011    0.22546    0.14197    0.12231    0.06864    0.14643    0.15273    0.46429    0.06177    0.09778    0.03571    0.16198    0.14237    0.07981    0.10808    0.03411    0.16641
   0.15475    0.17857    0.00000    0.06356    0.23009    0.15539    0.12200    0.07896    0.14818    0.15450    0.53571    0.05791    0.10169    0.10714    0.16059    0.16076    0.17747    0.08962    0.03693    0.16401
   0.15684    0.25000    0.00000    0.10239    0.22992    0.17586    0.12382    0.08446    0.13083    0.15676    0.60714    0.06273    0.10119    0.17857    0.16218    0.13912    0.09761    0.02046    0.05581    0.16829
   0.15455    0.32143    0.00000    0.07929    0.22391    0.16739    0.12305    0.08054    0.15191    0.15615    0.67857    0.05824    0.10516    0.25000    0.16060    0.13086    0.08631    0.09157    0.03928    0.16315
   0.15410    0.39286    0.00000    0.03317    0.22427    0.15874    0.12082    0.05813    0.15191    0.15213    0.75000    0.06939    0.10164    0.32143    0.15986    0.13706    0.10234    0.08860    0.02991    0.03571
   0.15432    0.46429    0.00000    0.08148    0.22621    0.16548    0.12459    0.06079    0.15526    0.15169    0.82143    0.04801    0.10053    0.39286    0.15616    0.13878    0.09953    0.08893    0.04186    0.10714
   0.15612    0.53571    0.00005    0.08983    0.22658    0.15542    0.12358    0.06716    0.16661    0.15472    0.89286    0.05026    0.10735    0.46429    0.15758    0.13332    0.10944    0.06967    0.04052    0.17857
   0.15452    0.60714    0.00000    0.06957    0.22732    0.14568    0.03571    0.07019    0.14488    0.15350    0.96429    0.06337    0.10302    0.53571    0.15624    0.14041    0.14921    0.08948    0.03646    0.25000
   0.15563    0.67857    0.00000    0.06302    0.22661    0.16424    0.10714    0.06459    0.12664    0.15236    0.00000    0.05506    0.10444    0.60714    0.15385    0.13403    0.11037    0.09365    0.04223    0.32143
   0.15564    0.75000    0.00000    0.08673    0.22614    0.15777    0.17857    0.07726    0.15186    0.15458    0.00000    0.05635    0.10291    0.67857    0.16201    0.14974    0.10001    0.08878    0.04432    0.39286
   0.03571    0.82143    0.00000    0.08811    0.22415    0.16249    0.25000    0.07333    0.18926    0.15343    0.12703    0.05716    0.10237    0.75000    0.16308    0.14225    0.10412    0.09155    0.05156    0.46429
   0.10714    0.89286    0.00000    0.08822    0.03571    0.17243    0.32143    0.07909    0.17300    0.15244    0.16649    0.05924    0.10343    0.82143    0.16322    0.14093    0.09947    0.09751    0.05248    0.53571
   0.17857    0.96429    0.00000    0.08550    0.10714    0.16054    0.39286    0.06874    0.15474    0.15250    0.00000    0.05776    0.10319    0.89286    0.16495    0.13236    0.09835    0.09921    0.05027    0.60714
   0.25000    0.00000    0.00000    0.07918    0.17857    0.16042    0.46429    0.06771    0.16204    0.03571    0.00000    0.06747    0.10608    0.96429    0.16153    0.12983    0.10150    0.09485    0.04503    0.67857
   0.32143    0.00000    0.00435    0.08935    0.25000    0.14464    0.53571    0.06834    0.16461    0.10714    0.11176    0.06036    0.03571    0.05789    0.16373    0.13625    0.11156    0.09609    0.06994    0.75000
   0.39286    0.00000    0.06260    0.10168    0.32143    0.16757    0.60714    0.06665    0.14693    0.17857    0.10019    0.05963    0.10714    0.04938    0.16849    0.13235    0.10752    0.09633    0.05141    0.82143
   0.46429    0.28078    0.01380    0.10674    0.39286    0.15286    0.67857    0.07078    0.15836    0.25000    0.05928    0.06013    0.17857    0.38786    0.15843    0.13592    0.10297    0.09215    0.07213    0.89286
   0.53571    0.14948    0.02329    0.10141    0.46429    0.15800    0.75000    0.06830    0.16014    0.32143    0.10473    0.05581    0.25000    0.28665    0.03571    0.12216    0.10548    0.09077    0.08184    0.96429
   0.60714    0.09372    0.02289    0.12012    0.53571    0.15461    0.82143    0.07431    0.15030    0.39286    0.05617    0.05667    0.32143    0.18081    0.10714    0.12806    0.10848    0.08529    0.05727    0.00000
   0.67857    0.25387    0.03905    0.10224    0.60714    0.16322    0.89286    0.07118    0.14361    0.46429    0.15183    0.05835    0.39286    0.15693    0.17857    0.03571    0.10569    0.09334    0.08395    0.00989
   0.75000    0.20085    0.02710    0.09503    0.67857    0.16155    0.96429    0.06673    0.15741    0.53571    0.11702    0.05770    0.46429    0.25837    0.25000    0.10714    0.11616    0.09642    0.08111    0.00000
   0.82143    0.24215    0.03774    0.10444    0.75000    0.15416    0.05532    0.06476    0.16084    0.60714    0.16744    0.05789    0.53571    0.12678    0.32143    0.17857    0.10148    0.09436    0.08173    0.10836
   0.89286    0.13177    0.03270    0.10303    0.82143    0.16729    0.00000    0.06395    0.14000    0.67857    0.11128    0.05727    0.60714    0.19762    0.39286    0.25000    0.10358    0.09170    0.08853    0.19824
   0.96429    0.00000    0.05616    0.10044    0.89286    0.15433    0.18141    0.06647    0.15096    0.75000    0.10047    0.05842    0.67857    0.35660    0.46429    0.32143    0.10484    0.09031    0.12487    0.07467
   0.00000    0.00000    0.17076    0.10633    0.96429    0.16482    0.23151    0.05240    0.14481    0.82143    0.09968    0.05941    0.75000    0.11912    0.53571    0.39286    0.10446    0.09748    0.19855    0.00000
   0.00000    0.00000    0.06941    0.10153    0.00000    0.16585    0.05008    0.06078    0.15338    0.89286    0.11480    0.05671    0.82143    0.30393    0.60714    0.46429    0.10519    0.03571    0.14127    0.12508
   0.03613    0.00000    0.03882    0.10467    0.01490    0.16713    0.07482    0.05735    0.16488    0.96429    0.14621    0.05819    0.89286    0.28179    0.67857    0.53571    0.10907    0.10714    0.12379    0.08297
   0.30477    0.00550    0.04760    0.10269    0.00000    0.16336    0.18901    0.07168    0.14794    0.00000    0.10834    0.05753    0.96429    0.27235    0.75000    0.60714    0.10683    0.17857    0.10115    0.10429
   0.00000    0.00000    0.04252    0.10686    0.17000    0.15882    0.03068    0.06331    0.14387    0.00000    0.11839    0.03571    0.37837    0.21133    0.82143    0.67857    0.10600    0.25000    0.09610    0.17013
   0.00000    0.00000    0.05733    0.10605    0.00000    0.16248    0.14577    0.06875    0.15881    0.00000    0.09019    0.10714    0.81494    0.18592    0.89286    0.75000    0.10880    0.32143    0.12158    0.02866
   0.00000    0.00000    0.04808    0.11067    0.09458    0.16446    0.16337    0.06108    0.14881    0.00000    0.11711    0.17857    0.05401    0.23812    0.96429    0.82143    0.11323    0.39286    0.12033    0.00000
   0.00000    0.00000    0.04413    0.11270    0.06549    0.16783    0.17478    0.06320    0.03571    0.00000    0.11326    0.25000    0.00000    0.16911    0.06971    0.89286    0.10694    0.46429    0.10260    0.11000
   0.03199    0.00000    0.05007    0.10946    0.08923    0.16319    0.01657    0.06175    0.10714    0.00000    0.12233    0.32143    0.28078    0.00000    0.00000    0.96429    0.11147    0.53571    0.11252    0.25593
   0.06505    0.00000    0.04696    0.11235    0.05748    0.16517    0.15388    0.06428    0.17857    0.00000    0.12899    0.39286    0.32108    0.17837    0.24101    0.14803    0.11436    0.60714    0.12549    0.10745
   0.08634    0.00000    0.04356    0.11430    0.06324    0.16385    0.16054    0.06139    0.25000    0.01488    0.10158    0.46429    0.28178    0.20514    0.20389    0.21239    0.10751    0.67857    0.11771    0.10275
   0.13443    0.00000    0.05127    0.12766    0.11907    0.16544    0.16385    0.05764    0.32143    0.00000    0.09005    0.53571    0.31517    0.20460    0.19937    0.27647    0.11081    0.75000    0.12592    0.12985
   0.17569    0.00000    0.05059    0.11786    0.08962    0.16616    0.13922    0.05896    0.39286    0.00000    0.06792    0.60714    0.23541    0.05170    0.16025    0.40987    0.11138    0.82143    0.11621    0.11921
   0.13551    0.03263    0.04329    0.11991    0.08075    0.16680    0.08328    0.05873    0.46429    0.01072    0.10420    0.67857    0.18797    0.16761    0.13253    0.45988    0.11316    0.89286    0.03571    0.12213
   0.13575    0.00811    0.05010    0.12214    0.08333    0.16793    0.14089    0.06234    0.53571    0.00000    0.11824    0.75000    0.04958    0.18379    0.17580    0.14257    0.10936    0.96429    0.10714    0.12430
   0.11125    0.00000    0.03571    0.11989    0.09388    0.16428    0.13278    0.06169    0.60714    0.00000    0.09259    0.82143    0.38443    0.20569    0.20223    0.35258    0.11193    0.00000    0.17857    0.50815
   0.10063    0.04984    0.10714    0.12092    0.08547    0.17096    0.16041    0.05968    0.67857    0.00117    0.09429    0.89286    0.22533    0.20466    0.11273    0.39512    0.10983    0.00000    0.25000    0.13060
   0.18944    0.00000    0.17857    0.12036    0.08758    0.16370    0.14022    0.03571    0.75000    0.00000    0.10747    0.96429    0.00000    0.12682    0.14460    0.31305    0.11229    0.00000    0.32143    0.55539
   0.16581    0.03720    0.25000    0.12389    0.09498    0.17566    0.13469    0.10714    0.82143    0.00000    0.12130    0.00000    0.19077    0.17803    0.21340    0.19823    0.03571    0.00000    0.39286    0.18479
   0.21117    0.01403    0.32143    0.11920    0.09696    0.16423    0.13387    0.17857    0.89286    0.08946    0.08510    0.17371    0.23144    0.21742    0.17509    0.06078    0.10714    0.00000    0.46429    0.15360
   0.19220    0.04257    0.39286    0.11914    0.08942    0.16353    0.17954    0.25000    0.96429    0.23260    0.08484    0.00000    0.17777    0.14863    0.13294    0.00000    0.17857    0.00000    0.53571    0.12603
   0.24510    0.02190    0.46429    0.11724    0.09671    0.16386    0.16446    0.32143    0.17202    0.04181    0.09286    0.25593    0.17177    0.19731    0.16461    0.00000    0.25000    0.00000    0.60714    0.17104
   0.12468    0.03570    0.53571    0.12174    0.10137    0.16102    0.07535    0.39286    0.37250    0.04516    0.09924    0.00000    0.20963    0.18213    0.14181    0.00000    0.32143    0.00000    0.67857    0.18304
   0.15360    0.05616    0.60714    0.03571    0.09820    0.16636    0.12366    0.46429    0.50107    0.15398    0.09100    0.00000    0.19533    0.20064    0.16112    0.05317    0.39286    0.00000    0.75000    0.12058
   0.13876    0.07065    0.67857    0.10714    0.08643    0.16649    0.16044    0.53571    0.00000    0.33637    0.08262    0.00000    0.19030    0.15068    0.06767    0.08890    0.46429    0.00000    0.82143    0.13119
   0.12377    0.07956    0.75000    0.17857    0.09907    0.17115    0.14893    0.60714    0.27377    0.20022    0.09862    0.03379    0.18481    0.18513    0.15220    0.07315    0.53571    0.00000    0.89286    0.14854
   0.13658    0.02073    0.82143    0.25000    0.08754    0.17552    0.14976    0.67857    0.26982    0.17054    0.09163    0.00000    0.19040    0.17800    0.16989    0.12606    0.60714    0.00000    0.96429    0.17182
   0.14214    0.05625    0.89286    0.32143    0.12068    0.16478    0.14852    0.75000    0.22331    0.17296    0.10142    0.00000    0.17984    0.20269    0.17898    0.07443    0.67857    0.00705    0.04843    0.31897
   0.14265    0.09268    0.96429    0.39286    0.15377    0.16379    0.14420    0.82143    0.19215    0.13398    0.09239    0.00000    0.17938    0.19785    0.17835    0.00000    0.75000    0.00000    0.28405    0.14909
   0.13868    0.04702    0.13094    0.46429    0.13158    0.16783    0.16011    0.89286    0.18892    0.23738    0.09571    0.00000    0.16105    0.20076    0.16868    0.00000    0.82143    0.00000    0.28649    0.11777
   0.13719    0.02902    0.66524    0.53571    0.13133    0.16687    0.15806    0.96429    0.21133    0.17686    0.10365    0.00000    0.20861    0.20860    0.17089    0.14732    0.89286    0.05559    0.38805    0.11677
   0.12770    0.03381    0.00000    0.60714    0.11353    0.16615    0.16398    0.96408    0.21290    0.26419    0.09417    0.00000    0.20764    0.20716    0.17504    0.15912    0.96429    0.14189    0.21930    0.13913
   0.13167    0.04245    0.01112    0.67857    0.11920    0.16816    0.15796    0.00000    0.00000    0.15646    0.09317    0.04396    0.18905    0.20688    0.18001    0.14038    0.00192    0.37872    0.00000    0.15609
   0.13399    0.05586    0.59693    0.75000    0.10124    0.16614    0.15570    0.18553    0.16337    0.17450    0.08579    0.11271    0.19385    0.18582    0.16910    0.00000    0.00000    0.23238    0.25363    0.16408
   0.13597    0.14723    0.26536    0.82143    0.12106    0.16498    0.15733    0.25877    0.00000    0.14651    0.10130    0.16029    0.18535    0.21326    0.18064    0.10492    0.19666    0.06636    0.26216    0.17843
   0.12951    0.06158    0.26305    0.89286    0.10857    0.16751    0.14693    0.19797    0.17679    0.14224    0.11213    0.09833    0.18282    0.21141    0.17254    0.13405    0.07063    0.13601    0.29875    0.18624
   0.14062    0.02131    0.36117    0.96429    0.12990    0.16662    0.15579    0.40404    0.22026    0.13999    0.09714    0.00000    0.18107    0.21741    0.18360    0.00000    0.26525    0.12870    0.23431    0.18264
   0.12734    0.05690    0.37093    0.04550    0.14462    0.16650    0.16019    0.02279    0.15570    0.15692    0.07953    0.02488    0.18788    0.19750    0.16818    0.23093    0.11229    0.16338    0.43567    0.16554
   0.11302    0.07293    0.37356    0.00000    0.12093    0.03571    0.16781    0.15122    0.20063    0.15672    0.10731    0.06938    0.18205    0.19262    0.18073    0.15482    0.00000    0.12503    0.25230    0.16224
   0.14022    0.05803    0.34241    0.00000    0.10949    0.10714    0.15633    0.22786    0.00240    0.16902    0.08785    0.00000    0.17791    0.20926    0.20682    0.15710    0.17579    0.22569    0.14246    0.17264
   0.13442    0.05320    0.29713    0.19774    0.11322    0.17857    0.16708    0.21486    0.13892    0.15932    0.08865    0.00000    0.18673    0.20061    0.19871    0.13295    0.14156    0.19052    0.18139    0.16903
   0.13115    0.06442    0.34612    0.26864    0.10738    0.25000    0.16143    0.22947    0.08059    0.16027    0.09545    0.07151    0.18912    0.19757    0.24684    0.12761    0.15394    0.07725    0.12932    0.15237
   0.12459    0.06035    0.36577    0.20779    0.11775    0.32143    0.16482    0.28318    0.21221    0.14216    0.10013    0.12307    0.19970    0.19556    0.14259    0.15516    0.13026    0.11972    0.13524    0.19421
   0.12406    0.05645    0.30659    0.27182    0.12463    0.39286    0.16064    0.24759    0.18086    0.16270    0.09747    0.09155    0.18946    0.19410    0.16112    0.14032    0.17437    0.08807    0.21400    0.20926
   0.12939    0.08076    0.59065    0.15313    0.00000    0.46429    0.16291    0.23754    0.19035    0.15067    0.09519    0.04477    0.23197    0.18186    0.10905    0.15779    0.14693    0.05032    0.45273    0.22049
   0.13298    0.08233    0.17676    0.23776    0.12267    0.53571    0.16386    0.15122    0.15361    0.17151    0.09492    0.06002    0.18185    0.13467    0.05504    0.17262    0.05567    0.08935    0.13600    0.20423
   0.13239    0.06125    0.26450    0.27529    0.11798    0.60714    0.16181    0.22230    0.19460    0.16664    0.09495    0.05839    0.18540    0.18760    0.17836    0.12179    0.22795    0.13044    0.30641    0.20769
   0.12927    0.05511    0.35527    0.12056    0.11629    0.67857    0.16290    0.26710    0.17669    0.16105    0.09525    0.06021    0.18678    0.18496    0.18609    0.15642    0.16705    0.09437    0.13766    0.19756
   0.13315    0.06955    0.39893    0.24462    0.11023    0.75000    0.16443    0.18269    0.16256    0.16316    0.08409    0.02354    0.18979    0.17942    0.19100    0.16829    0.19622    0.10931    0.18820    0.19198
   0.13437    0.06737    0.31872    0.26677    0.11922    0.82143    0.16155    0.24046    0.16491    0.16482    0.08981    0.11292    0.16519    0.19692    0.14163    0.17491    0.13462    0.10120    0.13527    0.19480
   0.13061    0.06857    0.30326    0.09574    0.12408    0.89286    0.16047    0.19979    0.16545    0.16651    0.09616    0.05468    0.19217    0.18746    0.16128    0.17677    0.16675    0.08518    0.19117    0.20179
   0.13274    0.06286    0.31142    0.13120    0.11236    0.96429    0.03571    0.22805    0.11718    0.20118    0.09598    0.08463    0.13570    0.18917    0.15645    0.16779    0.14299    0.11219    0.21303    0.19687
   0.13217    0.06443    0.33470    0.17561    0.11337    1.00000    0.10714    0.21959    0.15487    0.17431    0.08912    0.05797    0.15887    0.19375    0.15981    0.17303    0.10947    0.11347    0.17606    0.19756
   0.13404    0.07152    0.31925    0.14538    0.11173    0.00475    0.17857    0.23013    0.14015    0.15864    0.08741    0.02877    0.15718    0.19441    0.14587    0.15205    0.15020    0.13754    0.17812    0.18763
   0.13515    0.07115    0.30053    0.09971    0.11842    0.29692    0.25000    0.23181    0.14896    0.15438    0.08312    0.03981    0.11149    0.18860    0.17023    0.17657    0.14486    0.11670    0.15817    0.19227
   0.13487    0.06880    0.30043    0.12765    0.12729    0.23274    0.32143    0.02828    0.14158    0.14967    0.07168    0.04883    0.14507    0.19629    0.16568    0.16537    0.12569    0.11701    0.15628    0.20489
   0.13649    0.06643    0.30130    0.16305    0.12919    0.36741    0.39286    0.24528    0.15918    0.15616    0.07865    0.00903    0.19810    0.18779    0.17454    0.15154    0.11569    0.12116    0.21191    0.20572
   0.13533    0.06804    0.28809    0.06381    0.09752    0.31073    0.46429    0.24730    0.15516    0.15460    0.08125    0.11932    0.14735    0.18394    0.17522    0.16425    0.13929    0.09681    0.20343    0.18829
   0.13723    0.06848    0.26785    0.14660    0.11773    0.29673    0.53571    0.46241    0.13560    0.16024    0.08576    0.05455    0.13809    0.20749    0.18114    0.15285    0.16362    0.06818    0.14191    0.18632
   0.13395    0.06301    0.25118    0.15004    0.11675    0.54322    0.60714    0.23184    0.14912    0.15638    0.03571    0.05121    0.18813    0.19362    0.18066    0.16663    0.14100    0.08763    0.17554    0.18937
   0.13359    0.07134    0.26675    0.14927    0.11989    0.37725    0.67857    0.16949    0.15030    0.15854    0.10714    0.15424    0.15890    0.19349    0.17225    0.14358    0.14020    0.10295    0.16996    0.19165
   0.13563    0.06882    0.24098    0.14770    0.12032    0.49700    0.75000    0.17229    0.14850    0.15550    0.17857    0.05555    0.16232    0.18517    0.15890    0.16423    0.15953    0.10377    0.16998    0.19861
   0.03571    0.06994    0.18352    0.21313    0.11859    0.19536    0.82143    0.18314    0.14540    0.15899    0.25000    0.05421    0.15967    0.19039    0.17843    0.16198    0.11400    0.10975    0.15822    0.18626
   0.10714    0.06834    0.22861    0.13195    0.11417    0.40065    0.89286    0.23398    0.15437    0.16062    0.32143    0.04447    0.15710    0.18914    0.22951    0.15707    0.16535    0.09980    0.16753    0.18073
   0.17857    0.03571    0.26231    0.09746    0.11851    0.40713    0.96429    0.23469    0.15403    0.15454    0.39286    0.06025    0.15910    0.19221    0.16776    0.16613    0.15083    0.09703    0.18269    0.19825
   0.25000    0.10714    0.14348    0.19446    0.11494    0.42401    0.00000    0.19543    0.14986    0.15525    0.46429    0.05526    0.16841    0.19053    0.14609    0.16709    0.15349    0.10324    0.17734    0.20718
   0.32143    0.17857    0.11147    0.22410    0.12104    0.32641    0.04006    0.13931    0.14737    0.15856    0.53571    0.05691    0.15254    0.19460    0.14942    0.16320    0.13156    0.10711    0.16468    0.19809
   0.39286    0.25000    0.17556    0.17280    0.11947    0.28925    0.33817    0.10885    0.15103    0.15614    0.60714    0.06779    0.15347    0.19306    0.18862    0.15872    0.13506    0.10769    0.17634    0.16924
   0.46429    0.32143    0.15513    0.13810    0.12055    0.33170    0.24824    0.07543    0.15149    0.15843    0.67857    0.07059    0.15689    0.19819    0.11031    0.15949    0.14378    0.10413    0.15982    0.15079
   0.53571    0.39286    0.15173    0.16465    0.12199    0.27903    0.22788    0.14149    0.13135    0.15659    0.75000    0.05034    0.15718    0.19920    0.15361    0.15513    0.14026    0.10374    0.17114    0.16570
   0.60714    0.46429    0.14856    0.13317    0.12160    0.34509    0.15826    0.14134    0.14544    0.15670    0.82143    0.03571    0.15368    0.19642    0.17152    0.14325    0.13246    0.10119    0.17536    0.08101
   0.67857    0.53571    0.21974    0.14122    0.12162    0.27611    0.17597    0.15489    0.13905    0.15405    0.89286    0.06490    0.15809    0.19540    0.14052    0.14667    0.15025    0.11187    0.17281    0.20872
   0.75000    0.60714    0.20884    0.18340    0.12273    0.55006    0.11653    0.03013    0.13896    0.15151    0.96429    0.07395    0.15906    0.19789    0.14120    0.15060    0.14938    0.11873    0.18822    0.21770
   0.82143    0.67857    0.28349    0.16957    0.12289    0.27310    0.11292    0.20174    0.14943    0.03571    0.00000    0.06764    0.16587    0.20156    0.14805    0.15264    0.14778    0.12418    0.17858    0.21003
   0.89286    0.75000    0.16844    0.15000    0.12345    0.30003    0.23000    0.18630    0.14335    0.10714    0.00000    0.06833    0.15566    0.19608    0.13551    0.13995    0.14980    0.12862    0.23824    0.19646
   0.96429    0.82143    0.09235    0.16224    0.12092    0.32968    0.16443    0.11960    0.13702    0.17857    0.00000    0.07642    0.16728    0.20069    0.12860    0.09779    0.17279    0.12373    0.18637    0.20260
   0.00000    0.89286    0.15449    0.18053    0.12215    0.31174    0.17749    0.13290    0.14470    0.25000    0.00000    0.08301    0.16342    0.19758    0.13193    0.13270    0.15255    0.14679    0.17189    0.21883
   0.21881    0.96429    0.06688    0.15636    0.03571    0.27660    0.15096    0.12684    0.13449    0.32143    0.00000    0.11531    0.16070    0.19899    0.11146    0.14164    0.14582    0.13707    0.18134    0.23070
   0.25240    0.00000    0.16751    0.17736    0.10714    0.34676    0.19053    0.13448    0.14235    0.39286    0.00000    0.16730    0.15490    0.20005    0.13345    0.17149    0.14611    0.13876    0.17776    0.19911
   0.00000    0.00000    0.05567    0.15968    0.17857    0.33292    0.14149    0.13003    0.13776    0.46429    0.00000    0.09751    0.16895    0.20019    0.20927    0.13748    0.14632    0.13857    0.16308    0.20586
   0.32188    0.01600    0.02635    0.18195    0.25000    0.31851    0.15156    0.12415    0.13596    0.53571    0.00000    0.10138    0.15567    0.19875    0.10626    0.14563    0.14750    0.14916    0.16661    0.19992
   0.00000    0.33120    0.10311    0.16993    0.32143    0.32619    0.18344    0.12134    0.13814    0.60714    0.00000    0.10636    0.15250    0.19964    0.14982    0.11291    0.15246    0.14421    0.17552    0.21680
   0.17722    0.49864    0.13480    0.17249    0.39286    0.30709    0.13621    0.12141    0.13130    0.67857    0.00000    0.10820    0.16347    0.03571    0.11572    0.12274    0.15482    0.14453    0.17081    0.18904
   0.15933    0.36248    0.12260    0.18818    0.46429    0.27911    0.13741    0.12935    0.13201    0.75000    0.00000    0.08782    0.16582    0.10714    0.17452    0.14787    0.15110    0.13489    0.18876    0.19277
   0.14235    0.31033    0.15045    0.17559    0.53571    0.35422    0.13640    0.12536    0.12845    0.82143    0.03074    0.08541    0.17672    0.17857    0.11519    0.12075    0.15188    0.12451    0.15160    0.18223
   0.08886    0.24866    0.15385    0.17489    0.60714    0.37081    0.14612    0.12530    0.12631    0.89286    0.00000    0.07968    0.18179    0.25000    0.13159    0.07516    0.14714    0.13106    0.16547    0.19346
   0.12808    0.20014    0.12621    0.16624    0.67857    0.30272    0.15983    0.11821    0.11893    0.96429    0.00000    0.05980    0.17668    0.32143    0.13782    0.15872    0.14665    0.14042    0.15350    0.18635
   0.10801    0.38851    0.11696    0.18110    0.75000    0.32465    0.13941    0.11101    0.12932    0.50279    0.00000    0.09585    0.17386    0.39286    0.14161    0.28619    0.14636    0.13890    0.16067    0.16363
   0.27166    0.30322    0.12567    0.17233    0.82143    0.32964    0.13680    0.12711    0.11432    0.05172    0.00000    0.11593    0.17238    0.46429    0.13488    0.15392    0.14728    0.13471    0.10777    0.10360
   0.15328    0.34974    0.12918    0.15993    0.89286    0.30502    0.15569    0.12961    0.12289    0.36422    0.00000    0.00000    0.16696    0.53571    0.13489    0.13037    0.14939    0.13251    0.16586    0.16555
   0.18535    0.34409    0.11269    0.16818    0.96429    0.28314    0.14384    0.13218    0.12482    0.43251    0.00000    0.06786    0.18022    0.60714    0.13985    0.14498    0.14905    0.13307    0.14242    0.17254
   0.15144    0.22205    0.13720    0.17288    0.00000    0.28854    0.11437    0.12743    0.12155    0.39355    0.00000    0.04216    0.16942    0.67857    0.13122    0.15336    0.14874    0.13633    0.16856    0.15039
   0.14318    0.30120    0.14540    0.16393    0.03956    0.27083    0.16276    0.12895    0.13152    0.34448    0.00583    0.00000    0.17314    0.75000    0.14123    0.23244    0.14965    0.13560    0.18204    0.15932
   0.17625    0.22959    0.15602    0.16855    0.17812    0.25750    0.21804    0.12109    0.12826    0.00487    0.00000    0.07547    0.17634    0.82143    0.13600    0.12142    0.14552    0.13401    0.15863    0.15865
   0.16342    0.03202    0.11431    0.16537    0.16646    0.18977    0.16562    0.12381    0.12942    0.34422    0.00000    0.05950    0.16851    0.89286    0.14396    0.13750    0.14769    0.13479    0.15798    0.13845
   0.15781    0.21591    0.12846    0.16888    0.17589    0.07238    0.16866    0.12768    0.12917    0.23687    0.00000    0.07967    0.17493    0.96429    0.13850    0.12464    0.14799    0.13110    0.18022    0.15247
   0.12622    0.22943    0.12623    0.16726    0.20042    0.24942    0.16162    0.12693    0.12889    0.10033    0.00000    0.08642    0.16506    0.04378    0.13848    0.13184    0.03571    0.13472    0.15259    0.16988
   0.14600    0.19714    0.12940    0.16823    0.21789    0.25464    0.16504    0.12208    0.12937    0.21655    0.00000    0.08820    0.15981    0.00000    0.13956    0.13580    0.10714    0.13368    0.21163    0.15774
   0.16789    0.24398    0.12075    0.16886    0.11861    0.24178    0.16159    0.12182    0.13086    0.18995    0.00000    0.05485    0.16742    0.00000    0.14260    0.14709    0.17857    0.13426    0.14361    0.16501
   0.18011    0.20768    0.12832    0.16810    0.22743    0.23745    0.15626    0.12386    0.12798    0.18526    0.00603    0.10052    0.16572    0.00000    0.14522    0.13165    0.25000    0.13637    0.15614    0.15549
   0.17258    0.20155    0.12799    0.17170    0.28000    0.24493    0.14876    0.12541    0.13699    0.18227    0.00000    0.09295    0.16540    0.00000    0.13734    0.14889    0.32143    0.13486    0.16410    0.13702
   0.16378    0.23740    0.12400    0.17044    0.11480    0.23162    0.17283    0.12500    0.12335    0.20635    0.02117    0.09561    0.16029    0.04749    0.13995    0.13763    0.39286    0.13444    0.14310    0.14710
   0.18658    0.22214    0.12399    0.16035    0.24363    0.25310    0.09967    0.11727    0.13022    0.21121    0.08469    0.09317    0.16000    0.23151    0.13382    0.14174    0.46429    0.13559    0.14964    0.15408
   0.17535    0.26957    0.13400    0.17415    0.07071    0.20445    0.24104    0.12418    0.12944    0.34968    0.28446    0.09381    0.16575    0.00000    0.03571    0.13628    0.53571    0.03571    0.16120    0.14272
   0.20461    0.17821    0.13258    0.17247    0.21919    0.21975    0.17351    0.11851    0.12930    0.17326    0.07170    0.09311    0.16035    0.00817    0.10714    0.14715    0.60714    0.10714    0.15612    0.14524
   0.20576    0.25281    0.12649    0.16729    0.22478    0.19233    0.20126    0.12327    0.03571    0.32511    0.07357    0.08890    0.15748    0.00000    0.17857    0.14113    0.67857    0.17857    0.16382    0.15034
   0.18583    0.22374    0.11381    0.18873    0.23247    0.15531    0.18024    0.12450    0.10714    0.24255    0.07215    0.09290    0.15807    0.00000    0.25000    0.13541    0.75000    0.25000    0.15657    0.15593
   0.20800    0.26448    0.13251    0.17318    0.20065    0.17336    0.14730    0.12385    0.17857    0.18242    0.00000    0.03571    0.15792    0.09713    0.32143    0.13212    0.82143    0.32143    0.15667    0.15679
   0.21838    0.24458    0.13267    0.18544    0.21160    0.17059    0.17964    0.12590    0.25000    0.15027    0.15027    0.10714    0.15981    0.06374    0.39286    0.12830    0.89286    0.39286    0.15521    0.16435
   0.22028    0.22872    0.13113    0.15931    0.20925    0.14984    0.15080    0.12220    0.32143    0.17955    0.09803    0.17857    0.15644    0.05924    0.46429    0.13659    0.96429    0.46429    0.16008    0.15766
   0.21089    0.23196    0.12854    0.16215    0.20421    0.15913    0.15982    0.12426    0.39286    0.16846    0.07675    0.25000    0.15604    0.07533    0.53571    0.14180    0.00000    0.53571    0.14265    0.16053
   0.21727    0.20809    0.12781    0.16939    0.24815    0.14515    0.16692    0.03571    0.46429    0.17546    0.06167    0.32143    0.03571    0.05615    0.60714    0.13034    0.00304    0.60714    0.15387    0.15859
   0.16781    0.18359    0.13287    0.03571    0.26475    0.15385    0.18832    0.10714    0.53571    0.19957    0.07355    0.39286    0.10714    0.06956    0.67857    0.13331    0.60198    0.67857    0.15657    0.14376
   0.20065    0.00510    0.12406    0.10714    0.12118    0.13733    0.16337    0.17857    0.60714    0.15845    0.07872    0.46429    0.17857    0.08401    0.75000    0.13718    0.00000    0.75000    0.15634    0.16211
   0.17473    0.30617    0.13027    0.17857    0.10729    0.16719    0.17945    0.25000    0.67857    0.17851    0.07511    0.53571    0.25000    0.08297    0.82143    0.13544    0.09227    0.82143    0.14933    0.15664
   0.19428    0.22517    0.13140    0.25000    0.14803    0.16059    0.14547    0.32143    0.75000    0.19058    0.07769    0.60714    0.32143    0.03075    0.89286    0.13922    0.09748    0.89286    0.15947    0.16245
   0.19890    0.16894    0.13053    0.32143    0.17998    0.15759    0.18015    0.39286    0.82143    0.17936    0.05606    0.67857    0.39286    0.10268    0.96429    0.13298    0.26338    0.96429    0.15784    0.16919
   0.20215    0.15150    0.13135    0.39286    0.21558    0.16057    0.16551    0.46429    0.89286    0.16335    0.06098    0.75000    0.46429    0.00000    0.00000    0.12953    0.21370    0.77522    0.15571    0.18178
   0.19712    0.28042    0.12845    0.46429    0.10126    0.16700    0.17119    0.53571    0.96429    0.16753    0.05485    0.82143    0.53571    0.15182    0.07149    0.13823    0.24998    0.00000    0.15313    0.17183
   0.21422    0.22300    0.12763    0.53571    0.16400    0.16797    0.16789    0.60714    0.00000    0.17666    0.05395    0.89286    0.60714    0.18017    0.23697    0.11721    0.00000    0.33547    0.15876    0.17215
   0.19860    0.16118    0.12923    0.60714    0.37114    0.14968    0.16031    0.67857    0.00836    0.17469    0.09258    0.96429    0.67857    0.00000    0.32368    0.13611    0.18576    0.32356    0.16506    0.17425
   0.20240    0.20786    0.12995    0.67857    0.11043    0.14535    0.16622    0.75000    0.07443    0.16930    0.06591    0.00000    0.75000    0.10282    0.00000    0.03571    0.17994    0.27005    0.15939    0.17591
   0.20090    0.20290    0.13370    0.75000    0.17305    0.14424    0.17149    0.82143    0.07798    0.16728    0.09674    0.00000    0.82143    0.00000    0.23142    0.10714    0.21794    0.15628    0.03571    0.17391
   0.22079    0.18520    0.13003    0.82143    0.20239    0.13794    0.17111    0.89286    0.24528    0.16470    0.09782    0.00000    0.89286    0.09075    0.27863    0.17857    0.11351    0.29120    0.10714    0.17061
   0.20057    0.20161    0.13153    0.89286    0.25850    0.14568    0.16896    0.96429    0.00000    0.15019    0.07810    0.07707    0.96429    0.09470    0.00000    0.25000    0.21469    0.24271    0.17857    0.16970
   0.17765    0.17688    0.13232    0.96429    0.22357    0.14703    0.16967    0.00000    0.00000    0.13468    0.07977    0.00711    0.35860    0.09422    0.15559    0.32143    0.15193    0.28331    0.25000    0.16909
   0.12289    0.20601    0.12924    0.03107    0.21416    0.14034    0.16989    0.00000    0.02283    0.09455    0.09131    0.07149    0.05538    0.07422    0.19597    0.39286    0.10513    0.28743    0.32143    0.15708
   0.16023    0.21527    0.12898    0.04438    0.16803    0.14955    0.16797    0.28457    0.04889    0.15873    0.10573    0.12636    0.16502    0.09157    0.22081    0.46429    0.12862    0.25151    0.39286    0.14541
   0.16376    0.19836    0.13122    0.35287    0.13268    0.16440    0.16998    0.35562    0.00000    0.17475    0.07848    0.00000    0.30623    0.09790    0.25477    0.53571    0.28961    0.28191    0.46429    0.15968
   0.06621    0.20355    0.12922    0.10966    0.24185    0.15441    0.16821    0.31339    0.06530    0.14651    0.08285    0.17094    0.24580    0.13890    0.10642    0.60714    0.18684    0.27443    0.53571    0.13306
   0.16886    0.19505    0.03571    0.26287    0.16201    0.15495    0.16642    0.28272    0.07403    0.14462    0.10099    0.17384    0.25621    0.11552    0.26359    0.67857    0.16438    0.40017    0.60714    0.14331
   0.15461    0.20823    0.10714    0.17544    0.19149    0.15801    0.16915    0.31965    0.10621    0.13146    0.09366    0.13452    0.29554    0.10661    0.18108    0.75000    0.14236    0.27813    0.67857    0.13539
   0.13998    0.20020    0.17857    0.20674    0.14476    0.15515    0.16912    0.31109    0.14628    0.19374    0.08742    0.08250    0.31156    0.13996    0.18389    0.82143    0.16476    0.29381    0.75000    0.12480
   0.15851    0.20688    0.25000    0.10116    0.17669    0.16484    0.16819    0.33648    0.11693    0.15329    0.09155    0.04836    0.26787    0.25152    0.16917    0.89286    0.15472    0.29579    0.82143    0.14888
   0.17242    0.20072    0.32143    0.00000    0.17046    0.16372    0.16985    0.18780    0.10444    0.16145    0.10548    0.06071    0.27836    0.13835    0.14851    0.96429    0.11344    0.23477    0.89286    0.11234
   0.16898    0.18647    0.39286    0.00000    0.18620    0.15263    0.16575    0.29812    0.13505    0.16058    0.08485    0.10523    0.18190    0.14525    0.20447    0.27124    0.16504    0.23833    0.96429    0.14929
   0.16682    0.18671    0.46429    0.10362    0.16980    0.16447    0.03571    0.31918    0.11950    0.15162    0.09636    0.08796    0.31601    0.16784    0.23249    0.11222    0.14260    0.23718    0.31358    0.15498
   0.16144    0.17855    0.53571    0.11270    0.18481    0.15713    0.10714    0.29197    0.22206    0.16328    0.09468    0.16855    0.00000    0.10521    0.25142    0.18858    0.12915    0.20756    0.03498    0.15048
   0.19699    0.18334    0.60714    0.08670    0.18044    0.15868    0.17857    0.30204    0.12500    0.15294    0.09047    0.10401    0.18428    0.15605    0.23318    0.13661    0.15354    0.01785    0.70579    0.14659
   0.16440    0.18538    0.67857    0.16103    0.14912    0.16592    0.25000    0.22949    0.09482    0.15083    0.07077    0.07863    0.20660    0.11573    0.18010    0.41166    0.14401    0.19047    0.50988    0.14919
   0.15871    0.19757    0.75000    0.10321    0.17202    0.14944    0.32143    0.17223    0.11576    0.15546    0.09369    0.05566    0.10038    0.13368    0.21090    0.33906    0.16821    0.24240    0.23641    0.16676
   0.16398    0.19649    0.82143    0.10093    0.20360    0.09166    0.39286    0.07790    0.13281    0.15394    0.10117    0.06931    0.00000    0.13478    0.12720    0.33024    0.12330    0.10271    0.24951    0.14020
   0.15489    0.18062    0.89286    0.10468    0.18462    0.13850    0.46429    0.24950    0.08834    0.15514    0.10626    0.09184    0.07603    0.13712    0.19969    0.14378    0.13148    0.00000    0.22683    0.14621
   0.13592    0.17104    0.96429    0.10639    0.15367    0.15794    0.53571    0.20705    0.14272    0.14899    0.10182    0.11816    0.04987    0.11344    0.20841    0.16670    0.14671    0.00000    0.39236    0.03571
   0.15969    0.18199    0.00000    0.05943    0.16520    0.15450    0.60714    0.17772    0.14201    0.15327    0.10575    0.06837    0.06443    0.11002    0.18903    0.08793    0.14598    0.01872    0.07331    0.10714
   0.16713    0.18226    0.26411    0.09718    0.16563    0.16016    0.67857    0.24325    0.19079    0.15460    0.09615    0.07706    0.07712    0.11186    0.15032    0.22533    0.13989    0.15071    0.31389    0.17857
   0.15322    0.18819    0.00000    0.12272    0.20919    0.17152    0.75000    0.11315    0.15924    0.15112    0.10962    0.07812    0.05856    0.14305    0.18529    0.26375    0.13292    0.00000    0.00000    0.25000
   0.15459    0.18392    0.23010    0.13788    0.15442    0.16278    0.82143    0.18364    0.14006    0.15057    0.10766    0.07335    0.02522    0.09605    0.16835    0.20836    0.14688    0.09598    0.26835    0.32143
   0.14832    0.18098    0.59676    0.16364    0.17769    0.15151    0.89286    0.05604    0.16611    0.15487    0.09868    0.08872    0.21617    0.13889    0.17522    0.21817    0.10399    0.01759    0.22093    0.39286
   0.15374    0.18547    0.23696    0.10678    0.17462    0.15761    0.96429    0.39446    0.12600    0.03571    0.10437    0.10825    0.09953    0.12435    0.17078    0.29037    0.15656    0.11853    0.25244    0.46429
   0.15514    0.18269    0.30695    0.12537    0.16159    0.15710    0.08359    0.05318    0.15536    0.10714    0.10705    0.13274    0.08013    0.11896    0.15531    0.13649    0.12993    0.12853    0.17503    0.53571
   0.15763    0.18551    0.17434    0.15095    0.15381    0.15167    0.00000    0.20537    0.13700    0.17857    0.09889    0.13364    0.06138    0.12976    0.17264    0.18685    0.14631    0.15518    0.21225    0.60714
   0.15995    0.17956    0.16830    0.11594    0.17920    0.14607    0.00000    0.11477    0.14899    0.25000    0.09858    0.14517    0.06297    0.08341    0.24418    0.06643    0.13730    0.13983    0.14554    0.67857
   0.16120    0.18801    0.19798    0.17049    0.14920    0.14152    0.23650    0.24210    0.13005    0.32143    0.09793    0.20622    0.08527    0.13364    0.17070    0.18149    0.13865    0.12835    0.12926    0.75000
   0.15849    0.17545    0.26811    0.13497    0.16576    0.13782    0.00000    0.19919    0.13141    0.39286    0.10063    0.09690    0.07239    0.13645    0.16932    0.25088    0.13648    0.12345    0.09032    0.82143
   0.15792    0.18380    0.24967    0.12822    0.17453    0.15009    0.00000    0.10979    0.14640    0.46429    0.09598    0.15063    0.05545    0.09695    0.16812    0.20443    0.13683    0.15377    0.08455    0.89286
   0.15773    0.18763    0.18891    0.13028    0.17190    0.13510    0.00000    0.05613    0.12581    0.53571    0.03571    0.14109    0.06879    0.12036    0.17461    0.11811    0.13663    0.15876    0.13717    0.96429
   0.15839    0.18208    0.23033    0.13144    0.17778    0.13246    0.00000    0.06375    0.16597    0.60714    0.10714    0.17242    0.10590    0.19269    0.19078    0.13836    0.14375    0.21363    0.00000    0.01750
   0.16186    0.18868    0.22159    0.14377    0.17761    0.12855    0.00000    0.10962    0.12577    0.67857    0.17857    0.14916    0.08860    0.14344    0.18038    0.22107    0.13053    0.15648    0.05503    0.13054
   0.16066    0.18615    0.18095    0.13688    0.17703    0.15295    0.00000    0.08891    0.14172    0.75000    0.25000    0.12761    0.08165    0.13251    0.17271    0.14682    0.13550    0.17751    0.11470    0.24952
   0.15920    0.18461    0.15029    0.16379    0.15281    0.13829    0.00000    0.12746    0.12661    0.82143    0.32143    0.11962    0.07228    0.13845    0.17611    0.13553    0.14303    0.15182    0.17926    0.21131
   0.15720    0.03571    0.13130    0.14652    0.17316    0.14718    0.00000    0.13648    0.14561    0.89286    0.39286    0.12177    0.06725    0.14342    0.18084    0.16579    0.13831    0.14132    0.12603    0.35697
   0.15723    0.10714    0.13039    0.12876    0.17447    0.14452    0.00000    0.12333    0.12196    0.96429    0.46429    0.12960    0.10264    0.13613    0.16236    0.13940    0.13655    0.17610    0.08084    0.16884
   0.16037    0.17857    0.14520    0.13126    0.17334    0.14134    0.00000    0.10268    0.15546    0.00000    0.53571    0.13257    0.10176    0.11957    0.18428    0.16294    0.13546    0.16957    0.15423    0.21883
   0.15878    0.25000    0.13561    0.13911    0.17430    0.14220    0.00000    0.15867    0.13097    0.00000    0.60714    0.14184    0.08723    0.12065    0.17849    0.16008    0.13325    0.16190    0.09355    0.14959
   0.15244    0.32143    0.12549    0.12023    0.16768    0.13391    0.00000    0.13370    0.12706    0.07659    0.67857    0.12596    0.11303    0.12176    0.17376    0.13379    0.13901    0.17725    0.09930    0.12152
   0.15796    0.39286    0.13924    0.13249    0.17900    0.14566    0.00000    0.14400    0.14411    0.20944    0.75000    0.15886    0.11952    0.12481    0.18502    0.12825    0.13784    0.15981    0.12757    0.21464
   0.16189    0.46429    0.14696    0.13909    0.17705    0.13824    0.00000    0.15856    0.15348    0.04029    0.82143    0.12590    0.18175    0.11980    0.18473    0.15846    0.13935    0.15579    0.12568    0.12080
   0.16529    0.53571    0.12831    0.12907    0.16903    0.14037    0.00000    0.12206    0.12861    0.28499    0.89286    0.13876    0.09809    0.14118    0.19040    0.12988    0.13734    0.14709    0.11228    0.17589
   0.15458    0.60714    0.19061    0.13394    0.16748    0.13721    0.00000    0.17653    0.14437    0.14594    0.96429    0.13973    0.13902    0.12761    0.18222    0.14415    0.13618    0.15707    0.10326    0.19313
   0.03571    0.67857    0.15406    0.12975    0.16569    0.13092    0.01490    0.06164    0.14423    0.08165    0.20825    0.12672    0.10681    0.13942    0.18784    0.13716    0.13586    0.15811    0.10083    0.07322
   0.10714    0.75000    0.17790    0.14142    0.16682    0.13496    0.00000    0.15785    0.14314    0.21530    0.96709    0.13546    0.11172    0.11445    0.18307    0.14388    0.13744    0.15369    0.10059    0.00000
   0.17857    0.82143    0.12018    0.13592    0.17159    0.09287    0.00000    0.15500    0.14094    0.16644    0.53756    0.12889    0.13803    0.13048    0.18824    0.13029    0.13531    0.15351    0.10365    0.00000
   0.25000    0.89286    0.14007    0.14352    0.16831    0.14083    0.00000    0.17563    0.14408    0.15895    0.40677    0.14005    0.08980    0.13468    0.18816    0.15108    0.13087    0.14384    0.10734    0.15291
   0.32143    0.96429    0.15304    0.13808    0.16513    0.14838    0.00000    0.16295    0.14437    0.16263    0.36923    0.13250    0.14050    0.12862    0.21611    0.13527    0.13357    0.15103    0.09510    0.13106
   0.39286    0.00000    0.00000    0.14063    0.16638    0.14211    0.00000    0.16264    0.14126    0.17340    0.54899    0.12536    0.12221    0.13209    0.19258    0.08849    0.14131    0.15061    0.09571    0.12598
   0.46429    0.39313    0.07783    0.13036    0.16902    0.11628    0.00000    0.15643    0.13951    0.23349    0.36474    0.11666    0.12065    0.15163    0.18273    0.13117    0.13810    0.15135    0.08755    0.13379
   0.53571    0.18887    0.08002    0.13159    0.17034    0.13017    0.00000    0.15235    0.14070    0.13768    0.30345    0.13040    0.27517    0.14055    0.17827    0.15585    0.13729    0.14724    0.10658    0.12569
   0.60714    0.28836    0.09111    0.12875    0.16980    0.16344    0.00000    0.15091    0.14463    0.14196    0.62411    0.11921    0.12713    0.13660    0.17491    0.15378    0.13707    0.15255    0.10398    0.08529
   0.67857    0.08447    0.09932    0.13201    0.16914    0.11360    0.00000    0.16143    0.14218    0.15522    0.43776    0.12163    0.12286    0.13797    0.17066    0.15216    0.13688    0.15321    0.10278    0.22241
   0.75000    0.38192    0.08944    0.13519    0.17127    0.03571    0.02017    0.17580    0.14212    0.15878    0.48617    0.12358    0.14040    0.12581    0.17492    0.16653    0.13769    0.15300    0.11056    0.11422
   0.82143    0.00000    0.06885    0.13094    0.16661    0.10714    0.16978    0.14891    0.14144    0.15194    0.36996    0.12656    0.12375    0.12145    0.17522    0.15998    0.03571    0.15299    0.09997    0.26999
   0.89286    0.26585    0.09414    0.13613    0.16846    0.17857    0.08730    0.15436    0.14287    0.14853    0.39807    0.12259    0.12872    0.15915    0.17421    0.15740    0.10714    0.15158    0.09651    0.00000
   0.96429    0.21431    0.06978    0.13443    0.03571    0.25000    0.06030    0.15319    0.14092    0.13849    0.28119    0.12803    0.12249    0.14129    0.16449    0.15181    0.17857    0.15025    0.09364    0.15984
   0.00000    0.18841    0.08842    0.13012    0.10714    0.32143    0.04274    0.15907    0.14047    0.13879    0.37031    0.12864    0.13940    0.14304    0.14176    0.16322    0.25000    0.14891    0.10509    0.11032
   0.00000    0.38800    0.16022    0.13729    0.17857    0.39286    0.06056    0.15117    0.03571    0.15643    0.60113    0.12739    0.15869    0.13562    0.16343    0.15920    0.32143    0.15252    0.10771    0.08888
   0.04653    0.25641    0.08953    0.13586    0.25000    0.46429    0.12724    0.16205    0.10714    0.14836    0.25925    0.12596    0.11819    0.13511    0.15306    0.17394    0.39286    0.15233    0.09945    0.16613
   0.14238    0.21910    0.08003    0.13251    0.32143    0.53571    0.24387    0.15570    0.17857    0.07270    0.39009    0.12602    0.09966    0.13037    0.20791    0.16237    0.46429    0.15020    0.10564    0.12528
   0.00000    0.21901    0.10616    0.13063    0.39286    0.60714    0.14096    0.16002    0.25000    0.16560    0.37902    0.12545    0.13513    0.10810    0.16405    0.15061    0.53571    0.14587    0.10085    0.23835
   0.37997    0.17684    0.10189    0.13366    0.46429    0.67857    0.14541    0.15811    0.32143    0.19335    0.35958    0.12895    0.12241    0.14373    0.14103    0.15751    0.60714    0.15711    0.10078    0.13756
   0.04124    0.14275    0.07303    0.13475    0.53571    0.75000    0.11641    0.15837    0.39286    0.14215    0.37238    0.12786    0.12064    0.13871    0.17004    0.16380    0.67857    0.15144    0.10647    0.17980
   0.11163    0.09697    0.07625    0.13778    0.60714    0.82143    0.11368    0.16029    0.46429    0.19640    0.36493    0.12628    0.14635    0.13553    0.18892    0.15494    0.75000    0.15370    0.10594    0.23539
   0.09783    0.18174    0.08641    0.13297    0.67857    0.89286    0.12390    0.15000    0.53571    0.17000    0.41331    0.13382    0.14917    0.13721    0.17844    0.15002    0.82143    0.15420    0.10428    0.00000
   0.03260    0.17833    0.08483    0.13132    0.75000    0.96429    0.16381    0.15725    0.60714    0.41277    0.35751    0.13072    0.13855    0.14760    0.19204    0.15866    0.89286    0.14962    0.10564    0.11295
   0.16655    0.21180    0.08284    0.13409    0.82143    0.00000    0.12047    0.15304    0.67857    0.24225    0.36029    0.12193    0.14628    0.14135    0.18590    0.15953    0.96429    0.15055    0.10376    0.19673
   0.18956    0.22972    0.08099    0.13697    0.89286    0.00000    0.11315    0.15812    0.75000    0.19540    0.36022    0.12744    0.15534    0.12805    0.18315    0.16332    0.53422    0.15420    0.10524    0.14704
   0.09067    0.16304    0.07796    0.03571    0.96429    0.13483    0.14003    0.15869    0.82143    0.17999    0.33966    0.12759    0.13570    0.13642    0.18040    0.15870    0.00000    0.15033    0.10435    0.26958
   0.07027    0.16922    0.08037    0.10714    0.00000    0.16202    0.15517    0.15340    0.89286    0.17344    0.25445    0.12904    0.13363    0.14737    0.19277    0.15354    0.00000    0.15268    0.10294    0.16926
   0.15284    0.13884    0.07845    0.17857    0.00000    0.12306    0.13705    0.15403    0.96429    0.15516    0.12465    0.13014    0.14390    0.13856    0.17561    0.15428    0.00000    0.15168    0.03571    0.16666
   0.00000    0.13472    0.07408    0.25000    0.00000    0.16733    0.11735    0.15295    0.00000    0.28988    0.24200    0.12903    0.11996    0.13698    0.17971    0.15975    0.24852    0.15370    0.10714    0.19848
   0.05883    0.22436    0.07371    0.32143    0.00000    0.14267    0.14238    0.15523    0.00000    0.15619    0.21802    0.13211    0.14227    0.14986    0.17948    0.15861    0.17089    0.15262    0.17857    0.14374
   0.11141    0.12636    0.06285    0.39286    0.11275    0.18831    0.15325    0.15652    0.35893    0.18292    0.20825    0.12586    0.14276    0.13524    0.18108    0.16006    0.19411    0.15266    0.25000    0.15929
   0.10042    0.13920    0.06209    0.46429    0.15072    0.00000    0.15330    0.15405    0.18709    0.14379    0.19543    0.12733    0.14277    0.13538    0.18364    0.16226    0.17900    0.14995    0.32143    0.16264
   0.09731    0.13104    0.07881    0.53571    0.19668    0.00000    0.15803    0.15308    0.29826    0.14134    0.17925    0.12604    0.14706    0.13891    0.19051    0.15652    0.22426    0.15387    0.39286    0.17900
   0.12227    0.20237    0.07583    0.60714    0.18325    0.19664    0.13522    0.15527    0.31905    0.13439    0.20932    0.12860    0.14619    0.14717    0.18193    0.15799    0.17737    0.15465    0.46429    0.19191
   0.00000    0.09350    0.06801    0.67857    0.11839    0.15863    0.16187    0.15383    0.27672    0.14547    0.13577    0.12597    0.14575    0.03571    0.18007    0.16220    0.27293    0.15539    0.53571    0.14733
