   0.12500    0.29167    0.70833    0.70833    0.04167    0.95833    0.45833    0.20833    0.20833    0.95833    0.12500    0.20833    0.79167    0.20833    0.54167    0.87500    0.12500    0.95833    0.04167    0.04167
   0.37500    0.79167    0.62500    0.95833    0.37500    0.54167    0.95833    0.12500    0.87500    0.87500    0.20833    0.87500    0.62500    0.54167    0.37500    0.95833    0.20833    0.12500    0.87500    0.79167
   0.04167    0.45833    0.54167    0.79167    0.45833    0.79167    0.20833    0.29167    0.70833    0.29167    0.37500    0.29167    0.45833    0.70833    0.70833    0.79167    0.29167    0.54167    0.62500    0.12500
   0.20833    0.37500    0.79167    0.54167    0.29167    0.29167    0.62500    0.54167    0.45833    0.20833    0.29167    0.62500    0.04167    0.37500    0.04167    0.54167    0.62500    0.37500    0.79167    0.37500
   0.45833    0.95833    0.95833    0.12500    0.12500    0.87500    0.87500    0.37500    0.04167    0.62500    0.95833    0.45833    0.70833    0.87500    0.87500    0.62500    0.95833    0.70833    0.70833    0.45833
   0.70833    0.87500    0.12500    0.37500    0.20833    0.62500    0.70833    0.04167    0.37500    0.54167    0.45833    0.95833    0.87500    0.95833    0.79167    0.70833    0.54167    0.20833    0.45833    0.29167
   0.29167    0.12500    0.87500    0.62500    0.79167    0.37500    0.29167    0.95833    0.62500    0.45833    0.54167    0.04167    0.12500    0.04167    0.20833    0.29167    0.45833    0.79167    0.54167    0.70833
   0.54167    0.04167    0.04167    0.87500    0.87500    0.12500    0.12500    0.62500    0.95833    0.37500    0.04167    0.54167    0.29167    0.12500    0.12500    0.37500    0.04167    0.29167    0.29167    0.54167
   0.79167    0.62500    0.20833    0.45833    0.70833    0.70833    0.37500    0.45833    0.54167    0.79167    0.70833    0.37500    0.95833    0.62500    0.95833    0.45833    0.37500    0.62500    0.20833    0.62500
   0.95833    0.54167    0.45833    0.20833    0.54167    0.20833    0.79167    0.70833    0.29167    0.70833    0.62500    0.70833    0.54167    0.29167    0.29167    0.20833    0.70833    0.45833    0.37500    0.87500
   0.62500    0.20833    0.37500    0.04167    0.62500    0.45833    0.04167    0.87500    0.12500    0.12500    0.79167    0.12500    0.37500    0.45833    0.62500    0.04167    0.79167    0.87500    0.12500    0.20833
   0.87500    0.70833    0.29167    0.29167    0.95833    0.04167    0.54167    0.79167    0.79167    0.04167    0.87500    0.79167    0.20833    0.79167    0.45833    0.12500    0.87500    0.04167    0.95833    0.95833
   0.90775    0.91739    1.00000    0.15877    0.89514    0.63198    0.09158    0.62830    0.43664    1.00000    0.69757    0.55793    0.55725    0.77884    0.80000    0.46956    0.15743    0.98588    0.00000    0.00000
   0.73929    0.30050    0.62880    0.01418    0.66360    0.36001    0.32712    0.95771    0.48092    1.00000    0.40256    0.70564    0.52738    0.64602    0.76414    0.01870    0.19814    0.67119    0.58695    0.20423
   0.79104    0.52900    0.64922    0.34377    0.36503    0.05551    0.39315    0.62896    0.47899    1.00000    0.34575    0.60572    0.44912    0.57791    1.00000    0.39500    0.37307    0.48325    0.52041    0.27899
   0.57730    0.52425    0.60882    0.25560    0.48497    0.55442    0.11115    0.67154    0.39893    1.00000    0.00000    0.59174    0.40503    0.58706    0.73124    0.24761    0.25161    0.56778    0.44614    0.01493
   0.57915    0.62957    0.65056    0.07979    0.39780    0.45348    0.18757    0.72014    0.56403    1.00000    0.33209    0.66406    0.49852    0.57608    0.77594    0.12512    0.29644    0.43212    0.40679    0.39872
   0.56012    0.57124    0.63814    0.25682    0.43080    0.40046    0.29360    0.74237    0.37097    1.00000    0.35801    0.62937    0.53245    0.54182    0.70856    0.21945    0.27371    0.36312    0.35461    0.10171
   0.49626    0.56741    0.47712    0.09936    0.93840    0.37628    0.00000    0.59588    0.26792    1.00000    0.00000    0.50963    0.40058    0.50843    0.70712    0.00000    0.30571    0.41022    0.41436    0.22237
   0.59358    0.52846    0.30930    0.34176    0.42035    0.31692    0.08326    0.70187    0.40922    1.00000    0.31172    0.66141    0.45445    0.52955    0.81848    0.16682    0.20793    0.28511    0.37655    0.22547
   0.12562    0.54350    0.50607    0.21347    0.29219    0.34575    0.18094    0.73402    0.39215    1.00000    0.33929    0.63817    0.64124    0.48462    0.70001    0.40837    0.34938    0.46774    0.36353    0.20168
   0.53295    0.47036    0.48535    0.24629    0.53968    0.36187    0.25686    0.67858    0.39144    1.00000    0.35347    0.61734    0.51260    0.45056    0.60953    0.29995    0.29754    0.50939    0.40298    0.21642
   0.47475    0.71429    0.54952    0.21710    0.41211    0.37613    0.23455    0.68242    0.40162    1.00000    0.30325    0.60641    0.49649    0.43068    0.62691    0.28191    0.32425    0.39084    0.23975    0.22107
   0.50039    0.57191    0.49971    0.25287    0.43676    0.34687    0.27763    0.62148    0.40978    1.00000    0.65123    0.63562    0.49001    0.36200    0.23878    0.35399    0.25797    0.48700    0.40920    0.21393
   0.55238    0.61929    0.45613    0.28064    0.44025    0.34432    0.25945    0.64729    0.39773    1.00000    0.37053    0.60561    0.48873    0.48155    0.46107    0.29893    0.24460    0.53314    0.35553    0.21703
   0.44748    0.42466    0.45860    0.22104    0.38284    0.33573    0.37509    0.57833    0.39588    1.00000    0.33101    0.59964    0.48729    0.40108    0.43203    0.38210    0.29648    0.41708    0.38365    0.20750
   0.43344    0.58799    0.45892    0.41941    0.37106    0.33668    0.30579    0.49728    0.36933    1.00000    1.00000    0.58132    0.48097    0.39597    0.38991    0.27039    0.29528    0.39095    0.35790    0.22132
   0.29089    0.52189    0.48859    0.25471    0.35417    0.33053    0.29469    0.43827    0.38783    1.00000    0.18049    0.34445    0.52208    0.31224    0.31083    0.30476    0.28199    0.29750    0.33325    0.24836
   0.44716    0.57879    0.49538    0.23884    0.38965    0.32005    0.33719    0.51122    0.36921    1.00000    0.45312    0.09492    0.51350    0.37475    0.42247    0.28332    0.28928    0.36926    0.30701    0.21745
   0.40896    0.73532    0.48158    0.21671    0.33541    0.29533    0.28311    0.44727    0.48911    1.00000    0.22335    0.44574    0.46624    0.72384    0.35339    0.17346    0.27619    0.33163    0.32733    0.21618
   0.38486    0.55605    0.47193    0.23778    0.30931    0.26240    0.29443    0.43877    0.41791    1.00000    0.41776    0.32391    0.41661    0.42383    0.40873    0.50071    0.31458    0.37161    0.08232    0.21617
   0.39478    0.53118    0.41283    0.28133    0.36495    0.28784    0.27625    0.43465    0.39933    1.00000    0.30189    0.34895    0.38298    0.41232    0.37284    0.48696    0.30723    0.41451    0.23657    0.18765
   0.38738    0.55597    0.41386    0.20897    0.39030    0.29595    0.28842    0.35703    0.44579    1.00000    0.45384    0.40877    0.07854    0.36583    0.37012    0.37681    0.28728    0.36941    0.24157    0.21112
   0.40939    0.52142    0.36544    0.20994    0.36586    0.30048    0.28568    0.27994    0.41793    1.00000    0.38951    0.38648    0.36860    0.42528    0.40456    0.33898    0.27088    0.32030    0.32704    0.22554
   0.43777    0.48990    0.00000    0.24308    0.36171    0.25262    0.27216    0.00924    0.42684    0.97254    0.48055    0.35240    0.38044    0.37117    0.36438    0.36302    0.28120    0.30561    0.28359    0.17498
   0.45428    0.49678    0.35839    0.24946    0.30183    0.25406    0.27594    0.29898    0.45590    0.97157    0.32420    0.35479    0.41444    0.36725    0.38128    0.33324    0.27437    0.31160    0.27907    0.23224
   0.42640    0.51192    0.37434    0.22777    0.33286    0.29363    0.27299    0.34555    0.45227    1.00000    0.37719    0.35662    0.31118    0.36517    0.38411    0.37605    0.25554    0.34512    0.23133    0.31083
   0.37083    0.49855    0.28774    0.21633    0.33832    0.26326    0.28183    0.25465    0.36730    1.00000    0.33739    0.38909    0.31242    0.39531    0.39244    0.37335    0.59043    0.36510    0.26685    0.15536
   0.46215    0.49511    0.39650    0.23230    0.34456    0.27032    0.27571    0.29315    0.39630    0.94676    0.35736    0.30634    0.36205    0.34976    0.34702    0.36078    0.12877    0.29880    0.25942    0.23476
   0.33185    0.47679    0.37170    0.24895    0.34952    0.10887    0.27890    0.27419    0.33803    0.81569    0.35175    0.18947    0.40581    0.32644    0.33813    0.32550    0.41050    0.32808    0.35715    0.23776
   0.25046    0.46758    0.37962    0.22118    0.32432    0.25936    0.28585    0.25211    0.31392    0.92687    0.35859    0.30649    0.39540    0.36113    0.31632    0.35668    0.21352    0.31163    0.22078    0.24209
   0.33851    0.40324    0.38128    0.21409    0.31112    0.20745    0.28736    0.30964    0.26440    0.92651    0.34494    0.30106    0.28828    0.34684    0.33989    0.35972    0.26183    0.32036    0.50081    0.22201
   0.33949    0.27989    0.39267    0.23083    0.30018    0.28102    0.28737    0.27353    0.26102    0.87579    0.33811    0.30478    0.38856    0.17312    0.31658    0.33462    0.24243    0.31947    0.22588    0.38284
   0.32640    0.41316    0.36749    0.23001    0.32413    0.24905    0.30419    0.31334    0.29906    0.86518    0.33550    0.29496    0.42585    0.35908    0.37615    0.29604    0.23698    0.31260    0.26059    0.29265
   0.33810    0.39202    0.36134    0.22922    0.30279    0.25148    0.31331    0.29057    0.29196    0.87245    0.34016    0.29614    0.42261    0.34742    0.34788    0.33888    0.25061    0.28526    0.00000    0.25340
   0.32512    0.39955    0.34970    0.22248    0.25742    0.25593    0.30596    0.29634    0.29959    0.88069    0.33723    0.31730    0.36965    0.34446    0.36262    0.34676    0.24297    0.30777    0.15186    0.25594
   0.33722    0.37867    0.34529    0.22578    0.28129    0.26484    0.31827    0.28206    0.28982    0.87493    0.34822    0.26262    0.40613    0.33854    0.36580    0.32845    0.24638    0.31578    0.21541    0.24196
   0.35318    0.40262    0.33758    0.22568    0.31792    0.23080    0.30466    0.28999    0.26648    0.89055    0.33944    0.25490    0.38605    0.35463    0.32670    0.34553    0.10075    0.30677    0.22145    0.28810
   0.35130    0.34130    0.32848    0.21958    0.21607    0.23662    0.30412    0.29347    0.25686    0.89596    0.34069    0.29138    0.37545    0.34200    0.36944    0.32507    0.23696    0.31102    0.00082    0.25389
   0.38456    0.32664    0.18115    0.22613    0.32499    0.31483    0.29952    0.30160    0.24681    0.85588    0.34035    0.28661    0.38004    0.35273    0.35288    0.34774    0.19348    0.30619    0.42149    0.24471
   0.32516    0.31222    0.28652    0.95833    0.30950    0.26385    0.30975    0.29891    0.24036    0.84794    0.34791    0.29338    0.37067    0.34159    0.34881    0.32696    0.23868    0.25272    0.24645    0.23796
   0.34535    0.00000    0.32748    0.70833    0.28557    0.25787    0.30138    0.29255    0.65264    0.83033    0.35248    0.27524    0.40203    0.34512    0.48553    0.33493    0.24578    0.25816    0.26667    0.23603
   0.32340    0.27653    0.28408    0.54167    0.30152    0.25511    0.36899    0.29966    0.28171    0.84054    0.33869    0.27853    0.37109    0.35151    0.09189    0.33170    0.23201    0.30484    0.23471    0.23842
   0.27688    0.29172    0.31759    0.12500    0.28415    0.28448    0.32172    0.29302    0.30011    0.82514    0.38365    0.26931    0.38917    0.34437    0.54165    0.33282    0.23983    0.30059    0.27374    0.23734
   0.36152    0.29974    0.32035    0.20833    0.27348    0.26446    0.30144    0.30540    0.29957    0.78654    0.34515    0.28467    0.34438    0.34815    0.33748    0.32889    0.30856    0.30116    0.28476    0.79167
   0.35634    0.29849    0.32684    0.37500    0.31613    0.26129    0.31318    0.29798    0.30971    0.71983    0.33952    0.29006    0.33504    0.34786    0.14929    0.33888    0.23401    0.30837    0.28225    0.37500
   0.33771    0.31840    0.30318    0.62500    0.29541    0.27022    0.30695    0.29276    0.30757    0.68881    0.35221    0.26476    0.34370    0.34525    0.35715    0.32938    0.25361    0.31688    0.26620    0.29167
   0.33528    0.27023    0.31421    0.79167    0.30196    0.26496    0.30925    0.29396    0.31321    0.68021    0.33615    0.28107    0.34770    0.34609    0.35227    0.33480    0.22427    0.30292    0.24873    0.95833
   0.35729    0.31530    0.31178    0.87500    0.29835    0.25627    0.30753    0.30408    0.29510    0.21017    0.34737    0.26515    0.32365    0.34887    0.32966    0.32845    0.22982    0.30148    0.25289    0.12500
   0.34423    0.20311    0.31160    0.45833    0.28104    0.25176    0.30377    0.29499    0.31523    0.56576    0.34319    0.26907    0.31931    0.34355    0.32720    0.32708    0.23076    0.28406    0.24323    0.54167
   0.31713    0.32506    0.29417    0.29167    0.25303    0.26335    0.30570    0.29468    0.28876    0.55077    0.34405    0.26564    0.31545    0.34965    0.32955    0.32500    0.24734    0.31337    0.25739    0.45833
   0.30153    0.29056    0.31180    0.04167    0.24905    0.25513    0.30669    0.29341    0.28647    0.49971    0.04167    0.26447    0.30093    0.34663    0.23454    0.32910    0.24566    0.29662    0.25349    0.87500
   0.29506    0.27313    0.26998    0.46551    0.22150    0.25896    0.30583    0.29637    0.34110    0.48881    0.70833    0.26259    0.33458    0.34550    0.28165    0.32650    0.24839    0.28672    0.24969    0.04167
   0.25795    0.31698    0.29848    0.62370    0.22967    0.25950    0.30710    0.28891    0.26749    0.46772    0.54167    0.25458    0.32448    0.34725    0.32658    0.33027    0.24487    0.30496    0.26311    0.70833
   0.24668    0.28004    0.28824    0.22066    0.24274    0.25872    0.04167    0.28834    0.28544    0.36781    0.62500    0.25364    0.31649    0.34692    0.35082    0.32870    0.25384    0.27905    0.25333    0.62500
   0.20055    0.28373    0.28949    0.40251    0.27928    0.25225    0.87500    0.28689    0.35978    0.51331    0.79167    0.25365    0.32397    0.34586    0.31584    0.32849    0.24425    0.31794    0.26469    0.20833
   0.20618    0.29527    0.30114    0.34736    0.17072    0.26104    0.29167    0.28775    0.25281    0.46435    0.12500    0.23266    0.32815    0.34493    0.32658    0.32550    0.24582    0.31006    0.24341    0.36372
   0.21895    0.28700    0.26898    0.41899    0.17361    0.26455    0.62500    0.87500    0.30724    0.42488    0.87500    0.26973    0.31181    0.20833    0.33615    0.32663    0.23974    0.38029    0.26223    0.08032
   0.21101    0.26946    0.27096    0.46611    0.27265    0.25833    0.79167    0.70833    0.32286    0.37281    0.20833    0.26931    0.30451    0.29167    0.33073    0.32343    0.25464    0.32453    0.26165    0.40560
   0.23114    0.29259    0.26556    0.48175    0.24818    0.25438    0.45833    0.20833    0.32968    0.40237    0.37500    0.25897    0.31398    0.12500    0.32818    0.32685    0.24527    0.30501    0.27955    0.53704
   0.26297    0.28521    0.28715    0.40864    0.25066    0.25255    0.54167    0.04167    0.29833    0.44704    0.45833    0.25787    0.28522    0.54167    0.32011    0.32626    0.24889    0.29257    0.26001    0.73756
   0.24612    0.29537    0.28405    0.39196    0.26057    0.25593    0.20833    0.45833    0.30138    0.41878    0.29167    0.26219    0.30968    0.62500    0.34641    0.32728    0.25114    0.29086    0.26293    0.38339
   0.25050    0.28196    0.28398    0.34022    0.27206    0.25217    0.37500    0.62500    0.30159    0.45526    0.95833    0.26039    0.30795    0.95833    0.33261    0.45833    0.24689    0.28346    0.25848    0.37823
   0.25309    0.27635    0.28470    0.35982    0.23550    0.25168    0.70833    0.37500    0.28800    0.42850    1.00000    0.26080    0.30540    0.04167    0.33825    0.79167    0.24296    0.29876    0.26468    0.55042
   0.26771    0.28063    0.28021    0.28600    0.24991    0.25266    0.12500    0.54167    0.31081    0.41015    0.90954    0.25467    0.28865    0.37500    0.32613    0.95833    0.24757    0.30080    0.25869    0.38562
   0.27233    0.27797    0.28108    0.21061    0.24099    0.25434    0.95833    0.95833    0.29146    0.40609    0.78325    0.25263    0.30195    0.45833    0.32688    0.12500    0.24455    0.29654    0.25430    0.37490
   0.31570    0.27145    0.28279    0.25271    0.24207    0.25241    1.00000    0.79167    0.29429    0.38701    0.60529    0.25738    0.29986    0.87500    0.32514    0.37500    0.95833    0.30053    0.26134    0.35958
   0.28520    0.27414    0.27416    0.31991    0.23880    0.25346    1.00000    0.29167    0.28015    0.33263    0.83397    0.26182    0.30492    0.70833    0.32725    0.29167    0.29167    0.29870    0.26651    0.37972
   0.28091    0.27029    0.27580    0.28917    0.23383    0.25375    0.82194    0.12500    0.29023    0.29847    0.72014    0.25609    0.28560    0.79167    0.32294    0.70833    0.37500    0.30064    0.25649    0.27704
   0.26459    0.27435    0.28072    0.31961    0.24391    0.25576    0.79524    0.00000    0.26123    0.26892    0.75606    0.25272    0.30326    0.56237    0.32702    0.62500    0.45833    0.29700    0.26396    0.21433
   0.25395    0.27945    0.27576    0.32181    0.24277    0.25337    0.82547    0.33233    0.27737    0.32284    0.70576    0.25596    0.28440    0.51066    0.32245    0.87500    0.79167    0.29697    0.25944    0.32282
   0.27300    0.25734    0.28348    0.31378    0.24290    0.25490    0.86271    0.31516    0.27780    0.00000    0.78949    0.25571    0.30387    0.42203    0.32493    0.04167    0.12500    0.30173    0.25744    0.29933
   0.29249    0.27010    0.28514    0.23728    0.24376    0.25367    0.76917    0.00000    0.26118    0.22631    0.71768    0.79167    0.28358    0.35369    0.32118    0.20833    0.87500    0.29834    0.25208    0.33900
   0.21668    0.26342    0.27127    0.30101    0.23177    0.25403    0.58173    0.40374    0.25598    0.12407    0.81521    0.70833    0.30186    0.00000    0.32199    0.54167    0.20833    0.30079    0.25473    0.33491
   0.24742    0.28107    0.87500    0.32612    0.45833    0.79167    0.70609    0.28375    0.20866    0.30251    0.70622    0.87500    0.31393    0.47465    0.32157    0.01060    0.54167    0.29337    0.24976    0.28821
   0.24815    0.26896    0.29167    0.35297    0.87500    0.29167    0.70602    0.56107    0.26646    0.28285    0.69571    0.62500    0.30174    0.10027    0.29167    0.16505    0.62500    0.29723    0.25596    0.28264
   0.25332    0.27326    0.79167    0.25689    0.20833    0.54167    0.63345    0.46672    0.24290    0.27672    0.70713    0.54167    0.30369    0.27335    0.12500    0.00000    0.70833    0.29780    0.25650    0.30041
   0.25540    0.27181    0.54167    0.26452    0.29167    0.37500    0.64626    0.40729    0.23411    0.30826    0.71370    0.95833    0.29862    0.35463    0.79167    0.57358    0.04167    0.29588    0.25531    0.31098
   0.25116    0.27200    0.62500    0.25918    0.37500    0.12500    0.66633    0.44953    0.22646    0.27198    0.65976    0.04167    0.30710    0.33875    0.04167    0.26753    0.84327    0.29461    0.25432    0.30806
   0.24240    0.27515    0.04167    0.35297    0.04167    0.95833    0.69975    0.40352    0.23086    0.32376    0.89299    0.45833    0.29479    0.33927    0.45833    0.21248    1.00000    0.29625    0.25310    0.28070
   0.25343    0.27223    0.95833    0.25867    0.95833    0.04167    0.65520    0.35272    0.22894    0.28588    0.65905    0.37500    0.29333    0.83082    0.62500    0.23062    0.86939    0.29789    0.25237    0.29691
   0.24785    0.27002    0.37500    0.29988    0.62500    0.87500    0.64989    0.41142    0.22740    0.27214    0.75731    0.12500    0.29643    0.12530    0.37500    0.04857    0.84034    0.29721    0.25747    0.30304
   0.25964    0.27512    0.45833    0.25898    0.70833    0.62500    0.67639    0.40472    0.23345    0.27360    0.64177    0.29167    0.29025    0.32169    0.54167    0.24723    0.81028    0.29719    0.25682    0.32269
   0.21430    0.27274    0.20833    0.29858    0.79167    0.45833    0.67769    0.41878    0.23977    0.29104    0.68934    0.20833    0.29786    0.38817    0.95833    0.27477    0.76287    0.29703    0.45833    0.32231
   0.19055    0.27473    0.70833    0.26552    0.12500    0.70833    0.66199    0.52447    0.20442    0.27547    0.61126    0.02687    0.29498    0.38056    0.20833    0.25963    0.71763    0.29765    0.87500    0.29694
   0.22356    0.27342    0.12500    0.28355    0.54167    0.20833    0.65939    0.41241    0.23400    0.26126    0.60909    0.62795    0.28798    0.36466    0.87500    0.28293    0.69935    0.79167    0.37500    0.27291
   0.24928    0.27182    1.00000    0.27563    0.68824    0.87161    0.65652    0.36089    0.22470    0.28248    0.55904    1.00000    0.27019    0.35781    0.70833    0.21946    0.74653    0.54167    0.29167    0.29987
   0.22831    0.79167    0.76834    0.29837    0.29928    1.00000    0.66679    0.34252    0.23442    0.29010    0.27630    0.70077    0.25297    0.36920    0.56217    0.28982    0.69937    0.29167    0.04167    0.30101
   0.22134    0.45833    0.81727    0.26639    0.41776    0.92753    0.66680    0.26807    0.24471    0.26087    0.00000    0.57216    0.28348    0.31232    0.54710    0.25425    0.60921    0.95833    0.20833    0.29004
   0.22044    0.12500    0.77118    0.28442    0.37647    0.92032    0.62311    0.31929    0.22727    0.26584    0.28773    0.68600    0.27512    0.45169    0.64350    0.26744    0.19244    0.87500    0.79167    0.27433
   0.21628    0.95833    0.56275    0.28850    0.35342    1.00000    0.39752    0.31094    0.23993    0.25557    0.33384    0.60309    0.27535    0.37096    0.53821    0.30136    0.54814    0.37500    0.95833    0.25531
   0.22328    0.62500    0.35777    0.45544    0.27923    0.81697    0.59861    0.32667    0.23396    0.28696    0.29127    0.37588    0.27024    0.40317    0.65123    0.28511    0.66354    0.62500    0.70833    0.07155
   0.24320    0.29167    0.66801    0.23530    0.31953    0.82941    0.59958    0.13772    0.24136    0.27392    0.27379    0.49929    0.27572    0.35192    0.90889    0.26971    0.61310    0.12500    0.62500    0.29786
   0.21062    0.70833    0.67485    0.69361    0.33633    0.83706    0.59514    0.28015    0.21824    0.27770    0.37017    0.40674    0.27237    0.32355    0.55871    0.28711    0.68955    0.04167    0.12500    0.25316
   0.23928    0.37500    1.00000    0.40890    0.26356    0.82959    0.58090    1.00000    0.24974    0.27938    0.28913    0.48738    0.27481    0.25665    0.55515    0.26545    0.61910    0.70833    0.54167    0.18853
   0.23378    0.04167    0.62882    0.32751    0.21359    0.91784    0.58965    0.30466    0.23719    0.79167    0.27543    0.45168    0.26459    0.38090    0.57296    0.26088    0.68402    0.45833    0.59243    0.29014
   0.23149    0.87500    0.62327    0.51902    0.22860    0.78730    0.60838    0.28409    0.24453    0.54167    0.27451    0.48930    0.27381    0.35878    0.54195    0.26351    0.59916    0.20833    0.41262    0.26394
   0.22561    0.54167    0.68442    0.31481    0.34147    0.76270    0.60046    0.34893    0.29167    0.70833    0.25604    0.50707    0.27014    0.37695    0.42544    0.26699    0.56558    1.00000    0.45364    0.22508
   0.23669    0.20833    0.59251    0.33493    0.27902    0.70259    0.59201    0.28234    0.54167    0.04167    0.30231    0.50033    0.27235    0.40318    0.30259    0.26335    0.49620    0.69966    0.51950    0.28622
   0.19880    0.72425    0.58903    0.32037    0.30810    0.55654    0.58062    0.32753    0.37500    0.12500    0.27999    0.44665    0.26657    0.37528    0.34299    0.24695    0.62547    0.80000    0.48717    0.26124
   0.22772    0.31321    0.53113    0.33444    0.31211    0.45050    0.48915    0.28572    0.79167    0.37500    0.28679    0.45940    0.27230    0.42253    0.23634    0.25905    0.56570    0.68006    0.62996    0.27122
   0.23086    1.00000    0.45048    0.25707    0.29676    0.07252    0.13656    0.30422    0.95833    0.62500    0.29303    0.40201    0.26581    0.35365    0.31060    0.25769    0.59919    0.76713    0.60776    0.27954
   0.22830    0.72128    0.42916    0.30322    0.24462    0.40188    0.39661    0.31644    0.12500    0.87500    0.27923    0.42255    0.27077    0.32684    0.23975    0.26381    0.49891    0.86823    0.59410    0.27336
   0.23225    0.69563    0.47119    0.34130    0.20049    0.40540    0.50654    0.34530    0.87500    0.95833    0.31241    0.35348    0.79167    0.37278    0.30272    0.25812    0.54066    0.79659    0.49868    0.27781
   0.22615    0.71390    0.46636    0.28929    0.23486    0.39922    0.18128    0.31109    0.04167    0.29167    0.27605    0.46980    0.04167    0.35796    0.33578    0.27324    0.52511    0.73037    0.38982    0.27446
   0.23233    0.60404    0.42465    0.31002    0.24636    0.46052    0.51131    0.31898    0.20833    0.45833    0.31592    0.47131    0.37500    0.35826    0.29994    0.25474    0.52319    0.71088    0.51125    0.27763
   0.22405    0.58469    0.30373    0.34196    0.18926    0.37209    0.50168    0.27476    0.62500    0.20833    0.30618    0.39147    0.54167    0.34467    0.34624    0.24845    0.49068    0.72418    0.44635    0.27060
   0.23292    0.50511    0.00000    0.30041    0.13516    0.41596    0.48475    0.30556    0.45833    0.83884    0.28697    0.41314    0.87500    0.35177    0.28510    0.23026    0.43686    0.70021    0.41147    0.23471
   0.23158    0.52648    0.27847    0.32376    0.21752    0.37431    0.48883    0.30459    0.70833    0.83312    0.28391    0.42822    0.29167    0.35277    0.32558    0.25168    0.33248    0.72163    0.41230    0.27450
   0.22384    0.51931    0.30407    0.31684    0.20686    0.31224    0.48372    0.32107    0.42397    0.77505    0.30195    0.42531    0.70833    0.34571    0.32274    0.24462    0.39222    0.68256    0.37767    0.27729
   0.22993    0.54026    0.28866    0.31676    0.20594    0.31435    0.49428    0.29850    0.32587    0.74872    0.29874    0.41458    0.12500    0.36133    0.31579    0.23871    0.42125    0.69839    0.40754    0.26767
   0.22020    0.00000    0.30834    0.32583    0.19952    0.23162    0.48439    0.31814    0.57643    0.64860    0.29695    0.40954    0.45833    0.34886    0.30463    0.24698    0.36260    0.69812    0.45618    0.26257
   0.22723    0.42350    0.27805    0.30663    0.21928    0.36571    0.46781    0.30781    0.94712    0.62531    0.28088    0.44129    0.62500    0.95833    0.31724    0.23429    0.24150    0.66363    0.42729    0.26111
   0.22518    0.35995    0.28053    0.31652    0.20466    0.32863    0.45001    0.30705    0.59266    0.59420    0.29911    0.40017    0.95833    0.20833    0.30799    0.16961    0.35561    0.58030    0.39434    0.26471
   0.22794    0.33502    0.26538    0.31986    0.13979    0.34646    0.45663    0.30545    0.52773    0.53934    0.28461    0.38955    0.20833    0.29167    0.29965    0.23803    0.39763    0.47672    0.37387    0.28890
   0.22540    0.31853    0.29440    0.32140    0.17731    0.12340    0.44349    0.29391    0.52612    0.56420    0.30314    0.62054    1.00000    0.37500    0.30346    0.24624    0.37309    0.57289    0.39208    0.27625
   0.22475    0.25776    0.26175    0.32653    0.27351    0.40361    0.44337    0.29057    0.52642    0.59642    0.28997    0.37669    1.00000    0.54167    0.28802    0.23440    0.40910    0.62960    0.33330    0.26819
   0.22419    0.28483    0.28988    0.31978    0.19884    0.37710    0.43265    0.28237    0.53874    0.79977    0.29080    0.27664    0.63482    0.12500    0.28566    0.22794    0.36093    0.64057    0.26849    0.27365
   0.22967    0.21451    0.30455    0.22864    0.22414    0.31004    1.00000    0.25565    0.47240    0.60579    0.28469    0.38582    0.51492    0.87500    0.29744    0.22902    0.38121    0.58666    0.37705    0.27353
   0.04167    0.20871    0.23088    0.30527    0.20188    0.33174    0.75607    0.37934    0.44862    0.93361    0.28998    0.36027    0.65304    0.45833    0.34762    0.23124    0.37667    0.53111    0.34535    0.26782
   0.12500    0.20442    0.26312    0.29946    0.20706    0.34165    0.37687    0.19827    0.42210    0.55107    0.29479    0.34201    0.77100    0.62500    0.26503    0.22921    0.39113    0.59446    0.32998    0.26637
   0.45833    0.21593    0.26526    0.30470    0.19934    0.35700    0.34574    0.23667    0.36514    0.62194    0.29521    0.34328    0.56759    0.70833    0.26343    0.23211    0.42246    0.59726    0.32418    0.26391
   0.79167    0.17524    0.25158    0.31121    0.21087    0.33085    0.36615    0.29649    0.02295    0.62385    0.29074    0.34323    0.54544    0.79167    0.26130    0.22984    0.40013    0.57632    0.32047    0.25931
   0.29167    0.27890    0.23816    0.30902    0.21433    0.34396    0.32922    0.25689    0.23624    0.77863    0.29010    0.38122    0.59530    0.04167    0.27537    0.22868    0.37761    0.58258    0.35564    0.26429
   0.37500    0.22514    0.23253    0.31383    0.20861    0.32903    0.35038    0.24754    0.31376    0.64826    0.29136    0.35360    0.50385    0.40952    0.22434    0.23194    0.40141    0.58228    0.32986    0.26770
   0.62500    0.23022    0.24226    0.31872    0.19777    0.33854    0.31593    0.26261    0.29143    0.59287    0.29188    0.36701    0.54501    0.39992    0.25483    0.23077    0.35828    0.58148    0.35570    0.26977
   0.70833    0.27843    0.23574    0.31448    0.20172    0.33123    0.34483    0.26049    0.32241    0.31434    0.28944    0.36740    0.54482    0.42028    0.24994    0.22294    0.32303    0.57963    0.33305    0.95833
   0.20833    0.23956    0.23474    0.31669    0.19910    0.34020    0.31714    0.24373    0.32245    0.06623    0.70833    0.34739    0.60312    0.24681    0.24973    0.23530    0.30862    0.57702    0.32005    0.20833
   0.54167    0.22483    0.23533    0.31086    0.19183    0.34759    0.31541    0.23479    0.34866    0.34555    0.79167    0.34839    0.47535    0.30465    0.24113    0.23182    0.32676    0.60069    0.32011    0.62500
   0.87500    0.24765    0.21475    0.31343    0.19601    0.34717    0.33729    0.25559    0.31881    0.35918    0.95833    0.35641    0.37618    0.32644    0.22934    0.23207    0.31510    0.50238    0.32491    0.54167
   0.95833    0.22311    0.23786    0.31431    0.20299    0.33729    0.33540    0.25164    0.27726    0.31061    0.87500    0.35404    0.46709    0.36500    0.22035    0.23101    0.29265    0.43494    0.31791    0.70833
   1.00000    0.22090    0.24622    0.31047    0.19293    0.33181    0.29609    0.24570    0.29628    0.28687    0.54167    0.33955    0.51079    0.29426    0.00000    0.23139    0.32453    0.15999    0.30831    0.87500
   0.95350    0.22554    0.24176    0.31459    0.21276    0.33555    0.38062    0.25928    0.34781    0.32430    0.37500    0.35708    0.46256    0.27884    0.20486    0.45833    0.25188    0.41691    0.33395    0.12500
   0.69440    0.11837    0.24658    0.31457    0.19457    0.34040    0.26142    0.25674    0.29288    0.28189    0.62500    0.34379    0.45839    0.34850    0.21496    0.62500    0.32589    0.43389    0.30365    0.29167
   0.86766    0.23413    0.23763    0.31579    0.19433    0.34187    0.38634    0.24985    0.27842    0.23439    0.45833    0.35740    0.49691    0.30057    0.23226    0.29167    0.30882    0.42976    0.32940    0.45833
   0.77974    0.21153    0.23393    0.29167    0.19728    0.34156    0.32661    0.25628    0.30017    0.26766    0.12500    0.34501    0.49018    0.21811    0.21368    0.20833    0.28245    0.42496    0.28374    0.37500
   0.75116    0.22471    0.24479    0.79167    0.20106    0.33762    0.00000    0.25808    0.28342    0.27999    0.04167    0.34227    0.45531    0.73666    0.23097    0.12500    0.36183    0.41868    0.32633    0.79167
   0.94930    0.21723    0.23486    0.95833    0.19833    0.33346    0.37229    0.25397    0.30432    0.25981    0.20833    0.33042    0.44071    0.26577    0.24426    0.04167    0.15972    0.39092    0.32654    0.04167
   0.92241    0.22629    0.23536    0.37500    0.19979    0.33472    0.35086    0.25651    0.30316    0.27227    0.29167    0.33277    0.40602    0.13655    0.22623    0.95833    0.29461    0.42279    0.31590    0.97647
   1.00000    0.22666    0.23818    0.87500    0.19799    0.33351    0.33782    0.25751    0.30883    0.25540    0.17547    0.33720    0.29086    0.31516    0.21536    0.87500    0.29613    0.41264    0.31205    0.71788
   1.00000    0.21952    0.23804    0.54167    0.19917    0.33526    0.32807    0.25276    0.28518    0.25266    0.44523    0.33249    0.19844    0.00000    0.22982    0.79167    0.31611    0.42447    0.30650    0.57763
   1.00000    0.23855    0.23663    0.45833    0.19783    0.33738    0.32720    0.25625    0.29758    0.23432    0.66839    0.31115    0.30092    0.21273    0.22472    0.70833    0.31893    0.41097    0.31384    0.33133
   0.89345    0.23480    0.23758    0.12500    0.19585    0.33503    0.32786    0.25258    0.29351    0.25401    0.64756    0.28838    0.31471    0.29868    0.22690    0.37500    0.27654    0.41780    0.31293    0.38874
   0.97802    0.20543    0.23738    0.62500    0.19965    0.33722    0.32914    0.26105    0.28271    0.24306    0.65026    0.22754    0.27919    0.23978    0.22716    0.54167    0.26009    0.42658    0.31768    0.15163
   0.85067    0.22153    0.24937    0.04167    0.12500    0.33223    0.33474    0.25759    0.25353    0.26989    0.68974    0.29036    0.26849    0.22949    0.22226    0.19826    0.27704    0.40589    0.30995    0.43541
   0.82708    0.23160    0.24946    0.20833    0.04167    0.33176    0.32522    0.26910    0.27511    0.27291    0.60612    0.28432    0.25448    0.23448    0.22221    0.32153    0.29646    0.40086    0.31003    0.35607
   0.83987    0.22895    0.25022    0.70833    0.29167    0.32909    0.33093    0.26222    0.27142    0.25892    0.62168    0.29693    0.17766    0.00000    0.23620    0.28643    0.28875    0.33306    0.30586    0.40181
   0.87093    0.22583    0.24369    1.00000    0.79167    0.33251    0.33223    0.25361    0.26712    0.25505    0.68053    0.29198    0.35473    0.26538    0.22676    0.32812    0.29015    0.13798    0.30662    0.33674
   0.80852    0.22371    0.25720    1.00000    0.37500    0.33172    0.33017    0.25411    0.29428    0.25577    0.61437    0.29015    0.30645    0.23769    0.37500    0.30107    0.29389    0.33895    0.30503    0.31456
   0.78476    0.22941    0.26225    0.76210    0.45833    0.32605    0.20833    0.26293    0.27706    0.20163    0.69339    0.29935    0.29957    0.27336    0.54167    0.14567    0.28943    0.31939    0.30626    0.34675
   0.79201    0.22447    0.28092    0.78392    0.54167    0.33009    0.62500    0.29167    0.25937    0.24975    0.63414    0.27823    0.27589    0.22337    0.79167    0.33540    0.29283    0.29041    0.30463    0.37694
   0.76721    0.22452    0.29726    0.82851    0.62500    0.33157    0.29167    0.54167    0.24671    0.23103    0.69946    0.28812    0.27790    0.21345    0.29167    0.00000    0.29219    0.26226    0.30449    0.37479
   0.54444    0.23026    0.32038    0.82569    0.20833    0.32710    0.12500    0.20833    0.26439    0.23914    0.58175    0.30353    0.27327    0.22297    0.95833    0.27879    0.28653    0.25349    0.30547    0.35382
   0.09845    0.22259    0.29943    0.71608    0.70833    0.33004    0.04167    0.12500    0.25202    0.26464    0.62496    0.29748    0.25860    0.21640    0.12500    0.24777    0.30220    0.25610    0.30216    0.33501
   0.49145    0.22900    0.29223    0.73697    0.95833    0.33027    0.54167    0.37500    0.23681    0.26100    0.66241    0.29293    0.26007    0.19900    0.87500    0.26658    0.27324    0.28153    0.30007    0.32737
   0.56250    0.22709    0.29168    0.73648    0.87500    0.32922    0.45833    0.95833    0.27379    0.26269    0.32466    0.29155    0.24333    0.23498    0.04167    0.27370    0.27873    0.21493    0.29600    0.31091
   0.44246    0.22836    0.29244    0.64150    0.00000    0.32900    0.95833    0.04167    0.44258    0.20972    0.56559    0.29691    0.00000    0.23058    0.70833    0.28392    0.28577    0.30635    0.29346    0.34869
   0.54458    0.22533    0.29188    0.63476    0.37059    0.32920    0.87500    0.62500    0.27476    0.24352    0.53930    0.29278    0.24475    0.22461    0.20833    0.28128    0.26639    0.28063    0.29221    0.31745
   0.49455    0.22530    0.29834    0.64503    0.29868    0.32798    0.70833    0.87500    0.24740    0.24189    0.47729    0.29416    0.23558    0.21421    0.45833    0.29937    0.27685    0.27399    0.29368    0.34752
   0.47152    0.22708    0.29659    0.97251    0.15422    0.32230    0.37500    0.79167    0.26811    0.24338    0.36804    0.29533    0.25127    0.23593    0.62500    0.24241    0.26276    0.25399    0.29511    0.35568
   0.49015    0.22666    0.29135    0.61455    0.30705    0.30490    0.79167    0.45833    0.29096    0.23711    0.50766    0.29985    0.24571    0.23392    1.00000    0.28009    0.27399    0.27289    0.29776    0.32417
   0.45828    0.22721    0.29540    0.32201    0.22069    0.32250    0.89440    0.70833    0.26119    0.24782    0.52263    0.29606    0.21664    0.22313    0.72829    0.27519    0.27010    0.02977    0.37500    0.33709
   0.45439    0.22628    0.29694    0.65642    0.26371    0.31913    0.70064    0.54906    0.25323    0.24069    0.45393    0.30721    0.28081    0.23637    0.65336    0.24009    0.26429    0.27839    0.79167    0.31821
   0.40934    0.22644    0.28439    0.63331    0.00000    0.31749    0.62276    0.37264    0.26482    0.24536    0.70573    0.28697    0.28163    0.22655    0.77865    0.26762    0.54167    0.31757    0.70833    0.32151
   0.35913    0.22754    0.27589    0.63653    0.29018    0.30741    0.52007    0.26469    0.25571    0.25400    0.51116    0.30465    0.27219    0.23092    0.72391    0.54949    0.20833    0.30671    0.54167    0.29452
   0.39858    0.20833    0.27583    0.61843    0.28989    0.31986    0.48852    0.23399    0.26409    0.24489    0.47035    0.29153    0.25951    0.23516    0.75432    0.22994    0.37500    0.25903    0.04167    0.33168
   0.37382    0.70833    0.27975    0.57208    0.55860    0.29613    0.38309    0.45987    0.26177    0.28276    0.46564    0.29588    0.24640    0.24195    0.70208    0.41381    0.87500    0.27554    0.12500    0.31924
   0.40743    0.87500    0.27686    0.56911    0.17800    0.31751    0.25863    0.32312    0.26345    0.25083    0.43728    0.29684    0.28449    0.21948    0.66183    0.28740    0.29167    0.28000    0.87500    0.31441
   0.38393    0.54167    0.27325    0.61551    0.11967    0.32062    0.41756    0.29970    0.25222    0.24492    0.39892    0.29766    0.27148    0.22666    0.68709    0.29827    0.95833    0.29768    0.95833    0.29587
   0.35763    0.37500    0.12500    0.63198    0.21556    0.20833    0.46609    0.26420    0.26646    0.24453    0.46706    0.29796    0.27039    0.23872    0.65207    0.25862    0.04167    0.27667    0.45833    0.30692
   0.30822    0.95833    0.79167    0.61521    0.18850    0.62500    0.42789    0.35361    0.25670    0.23892    0.32027    0.29957    0.27655    0.23312    0.70421    0.26261    0.70833    0.27199    0.29167    0.31681
   0.31989    0.04167    0.62500    0.54813    0.19823    0.04167    0.41508    0.31863    0.25814    0.18924    0.45697    0.54167    0.26839    0.24380    0.51537    0.23546    0.12500    0.27670    0.20833    0.31630
   0.34423    0.62500    0.29167    0.29171    0.19695    0.87500    0.40182    0.30198    0.25483    0.23572    0.46285    0.87500    0.26320    0.23549    0.64651    0.00429    0.62500    0.27722    0.62500    0.32371
   0.35608    0.45833    0.45833    0.00000    0.22299    0.29167    0.35408    0.32725    0.25564    0.24628    0.47069    0.04167    0.26840    0.23337    0.58604    0.19942    0.79167    0.27976    1.00000    0.31355
   0.39154    0.12500    0.04167    0.30132    0.21654    0.45833    0.38438    0.32212    0.26486    0.21513    0.46335    0.29167    0.26857    0.23633    0.47059    0.28321    0.45833    0.27105    0.91892    0.31125
   0.35090    0.29167    0.95833    0.34522    0.19802    0.54167    0.41117    0.29967    0.26347    0.24177    0.46299    0.79167    0.26803    0.23492    0.17983    0.64862    0.96673    0.28899    1.00000    0.31601
   0.33999    0.79167    0.54167    0.29903    0.20743    0.70833    0.38585    0.30040    0.25860    0.70833    0.48276    0.62500    0.27265    0.23417    0.42162    0.26926    0.64938    0.28132    0.84331    0.31203
   0.37286    0.36130    0.70833    0.04258    0.19785    0.12500    0.31502    0.28448    0.26048    0.62500    0.46432    0.37500    0.27290    0.23544    0.46304    0.32556    0.64330    0.27330    0.90311    0.30988
   0.35792    0.27135    0.37500    0.32341    0.21083    0.95833    0.00000    0.28527    0.25656    0.95833    0.43100    0.20833    0.26467    0.23399    0.36063    0.70343    0.60867    0.28218    0.90674    0.30858
   0.34837    0.52124    0.20833    0.27179    0.21890    0.37500    0.17044    0.24141    0.26211    0.20833    0.46844    0.70833    0.27370    0.23503    0.36663    0.26668    0.60335    0.28239    0.87294    0.31065
   0.34459    0.45593    0.87500    0.15966    0.20669    0.79167    0.35679    0.15364    0.25994    0.54167    0.45050    0.95833    0.27035    0.23321    0.37902    0.00000    0.65847    0.28093    0.74333    0.31079
   0.36093    0.38462    0.29016    0.50957    0.20530    0.41500    0.31601    0.23309    0.25740    0.12500    0.47630    0.12500    0.70833    0.23250    0.43295    0.25633    0.54386    0.27896    0.84496    0.31188
   0.36238    0.39087    0.00000    0.32895    0.19561    0.38851    0.28278    0.25379    0.25819    0.87500    0.45766    0.45833    0.95833    0.23352    0.23459    0.24092    0.61247    0.28166    0.78144    0.30969
   0.35549    0.40915    0.00000    0.28921    0.21459    0.20419    0.31043    0.25904    0.25997    0.45833    0.42863    1.00000    0.20833    0.04167    0.41144    0.23328    0.57218    0.28180    0.57391    0.31139
   0.35283    0.37038    0.16486    0.30617    0.17835    0.27686    0.29833    0.23903    0.25685    0.79167    0.43235    1.00000    0.54167    0.79167    0.36335    0.25580    0.31538    0.28221    0.65224    0.31060
   0.34422    0.42562    0.08431    0.27443    0.20540    0.34141    0.32704    0.24393    0.25917    0.04167    0.44910    1.00000    0.62500    0.70833    0.36137    0.22118    0.36427    0.28456    0.72782    0.79167
   0.36160    0.35518    0.10456    0.30426    0.19643    0.27509    0.31309    0.27272    0.25833    0.37500    0.40882    1.00000    0.87500    0.87500    0.39861    0.22846    0.33460    0.28234    0.62121    0.54167
   0.34800    0.38636    0.29636    0.28149    0.20951    0.23887    0.30930    0.27707    0.62500    0.29167    0.40336    0.81869    0.12500    0.45833    0.36598    0.22938    0.57306    0.27997    0.52596    0.04167
   0.37967    0.35907    0.11691    0.28350    0.21088    0.24055    0.29202    0.24188    0.54167    0.94033    0.40693    0.79419    0.37500    0.62500    0.39638    0.21841    0.40494    0.28681    0.42963    0.29167
   0.33916    0.43452    0.15675    0.28814    0.19648    0.25172    0.31145    0.28007    0.95833    0.61360    0.39117    0.86539    0.45833    0.37500    0.38832    0.22943    0.30503    0.62500    0.43195    0.62500
   0.32499    0.42763    0.17139    0.27506    0.19024    0.28405    0.27217    0.24923    0.12500    0.59881    0.38484    0.82125    0.79167    0.54167    0.38756    0.23211    0.35454    0.95833    0.38588    0.87500
   0.33705    0.47294    0.10910    0.25905    0.19687    0.00000    0.22537    0.22637    0.20833    0.55774    0.41468    0.76431    0.04167    0.12500    0.37589    0.23781    0.32491    0.45833    0.27982    0.12500
   0.33199    0.38684    0.12175    0.27053    0.20741    0.16601    0.26819    0.25980    0.70833    0.75446    0.37340    0.87025    0.29167    0.29167    0.40196    0.22911    0.00000    0.12500    0.48523    0.37500
   0.37077    0.28034    0.10334    0.27854    0.19462    0.38509    0.28360    0.25756    0.29167    0.64602    0.40176    1.00000    0.28672    0.20833    0.39833    0.22977    0.35848    0.29167    0.35800    0.70833
   0.30992    0.04408    0.13932    0.26817    0.19825    0.24123    0.28191    0.24162    0.79167    0.75343    0.39883    0.88932    0.58301    0.95833    0.36603    0.23020    0.27589    0.79167    0.37651    0.95833
   0.31630    0.34730    0.13544    0.26940    0.19036    0.25917    0.28537    0.25111    0.87500    0.52593    0.39219    0.87230    0.35560    1.00000    0.33888    0.22466    0.24996    0.20833    0.35556    0.45833
   0.31170    0.25085    0.12538    0.28081    0.17796    0.22848    0.24628    0.24960    0.04167    0.50451    0.39811    0.74909    0.29003    0.98166    0.28898    0.22487    0.26510    0.70833    0.37592    0.20833
   0.31638    0.28235    0.13585    0.28149    0.13835    0.22561    0.26272    0.23783    0.45833    0.56377    0.37985    0.78079    0.11617    0.72268    0.30654    0.24045    0.25870    0.87500    0.36603    0.81684
   0.31666    0.29594    0.15241    0.25724    0.20247    0.23306    0.27367    0.23740    0.37500    0.53646    0.36120    0.81978    0.39807    0.72424    0.23347    0.23129    0.01111    0.54167    0.38768    0.16967
   0.32032    0.24248    0.18035    0.26602    0.19765    0.27821    0.25183    0.18676    0.75485    0.49254    0.35694    0.78632    0.30967    0.68242    0.24400    0.23228    0.29453    0.04167    0.36759    0.56750
   0.29268    0.32610    0.33134    0.26877    0.20201    0.22838    0.21843    0.24840    0.64697    0.47336    0.32292    0.88558    0.23791    0.67287    0.24259    0.22428    0.26765    0.37500    0.33909    0.56792
   0.30781    0.32430    0.21718    0.26746    0.20132    0.22368    0.25152    0.23895    0.54219    0.04867    0.32149    0.78728    0.31940    0.64964    0.25018    0.23258    0.26650    0.85513    0.31847    0.62135
   0.29624    0.01625    0.19476    0.26141    0.19840    0.52003    0.26318    0.24031    0.51754    0.42142    0.30758    1.00000    0.30879    0.53452    0.26151    0.22387    0.26389    0.15894    0.35789    0.45101
   0.30405    0.17557    0.20138    0.26231    0.19783    0.22087    0.22160    0.24058    0.51918    0.39754    0.32284    0.86509    0.21534    0.61030    0.23696    0.22196    0.23138    0.48941    0.34700    0.42113
   0.29477    0.27608    0.20721    0.26666    0.19355    0.25593    0.25497    0.24044    0.45858    0.40968    0.35888    1.00000    0.31904    0.23198    0.31856    0.21973    0.25871    0.50370    0.35740    0.35205
   0.29909    0.25461    0.20245    0.27208    0.19393    0.41634    0.25352    0.24354    0.37995    0.36821    0.32712    0.80692    0.26961    0.39793    0.22490    0.22792    0.25110    0.50007    0.33733    0.17006
   0.31440    0.24841    0.18206    0.26434    0.19699    0.25783    0.26475    0.24354    0.28059    0.37091    0.32230    0.85324    0.34110    0.42605    0.28076    0.23050    0.25988    1.00000    0.35062    0.39166
   0.29730    0.30930    0.30205    0.26583    0.19420    0.19261    0.26271    0.24674    0.45203    0.36356    0.34260    0.83014    0.32152    0.34496    0.25316    0.22816    0.26003    0.46799    0.34178    0.34070
   0.30133    0.27086    0.41692    0.26401    0.19466    0.21842    0.25975    0.23799    0.27541    0.31509    0.34238    0.92740    0.29191    0.16687    0.28218    0.22786    0.27050    0.35869    0.33712    0.34818
   0.31169    0.25980    0.24414    0.26872    0.19614    0.22871    0.27150    0.23607    0.44497    0.37842    0.31139    0.87867    0.38330    0.32876    0.26080    0.22839    0.25884    0.53816    0.35534    0.31555
   0.30325    0.26784    0.27538    0.26789    0.19581    0.23645    0.25367    0.23701    0.41847    0.42465    0.32518    0.90791    0.33473    0.31378    0.23999    0.22738    0.25338    0.31832    0.34363    0.28170
   0.30752    0.26627    0.23181    0.26585    0.19459    0.23702    0.25470    0.24454    0.36906    0.33539    0.31209    0.94759    0.37877    0.38801    0.23497    0.23023    0.26116    0.60739    0.34678    0.11582
   0.30277    0.24208    0.18065    0.26761    0.19509    0.22170    0.26029    0.23803    0.35666    0.30054    0.30720    0.87954    0.34074    0.29838    0.25888    0.23153    0.25489    0.56937    0.33928    0.37387
   0.30787    0.23893    0.22908    0.87500    0.19508    0.23935    0.25072    0.23292    0.19518    0.31343    0.09408    0.83307    0.41890    0.25235    0.25912    0.22848    0.25348    0.54662    0.34023    0.23014
   0.29932    0.20876    0.19909    0.62500    0.29167    0.22975    0.24225    0.23394    0.12495    0.24877    0.31416    0.86417    0.35080    0.25482    0.24580    0.22948    0.24236    0.58725    0.34086    0.26290
   0.30260    0.25959    0.20498    0.95833    0.45833    0.24510    0.24486    0.23414    0.24854    0.18318    0.32725    0.85886    0.32576    0.25321    0.24478    0.37500    0.23908    0.53729    0.34084    0.25974
   0.30455    0.24242    0.22575    0.45833    0.62500    0.24465    0.24074    0.23189    0.15053    0.26417    0.28186    0.85775    0.33653    0.13168    0.23703    0.70833    0.25596    0.55523    0.34629    0.25088
   0.29426    0.22272    0.21512    0.29167    0.20833    0.26135    0.24227    0.23401    0.22278    0.27485    0.30507    0.86153    0.40864    0.30087    0.23824    0.87500    0.24237    0.51060    0.32865    0.25046
   0.30436    0.22057    0.20077    0.79167    0.95833    0.22471    0.23388    0.23584    0.24671    0.27767    0.31523    0.85660    0.31209    0.35414    0.23104    0.45833    0.23761    0.50070    0.33821    0.24885
   0.30072    0.22945    0.21135    0.20833    0.12500    0.23605    0.24395    0.23364    0.27194    0.27968    0.31104    0.85843    0.31057    0.29557    0.22072    0.95833    0.24415    0.50051    0.32166    0.24896
   0.29804    0.22022    0.19722    0.70833    0.87500    0.23183    0.24189    0.23589    0.00000    0.26740    0.29944    0.86483    0.33962    0.25182    0.24245    0.20833    0.24773    0.46606    0.30692    0.29704
   0.29632    0.24085    0.20499    0.54167    0.04167    0.24028    0.24334    0.23393    0.21838    0.25027    0.30865    0.86602    0.34935    0.25483    0.21916    0.79167    0.23775    0.41395    0.31092    0.18233
   0.29834    0.23200    0.20635    0.04167    0.79167    0.22956    0.23677    0.23414    0.58505    0.28846    0.62500    0.88262    0.33771    0.24644    0.25258    0.04167    0.25012    0.27796    0.27413    0.26476
   0.29757    0.26077    0.20405    0.37500    0.37500    0.23798    0.23186    0.23592    0.18361    0.24937    0.95833    0.86071    0.32764    0.25510    0.24520    0.54167    0.24132    0.19329    0.31806    0.26424
   0.29820    0.25581    0.21080    0.12500    0.54167    0.23497    0.23665    0.23458    0.20719    0.25769    0.70833    0.86596    0.32114    0.26719    0.25182    0.12500    0.25251    0.00000    0.25339    0.25402
   0.29644    0.24438    0.18292    0.33792    0.70833    0.22119    0.23523    0.23579    0.20782    0.29323    0.79167    0.84769    0.31779    0.24663    0.24970    0.29167    0.25211    0.22315    0.33767    0.29561
   0.29677    0.25660    0.18313    0.74774    0.78706    0.23984    0.23130    0.29167    0.22530    0.27309    0.87500    0.84416    0.32668    0.23018    0.24433    0.62500    0.24567    0.23707    0.33314    0.27055
   0.29544    0.25500    0.21393    0.30573    0.55970    0.22609    0.23653    0.20833    0.22569    0.28058    0.54167    0.85265    0.29301    0.23693    0.22343    0.00000    0.24715    0.20025    0.32152    0.26802
   0.29256    0.24327    0.20921    0.35301    0.63118    0.23795    0.23840    0.04167    0.24756    0.25364    0.45833    0.84943    0.32164    0.22706    0.22641    0.32451    0.24817    0.18128    0.32436    0.26048
   0.28614    0.23825    0.19010    0.35168    0.57066    0.23212    0.23413    0.62500    0.21964    0.25334    0.12500    0.85363    0.31611    0.22553    0.25082    0.57010    0.24890    0.21295    0.32154    0.27978
   0.27637    0.24410    0.18678    0.50776    0.59461    0.23136    0.24109    0.45833    0.22509    0.25242    0.20833    0.85735    0.32278    0.23329    0.23368    0.54714    0.24908    0.18667    0.32483    0.22481
   0.27084    0.25366    0.19273    0.63694    0.58518    0.23583    0.23860    0.12500    0.22702    0.27314    0.29167    0.85365    0.31450    0.22399    0.24511    0.48462    0.24805    0.20703    0.31536    0.24311
   0.27874    0.27837    0.19289    0.12730    0.52965    0.23522    0.23563    0.87500    0.21487    0.25456    0.04167    0.85804    0.31232    0.22468    0.23926    0.50766    0.24878    0.19439    0.31623    0.23907
   0.27577    0.24625    0.19089    0.32180    0.56731    0.23799    0.04167    0.54167    0.22099    0.26165    0.37500    0.83410    0.31426    0.22363    0.24060    0.51435    0.24866    0.19132    0.31276    0.26602
   0.27448    0.25907    0.18745    0.35290    0.45634    0.23858    0.12500    0.37500    0.22836    0.26383    0.66624    0.82358    0.31550    0.21607    0.23997    0.53172    0.24832    0.21057    0.31086    0.25346
   0.27199    0.25414    0.19576    0.29120    0.28477    0.23757    0.29167    0.95833    0.22745    0.26308    0.67830    0.81785    0.04167    0.22295    0.22508    0.51428    0.24763    0.19363    0.31514    0.25626
   0.27238    0.25059    0.18983    0.26250    0.33755    0.23320    0.79167    0.79167    0.22007    0.28255    0.61437    0.82013    0.29167    0.23742    0.24503    0.52461    0.45833    0.19848    0.32538    0.25029
   0.27226    0.26265    0.62500    0.10993    0.00000    0.23830    0.37500    0.70833    0.20692    0.25727    0.58261    0.81766    0.87500    0.20529    0.23806    0.51911    0.04167    0.19873    0.30994    0.24728
   0.27294    0.25871    0.70833    0.23843    0.36746    0.23856    0.45833    0.00000    0.20012    0.25910    0.62597    0.80779    0.62500    0.21342    0.23223    0.55929    0.37500    0.19650    0.31264    0.23873
   0.27726    0.26841    0.12500    0.41035    0.23646    0.23786    0.54167    0.37891    0.08314    0.28033    0.60039    0.81569    0.54167    0.20717    0.23552    0.59553    0.20833    0.19115    0.31277    0.25059
   0.20833    0.26145    0.45833    0.27492    0.35265    0.23843    0.62500    0.66629    0.18626    0.25761    0.61286    0.81758    0.79167    0.21638    0.23812    0.71172    0.87500    0.19718    0.32063    0.24898
   0.87500    0.24240    0.79167    0.26769    0.38916    0.23779    0.20833    0.29573    0.18758    0.26437    0.60830    0.81587    0.20833    0.19965    0.24030    1.00000    0.70833    0.19549    0.31003    0.24211
   0.29167    0.27304    0.95833    0.25895    0.34863    0.23909    0.70833    0.35703    0.20345    0.26270    0.61804    0.81374    0.45833    0.22551    0.23863    1.00000    0.29167    0.19686    0.29884    0.25683
   0.04167    0.24623    0.04167    0.26749    0.36355    0.23849    0.87500    0.76929    0.19559    0.27294    0.66210    0.82085    0.37500    0.20656    0.23321    1.00000    0.12500    0.19203    0.30565    0.25009
   0.54167    0.26126    0.20833    0.26672    0.36077    0.23738    0.95833    0.68147    0.22107    0.26517    0.62134    0.80990    0.12500    0.21211    0.37500    1.00000    0.79167    0.19520    0.30372    0.23978
   0.37500    0.25948    0.54167    0.25709    0.36541    0.24020    0.68012    0.37000    0.17214    0.26227    0.70722    0.81151    0.70833    0.20616    0.20833    1.00000    0.62500    0.19352    0.29826    0.25322
   0.62500    0.24421    0.87500    0.26251    0.37913    0.24099    0.27825    0.36210    0.30258    0.27125    0.63501    0.80196    0.95833    0.20618    0.70833    0.94404    0.95833    0.19712    0.29449    0.25132
   0.45833    0.23847    0.29167    0.25154    0.36762    0.79167    0.43886    0.71960    0.25099    0.26812    0.65370    0.45833    0.28141    0.21414    0.87500    1.00000    0.54167    0.19794    0.29662    0.24990
   0.95833    0.24685    0.37500    0.25941    0.35449    0.12500    0.38644    1.00000    0.25155    0.26227    0.56206    0.37500    0.36142    0.21536    0.04167    0.93736    0.57112    0.19418    0.30283    0.25302
   0.70833    0.24370    1.00000    0.27551    0.35746    0.95833    0.60887    0.76114    0.21103    0.26549    0.47341    0.87500    0.34826    0.21455    0.45833    0.85425    0.70446    0.70833    0.30572    0.25104
   0.12500    0.23260    0.72062    0.25438    0.34449    0.54167    0.45187    0.68454    0.20478    0.26627    0.32503    0.04167    0.27564    0.21195    0.54167    0.85953    0.22190    0.54167    0.29971    0.04167
   0.79167    0.25413    0.57507    0.27436    0.34539    0.29167    0.49967    0.68051    0.19279    0.26187    0.47838    0.70833    0.22057    0.21204    0.95833    0.59854    0.54123    0.12500    0.87500    0.29167
   0.15188    0.25409    0.56398    0.24526    0.34813    0.62500    0.44078    0.67310    0.21722    0.26187    0.51713    0.20833    0.37401    0.21437    0.12500    0.70382    0.42910    0.04167    0.95833    0.37500
   0.51625    0.24551    0.75492    0.25523    0.33602    0.37500    0.45023    0.67385    0.18279    0.26152    0.51783    0.79167    0.31027    0.21155    0.29167    0.85159    0.41617    0.62500    0.54167    0.87500
   0.48870    0.24889    0.55486    0.25136    0.31746    0.70833    0.43098    1.00000    0.21285    0.25777    0.39166    0.29167    0.36161    0.21528    0.79167    0.87797    0.39767    0.79167    0.37500    0.45833
   0.17181    0.24394    0.63358    0.24032    0.30734    0.45833    0.48918    0.63944    0.20027    0.26063    0.38025    0.95833    0.42505    0.21078    0.62500    0.84415    0.41587    0.20833    0.79167    0.20833
   0.40328    0.25361    0.60504    0.24199    0.31025    0.04167    0.41974    0.83166    0.20052    0.25915    0.23770    0.12500    0.31778    0.21241    0.93155    0.77386    0.36686    0.37500    0.29167    0.79167
   0.48483    0.24081    0.97921    0.24286    0.28975    0.87500    0.42633    0.69072    0.21430    0.25696    0.38821    0.62500    0.30890    0.21391    0.47081    0.53269    0.32408    0.95833    0.70833    0.54167
   0.39887    0.25191    0.67554    0.24107    0.21617    0.20833    0.41242    0.76140    0.21677    0.25646    0.33025    0.54167    0.28965    0.20886    0.58055    0.04377    0.33529    0.87500    0.20833    0.12500
   0.43977    0.24561    0.17397    0.23247    0.26834    0.26993    0.48680    0.69780    0.20678    0.25618    0.36942    0.98363    0.29338    0.21310    0.56075    0.63070    0.25198    0.45833    0.62500    0.62500
   0.40312    0.24793    0.46698    0.22609    0.29963    0.72012    0.24355    0.67567    0.20777    0.25722    0.32287    0.57631    0.28119    0.21405    0.49433    0.45174    0.36400    0.29167    0.45833    0.70833
   0.46259    0.24423    0.00000    0.24668    0.26260    0.56722    0.42953    0.80850    0.22138    0.25446    0.34314    0.66829    0.29497    0.21225    0.52800    0.24569    0.34987    0.75372    0.04167    0.95833
   0.39067    0.24261    0.45451    0.23768    0.28871    0.55925    0.33334    0.74213    0.21360    0.25602    0.34698    0.39373    0.29098    0.21120    0.44604    0.49249    0.35981    0.01363    0.12500    0.00000
   0.31026    0.25111    0.31017    0.34994    0.28648    0.56421    0.00000    0.73244    0.21675    0.29167    0.33952    0.48288    0.29249    0.21048    0.56875    0.39079    0.35721    0.34241    0.00000    0.82385
   0.25060    0.54167    0.26134    0.14132    0.22783    0.56791    0.27092    0.71757    0.22487    0.54167    0.34094    0.46006    0.27459    0.21064    0.40223    0.42448    0.32984    0.34091    0.52604    0.49375
   0.26944    0.04167    0.33707    0.23609    0.24112    0.60640    0.30757    0.65532    0.21293    0.20833    0.32948    0.44088    0.26046    0.21010    0.18749    0.42398    0.34752    0.37240    0.18211    0.45046
   0.36780    0.79167    0.28301    0.26938    0.26349    0.46419    0.34004    0.74942    0.22518    0.04167    0.31184    0.49928    0.26317    0.29167    0.20631    0.42643    0.35297    0.32736    0.22209    0.42859
   0.36072    0.62500    0.31721    0.24346    0.25164    0.37168    0.29843    0.68083    0.21930    0.87500    0.33798    0.48864    0.25341    0.87500    0.00000    0.41351    0.34713    0.39561    0.31290    0.38433
   0.36638    0.29167    0.26963    0.25104    0.24807    0.15378    0.31716    0.70513    0.21517    0.37500    0.31681    0.51820    0.25481    0.95833    0.26725    0.42089    0.34728    0.03558    0.14863    0.35074
   0.36329    0.87500    0.32422    0.25190    0.26138    0.39738    0.34903    0.65417    0.22199    0.62500    0.31082    0.47106    0.25975    0.20833    0.17162    0.40818    0.34946    0.28090    0.18164    0.34852
   0.29731    0.12500    0.26829    0.26349    0.24869    0.34863    0.87945    0.68547    0.21621    0.12500    0.33590    0.48063    0.22537    0.54167    0.23476    0.42085    0.34750    0.26404    0.19156    0.33385
   0.31485    0.70833    0.33404    0.23775    0.22855    0.31758    0.32632    0.64902    0.21492    0.95833    0.33179    0.49419    0.24540    0.37500    0.22595    0.43205    0.34229    0.57530    0.24619    0.31163
   0.30128    0.37500    0.29827    0.25112    0.22593    0.35222    0.32221    0.57500    0.21843    0.79167    0.34288    0.48619    0.23017    0.62500    0.28515    0.36835    0.36532    0.36351    0.24481    0.21264
   0.29208    0.20833    0.25846    0.25297    0.18821    0.43869    0.32222    0.40079    0.22144    0.45833    0.28827    0.50796    0.22303    0.45833    0.33437    0.36926    0.37578    0.41919    0.25395    0.28695
   0.30913    0.95833    0.30835    0.24989    0.24412    0.34019    0.35458    0.58115    0.62500    0.70833    0.26755    0.48606    0.24629    0.79167    0.27145    0.30534    0.36688    0.18506    0.22072    0.25800
   0.30986    0.45833    0.26332    0.25397    0.24720    0.31015    0.32546    0.53762    0.20833    0.13738    0.27840    0.46519    0.23894    0.04167    0.16336    0.34436    0.35402    0.34180    0.21672    0.28413
   0.32078    0.50245    0.18266    0.24712    0.22557    0.32226    0.36160    0.55869    0.45833    0.80057    0.29307    0.36334    0.25495    0.12500    0.28968    0.37006    0.36309    0.36960    0.20980    0.25211
   0.27170    0.60586    0.29404    0.24727    0.24732    0.30410    0.05485    0.56858    0.04167    0.64862    0.30433    0.40974    0.25721    0.70833    0.26051    0.37430    0.43092    0.36637    0.23269    0.26290
   0.29982    0.19696    0.22750    0.24708    0.25180    0.29650    0.34591    0.57934    0.29167    0.67357    0.31704    0.04286    0.24526    0.06223    0.21992    0.37523    0.40152    0.24038    0.21918    0.28855
   0.29217    0.11580    0.27914    0.24687    0.26529    0.28392    0.34127    0.50175    0.12500    0.56949    0.31108    0.41116    0.24366    0.40455    0.20686    0.30076    0.48127    0.32521    0.22028    0.18645
   0.28798    0.23376    0.25312    0.24890    0.25029    0.34949    0.27258    0.48455    0.87500    0.67991    0.30218    0.28247    0.24038    0.51277    0.24581    0.27236    0.50000    0.32526    0.21148    0.02557
   0.24032    0.20219    0.29868    0.24527    0.25192    0.61797    0.33516    0.46474    0.70833    0.76221    0.30550    0.31481    0.31840    0.42683    0.21873    0.32057    0.50000    0.36518    0.21885    0.17668
   0.26983    0.28933    0.25996    0.24819    0.25339    0.29788    0.40863    0.42514    0.95833    0.65325    0.31554    0.20548    0.24372    0.85491    0.21646    0.32011    0.33410    0.36730    0.20856    0.12278
   0.28519    0.37868    0.21644    0.24758    0.24974    0.26154    0.33694    0.06034    0.54167    0.56720    0.32120    0.29177    0.24573    0.52731    0.25063    0.34789    0.46857    0.34342    0.20338    0.17536
   0.29300    0.28215    0.23591    0.24656    0.26354    0.26797    0.32801    0.42140    0.79167    0.66421    0.34293    0.00881    0.09844    0.52159    0.22745    0.31527    0.50081    0.35111    0.19248    0.20045
   0.28112    0.00000    0.23269    0.24530    0.24694    0.26384    0.30638    0.39049    0.37500    0.75625    0.31265    0.02435    0.20843    0.49894    0.21913    0.29355    0.50058    0.35415    0.20470    0.00065
   0.27166    0.21171    0.23750    0.24386    0.25747    0.31333    0.26489    0.41863    0.45736    0.66740    0.30903    0.28026    0.44897    0.59305    0.24013    0.25686    0.54222    0.34759    0.20685    0.18652
   0.24233    0.25495    0.25314    0.24270    0.25980    0.22358    0.28471    0.46167    0.67625    0.60796    0.31150    0.23013    0.29189    0.47614    0.23697    0.27691    0.48763    0.35047    0.19725    0.13700
   0.26242    0.22777    0.22678    0.24448    0.24892    0.29277    0.28176    0.37123    0.60566    0.59959    0.32011    0.27880    0.24182    0.43880    0.23884    0.24715    0.45723    0.35564    0.27481    0.24014
   0.27480    0.25230    0.23989    0.24584    0.25504    0.69441    0.29471    0.36580    0.56740    0.60385    0.31846    0.35999    0.24517    0.35568    0.23326    0.17836    0.52705    0.35148    0.22746    0.20283
