   0.54167    0.20833    0.37500    0.70833    0.62500    0.54167    0.37500    0.70833    0.04167    0.45833    0.79167    0.62500    0.04167    0.87500    0.45833    0.70833    0.04167    0.20833    0.45833    0.12500
   0.20833    0.87500    0.12500    0.54167    0.45833    0.79167    0.45833    0.54167    0.79167    0.87500    0.45833    0.20833    0.62500    0.29167    0.12500    0.79167    0.20833    0.29167    0.62500    0.37500
   0.87500    0.37500    0.29167    0.62500    0.29167    0.62500    0.95833    0.04167    0.45833    0.20833    0.04167    0.45833    0.12500    0.62500    0.20833    0.45833    0.29167    0.37500    0.12500    0.70833
   0.70833    0.04167    0.79167    0.12500    0.95833    0.12500    0.29167    0.20833    0.87500    0.29167    0.29167    0.29167    0.20833    0.54167    0.37500    0.87500    0.62500    0.95833    0.04167    0.95833
   0.04167    0.29167    0.45833    0.04167    0.87500    0.04167    0.87500    0.12500    0.62500    0.04167    0.62500    0.04167    0.45833    0.95833    0.04167    0.62500    0.45833    0.54167    0.29167    0.79167
   0.62500    0.54167    0.04167    0.20833    0.79167    0.29167    0.79167    0.62500    0.29167    0.37500    0.12500    0.87500    0.29167    0.79167    0.29167    0.04167    0.12500    0.12500    0.79167    0.54167
   0.37500    0.45833    0.95833    0.79167    0.20833    0.70833    0.20833    0.37500    0.70833    0.62500    0.87500    0.12500    0.70833    0.20833    0.70833    0.95833    0.87500    0.87500    0.20833    0.45833
   0.95833    0.70833    0.54167    0.95833    0.12500    0.95833    0.12500    0.87500    0.37500    0.95833    0.37500    0.95833    0.54167    0.04167    0.95833    0.37500    0.54167    0.45833    0.70833    0.20833
   0.29167    0.95833    0.20833    0.87500    0.04167    0.87500    0.70833    0.79167    0.12500    0.70833    0.70833    0.70833    0.79167    0.45833    0.62500    0.12500    0.37500    0.04167    0.95833    0.04167
   0.12500    0.62500    0.70833    0.37500    0.70833    0.37500    0.04167    0.95833    0.54167    0.79167    0.95833    0.54167    0.87500    0.37500    0.79167    0.54167    0.70833    0.62500    0.87500    0.29167
   0.79167    0.12500    0.87500    0.45833    0.54167    0.20833    0.54167    0.45833    0.20833    0.12500    0.54167    0.79167    0.37500    0.70833    0.87500    0.20833    0.79167    0.70833    0.37500    0.62500
   0.45833    0.79167    0.62500    0.29167    0.37500    0.45833    0.62500    0.29167    0.95833    0.54167    0.20833    0.37500    0.95833    0.12500    0.54167    0.29167    0.95833    0.79167    0.54167    0.87500
   1.00000    0.34629    0.09949    0.29417    0.63920    0.39187    0.17336    0.00000    1.00000    0.00000    0.24395    0.32931    0.38386    0.02052    0.00000    1.00000    0.00000    0.54694    0.55430    0.47677
   1.00000    0.00214    0.00000    0.71800    0.98610    0.48139    0.00000    0.31555    1.00000    0.53512    0.00000    0.26001    0.00000    0.00000    0.00000    0.69474    0.29438    0.10438    0.27472    0.70127
   0.64301    0.07382    0.38807    0.00000    0.40125    0.48685    0.37076    0.22850    0.76678    0.39537    0.00000    0.31384    0.12019    0.32523    0.00000    0.64343    0.19680    0.41192    0.03892    0.61796
   0.81185    0.00000    0.25040    0.27510    0.80089    0.38474    0.26158    0.29837    0.99275    0.43921    0.00000    0.28810    0.20233    0.18627    0.03450    0.60621    0.26945    0.42965    0.00000    0.63595
   0.73153    0.00000    0.30843    0.22446    0.56679    0.48108    0.27339    0.35087    1.00000    0.36499    0.00000    0.51330    0.00000    0.14012    0.07893    0.79565    0.37082    0.37779    0.00000    0.65257
   0.76621    0.00000    0.03290    0.32692    0.57915    0.44090    0.26375    0.33623    0.93032    0.37327    0.00000    0.37065    0.17577    0.20608    0.06887    0.61971    0.46928    0.31101    0.01161    0.65755
   0.67536    0.00000    0.30036    0.30414    0.65769    0.39446    0.35515    0.42817    0.94057    0.01049    0.08198    0.37514    0.30189    0.19833    0.03839    0.93607    0.36407    0.32887    0.00000    0.64295
   0.76092    0.00000    0.27476    0.35413    0.55700    0.55973    0.17059    0.23277    1.00000    0.20405    0.00000    0.37081    0.14036    0.13644    0.15140    0.67355    0.46175    0.34701    0.00000    0.64843
   0.83570    0.00000    0.37077    0.35087    0.67593    0.58039    0.27913    0.31628    0.95704    0.31436    0.07839    0.34839    0.22441    0.14821    0.00000    0.99235    0.43582    0.01864    0.00000    0.59789
   0.78980    0.00000    0.20819    0.26943    0.61794    0.49022    0.19556    0.27330    0.92299    0.19505    0.00000    0.30333    0.11842    0.11079    0.00000    0.65689    0.44351    0.16898    0.00000    0.63569
   0.76809    0.00000    0.26196    0.31260    0.64434    0.50840    0.32919    0.27696    0.93965    0.14350    0.00000    0.29367    0.10749    0.06148    0.00000    0.56541    0.38404    0.12522    0.00616    0.61048
   0.78572    0.56526    0.32572    0.32135    0.62652    0.48914    0.27551    0.23368    0.92774    0.10060    0.37131    0.28531    0.12214    0.00000    0.00000    0.50598    0.36010    0.00000    0.00000    0.64844
   0.78598    0.02965    0.29020    0.14283    0.63052    0.50067    0.26301    0.23854    0.91545    0.00000    0.03384    0.27884    0.10148    0.01049    0.00000    0.52675    0.36895    0.00000    0.00000    0.63234
   0.76995    0.00000    0.27013    0.25739    0.66061    0.51818    0.25965    0.22229    0.77136    0.09136    0.00000    0.24376    0.07835    0.05195    0.00000    0.31808    0.38356    0.03361    0.00000    0.60568
   0.83843    0.00000    0.26261    0.25445    0.65308    0.49263    0.27667    0.12986    0.81547    0.10991    0.00000    0.24368    0.00000    0.08182    0.00000    0.03302    0.35446    0.00000    0.00000    0.58925
   0.55320    0.00000    0.24157    0.22677    0.58655    0.50002    0.26053    0.00000    0.72547    0.00000    0.00000    0.06796    0.00000    0.05342    0.00000    0.00000    0.36039    0.00000    0.00563    0.56201
   0.55206    0.00000    0.24435    0.25361    0.56740    0.52614    0.26737    0.17827    0.84136    0.00000    0.00000    0.00000    0.00000    0.07393    0.00000    0.00000    0.34164    0.00000    0.03791    0.61644
   0.52098    0.00000    0.22656    0.26900    0.51005    0.54323    0.29121    0.00658    0.79503    0.00000    0.04100    0.00000    0.00000    0.88800    0.00000    0.00000    0.35727    0.00000    0.05736    0.68475
   0.53460    0.00000    0.30530    0.24393    0.56983    0.51374    0.26891    0.00000    0.69259    0.00000    0.00000    0.10272    0.00000    0.09969    0.00000    0.00000    0.33777    0.00000    0.00000    0.76986
   0.48701    0.00000    0.22561    0.27484    0.46495    0.51116    0.27592    0.02379    0.61255    0.00000    0.00000    0.11310    0.00000    0.10467    0.00000    0.00000    0.33379    0.00000    0.00000    0.69158
   0.56496    0.00000    0.19617    0.25515    0.55080    0.50792    0.27379    0.00000    0.64975    0.00000    0.03002    0.12477    0.00000    0.08487    0.00000    0.00000    0.35513    0.00000    0.00000    0.68000
   0.59963    0.00000    0.17612    0.28374    0.53432    0.53380    0.29808    0.00000    0.70559    0.00000    0.02601    0.10560    0.00000    0.05568    0.00000    0.00000    0.28488    0.00000    0.00649    0.68498
   0.48149    0.00000    0.00000    0.28422    0.54259    0.54253    0.28889    0.00000    0.67224    0.00000    0.01561    0.14984    0.00000    0.05773    0.06171    0.00000    0.34468    0.00000    0.00000    0.73404
   0.60222    0.00000    0.16681    0.26989    0.54568    0.56630    0.29357    0.03286    0.62762    0.00000    0.00936    0.16162    0.00000    0.05503    0.00000    0.00000    0.36068    0.00000    0.00000    0.61768
   0.45707    0.00000    0.16300    0.28072    0.53125    0.49340    0.29038    0.06137    0.65707    0.00000    0.00000    0.13393    0.00000    0.04803    0.00000    0.03183    0.34488    0.00000    0.00000    0.70815
   0.51841    0.00000    0.15601    0.29793    0.54148    0.53435    0.29675    0.00000    0.66029    0.00000    0.00427    0.00000    0.00000    0.06921    0.00000    0.00000    0.43864    0.00000    0.00000    0.61967
   0.51712    0.00000    0.24651    0.27413    0.54939    0.47067    0.28750    0.00000    0.62834    0.00000    0.01731    0.40426    0.00000    0.06417    0.00000    0.08229    0.34186    0.00000    0.00000    0.67431
   0.39651    0.00000    0.19508    0.25979    0.54266    0.28489    0.29128    0.00000    0.62058    0.00000    0.00000    0.63204    0.00000    0.08025    0.00000    0.00000    0.00000    0.00000    0.00000    0.63912
   0.16499    0.00000    0.15705    0.28443    0.52951    0.45821    0.29157    0.00000    0.60192    0.00000    0.00498    0.32766    0.00000    0.05924    0.04663    0.00000    0.34366    0.00000    0.00000    0.72039
   0.44393    0.00000    0.20821    0.28814    0.52737    0.43778    0.29416    0.00000    0.54923    0.00000    0.01298    0.33918    0.00000    0.05797    0.00000    0.04011    0.35153    0.00000    0.07271    0.67646
   0.50425    0.00000    0.17570    0.27551    0.51585    0.44433    0.29728    0.01981    0.62560    0.00000    0.01282    0.33955    0.00000    0.22924    0.00000    0.00000    0.31894    0.00000    0.00000    0.73353
   0.64095    0.00000    0.16721    0.27846    0.53393    0.44097    0.31538    0.00000    0.64532    0.00000    0.00956    0.32685    0.00000    0.09319    0.00000    0.02220    0.34245    0.00000    0.00000    0.67025
   0.53230    0.00000    0.17406    0.26804    0.51858    0.47645    0.44953    0.01263    0.61575    0.00000    0.01562    0.32808    0.00000    0.08300    0.00000    0.00000    0.31668    0.00000    0.00000    0.69353
   0.53800    0.00000    0.20175    0.27634    0.49927    0.47605    0.32616    0.01727    0.63117    0.00000    0.01906    0.29441    0.50310    0.07444    0.00000    0.00000    0.34013    0.00000    0.00000    0.64539
   0.63569    0.00000    0.17608    0.27152    0.50620    0.46884    0.33093    0.00503    0.61612    0.00000    0.00959    0.30731    0.00000    0.08191    0.00000    0.00000    0.34107    0.00406    0.00000    0.67359
   0.61843    0.00000    0.18355    0.27561    0.48818    0.45892    0.31778    0.03803    0.63709    0.00000    0.00688    0.30272    0.06921    0.07052    0.00000    0.00000    0.51384    0.00000    0.00000    0.65807
   0.61799    0.00000    0.16139    0.27417    0.22350    0.46444    0.31459    0.02997    0.57291    0.00000    0.01567    0.30874    0.00000    0.07799    0.00000    0.00000    0.32185    0.00000    0.00000    0.66684
   0.54277    0.00000    0.12109    0.27631    0.49565    0.53853    0.31965    0.00844    0.66613    0.00000    0.01988    0.28843    0.00000    0.06901    0.01573    0.00996    0.29713    0.00000    0.00000    0.67496
   0.62587    0.00000    0.17546    0.95833    0.45757    0.47906    0.32119    0.03284    0.62456    0.00000    0.01728    0.34852    0.00000    0.08201    0.01087    0.00000    0.33534    0.00000    0.00000    0.67549
   0.54892    0.43522    0.16645    0.62500    0.52295    0.46024    0.31645    0.01593    0.15334    0.00000    0.01239    0.31251    0.00000    0.06848    0.46322    0.00000    0.37249    0.00000    0.00000    0.67276
   0.61547    0.00000    0.14870    0.87500    0.47482    0.45663    0.33861    0.04514    0.64944    0.00000    0.03226    0.32493    0.00000    0.06322    0.57926    0.00000    0.36348    0.00000    0.00542    0.67163
   0.55415    0.02489    0.17043    0.20833    0.49252    0.42576    0.32451    0.00184    0.56248    0.00000    0.00530    0.30003    0.00000    0.08029    0.72586    0.00000    0.34948    0.00000    0.00000    0.67472
   0.58833    0.00000    0.19025    0.70833    0.50474    0.45725    0.32846    0.03037    0.54563    0.00000    0.01304    0.30707    0.00000    0.07075    0.00000    0.00000    0.64800    0.01453    0.00000    0.45833
   0.67019    0.00000    0.18419    0.54167    0.49205    0.45027    0.32323    0.02712    0.48871    0.00000    0.01548    0.30011    0.00000    0.06800    0.11436    0.00000    0.33527    0.00000    0.00000    0.70833
   0.58795    0.00000    0.22080    0.45833    0.52379    0.44550    0.32642    0.02417    0.47189    0.00000    0.01066    0.30130    0.02286    0.07523    0.00000    0.00000    0.34603    0.00000    0.00000    0.04167
   0.57607    0.00000    0.17740    0.29167    0.51199    0.45521    0.32035    0.02357    0.50335    0.01030    0.01556    0.28532    0.02149    0.07526    0.00953    0.00000    0.35032    0.01802    0.00000    0.79167
   0.60332    0.00000    0.18657    0.79167    0.49602    0.45385    0.32446    0.03819    0.61359    0.15295    0.01688    0.30573    0.00000    0.07251    0.00000    0.00000    0.34631    0.10865    0.00000    0.12500
   0.58804    0.00000    0.18594    0.12500    0.47383    0.43998    0.33007    0.01699    0.48231    0.00000    0.01564    0.29480    0.00000    0.07328    0.00000    0.00000    0.35120    0.21001    0.00000    0.62500
   0.60549    0.00000    0.22313    0.37500    0.41757    0.43606    0.32781    0.02289    0.46417    0.00000    0.01599    0.29523    0.01335    0.07517    0.00000    0.00000    0.34307    0.09266    0.00031    0.37500
   0.64747    0.00000    0.18650    0.04167    0.45358    0.43566    0.32546    0.01909    0.33041    0.00000    0.95833    0.29597    0.00000    0.07635    0.00000    0.00000    0.33195    0.10049    0.00000    0.87500
   0.60509    0.00000    0.33262    0.00000    0.42699    0.43264    0.32896    0.01928    0.40960    0.03573    0.79167    0.28822    0.00000    0.07392    0.00000    0.00000    0.32179    0.09266    0.00000    0.20833
   0.68709    0.00000    0.20372    0.42625    0.46262    0.42742    0.32599    0.02451    0.38243    0.00000    0.87500    0.28359    0.00000    0.07377    0.00000    0.00000    0.31814    0.08400    0.00000    0.95833
   0.64088    0.00000    0.22550    0.51151    0.46716    0.43935    0.54167    0.03058    0.48135    0.00000    0.37500    0.28268    0.00000    0.07511    0.00000    0.00000    0.30489    0.09246    0.00000    0.29167
   0.76661    0.00000    0.22070    0.49221    0.44773    0.43187    0.04167    0.02971    0.03773    0.00000    0.45833    0.27274    0.00000    0.07931    0.00000    0.00017    0.30089    0.14527    0.00000    0.54167
   0.68320    0.00000    0.22512    0.40563    0.53584    0.43119    0.12500    0.02625    0.43182    0.00000    0.70833    0.26447    0.00000    0.07735    0.00000    0.00000    0.29945    0.08823    0.00000    0.00000
   0.66673    0.00000    0.22188    0.49358    0.43402    0.42275    0.20833    0.54167    0.45563    0.00000    0.29167    0.25819    0.00000    0.95833    0.00000    0.00000    0.29924    0.08676    0.00000    0.00000
   0.82849    0.02232    0.22550    0.59172    0.46404    0.43100    0.37500    0.04167    0.53828    0.00000    0.54167    0.25717    0.00000    0.70833    0.00000    0.00000    0.29171    0.09130    0.00000    0.22429
   0.74501    0.00000    0.23507    0.52273    0.48244    0.42594    0.70833    0.37500    0.52583    0.05299    0.62500    0.26044    0.00853    0.12500    0.00000    0.00000    0.30133    0.09521    0.00000    0.00000
   0.68449    0.00000    0.21351    0.51985    0.41789    0.42151    0.29167    0.87500    0.47005    0.00000    0.12500    0.27238    0.01786    0.62500    0.00000    0.00000    0.28786    0.08575    0.00000    0.00000
   0.70073    0.00000    0.22182    0.49506    0.43157    0.42405    0.62500    0.70833    0.46960    0.00000    0.20833    0.26847    0.01130    0.79167    0.00000    0.00000    0.29965    0.09048    0.00000    0.01950
   0.73889    0.00000    0.21495    0.58628    0.37853    0.41877    0.79167    0.20833    0.47713    0.07617    0.04167    0.27147    0.00000    0.54167    0.00000    0.20833    0.30676    0.08584    0.00000    0.20604
   0.65402    0.02712    0.21466    0.45477    0.42712    0.43486    0.87500    0.79167    0.49460    0.02721    0.00000    0.27641    0.00000    0.45833    0.00000    0.95833    0.31271    0.10018    0.00000    0.00000
   0.65871    0.01226    0.21230    0.44298    0.43818    0.42762    0.95833    0.29167    0.47024    0.02277    0.90273    0.28412    0.01114    0.20833    0.00000    0.45833    0.29599    0.11057    0.00000    0.00000
   0.65740    0.00000    0.22197    0.35265    0.42127    0.43283    0.45833    0.12500    0.47164    0.00355    0.36447    0.27877    0.01011    0.37500    0.00000    0.12500    0.30582    0.09920    0.00000    0.00000
   0.72477    0.00567    0.21836    0.45734    0.41652    0.43235    0.00000    0.62500    0.46182    0.00000    0.19725    0.27070    0.02028    0.87500    0.00000    0.62500    0.12500    0.08627    0.00000    0.00000
   0.63402    0.03363    0.21834    0.48372    0.42646    0.42540    0.20294    0.95833    0.47694    0.00000    0.43445    0.26440    0.02920    0.29167    0.00000    0.29167    0.29167    0.10335    0.00000    0.00000
   0.66023    0.07779    0.22165    0.43958    0.42323    0.42441    0.00000    0.45833    0.48234    0.00000    0.42156    0.26851    0.03635    0.04167    0.00000    0.70833    0.20833    0.09393    0.00000    0.00000
   0.63033    0.03221    0.22060    0.42898    0.41646    0.43181    0.00000    0.94905    0.47085    0.00000    0.45119    0.27227    0.01633    0.25557    0.00000    0.37500    0.54167    0.08981    0.00000    0.00000
   0.61608    0.04124    0.21824    0.44678    0.42597    0.43159    0.00229    0.62452    0.47428    0.00000    0.37088    0.27109    0.03971    0.36180    0.00000    0.87500    0.37500    0.09211    0.00000    0.00000
   0.59554    0.03966    0.21773    0.43125    0.40621    0.42852    0.00000    0.61080    0.47297    0.38231    0.41946    0.26222    0.03344    0.26021    0.00000    0.54167    0.04167    0.10690    0.00000    0.00000
   0.59647    0.03870    0.21892    0.40594    0.42415    0.42605    0.00000    0.54480    0.47536    0.00000    0.50250    0.54167    0.03758    0.27369    0.00000    0.04167    0.95833    0.08761    0.00000    0.00000
   0.56054    0.06270    0.22696    0.46151    0.43300    0.42561    0.00000    0.64048    0.49046    0.53030    0.42606    0.12500    0.03567    0.30112    0.00000    0.79167    0.62500    0.09692    0.00000    0.00000
   0.64721    0.05585    0.95833    0.46178    0.79167    0.12500    0.00000    0.62975    0.55413    0.05390    0.38754    0.79167    0.03556    0.33082    0.00000    0.03727    0.45833    0.08707    0.00000    0.00000
   0.59655    0.03368    0.12500    0.42790    0.04167    0.20833    0.00000    0.57018    0.48376    0.07586    0.38814    0.29167    0.05298    0.13530    0.04167    0.09489    0.79167    0.10063    0.00000    0.00000
   0.62284    0.04410    0.79167    0.42527    0.62500    0.70833    0.00000    0.69134    0.48433    0.05153    0.29627    0.62500    0.02606    0.30111    0.45833    0.21553    0.70833    0.09058    0.00000    0.00000
   0.62902    0.04753    0.45833    0.38995    0.70833    0.62500    0.00000    0.70084    0.49384    0.04799    0.04734    0.95833    0.04205    0.24024    0.87500    0.00000    0.87500    0.08666    0.00000    0.00000
   0.62820    0.04174    0.70833    0.45044    0.45833    0.45833    0.00000    0.62726    0.49819    0.11251    0.00000    0.04167    0.03434    0.19744    0.29167    0.14176    0.18167    0.09264    0.00000    0.00000
   0.59975    0.04166    0.62500    0.45996    0.87500    0.04167    0.00000    0.68689    0.49829    0.08830    0.18310    0.37500    0.03087    0.31845    0.37500    0.00000    0.35651    0.09753    0.00000    0.00000
   0.63815    0.03492    0.37500    0.45721    0.12500    0.95833    0.00000    0.70407    0.50166    0.09756    0.07977    0.70833    0.03013    0.23697    0.79167    0.00000    0.35632    0.09611    0.00000    0.03994
   0.58868    0.04626    0.29167    0.46345    0.54167    0.54167    0.00000    0.63106    0.49849    0.00000    0.09360    0.20833    0.02788    0.00000    0.20833    0.00000    0.38953    0.09221    0.00000    0.02556
   0.61503    0.04924    0.54167    0.44276    0.29167    0.37500    0.01881    0.61212    0.50266    0.06290    0.06966    0.87500    0.04036    0.07214    0.62500    0.00000    0.37046    0.09488    0.00000    0.03456
   0.61332    0.04882    0.20833    0.43754    0.37500    0.29167    0.00000    0.44777    0.50689    0.03229    0.07214    0.45833    0.03953    0.20291    0.70833    0.00084    0.37364    0.09432    0.95833    0.06406
   0.61050    0.04690    0.87500    0.42481    0.95833    0.79167    0.00000    0.00000    0.59265    0.06194    0.10362    1.00000    0.03345    0.20613    0.12500    0.00000    0.37987    0.09722    0.12500    0.00000
   0.62367    0.05766    0.04167    0.42634    0.20833    0.87500    0.00000    0.43496    0.52026    0.07251    0.07526    0.81114    0.03544    0.22551    0.54167    0.00000    0.38128    0.54167    0.45833    0.03532
   0.60112    0.05219    0.62522    0.40977    0.89198    0.09388    0.00000    0.46155    0.54198    0.07417    0.10894    0.66838    0.06803    0.24932    0.95833    0.00000    0.32559    0.62500    0.62500    0.02446
   0.60646    0.70833    0.78958    0.44421    0.65851    0.00000    0.00000    0.45481    0.51452    0.03542    0.11837    0.48213    0.09848    0.21002    1.00000    0.00000    0.30106    0.87500    0.79167    0.04993
   0.61082    0.04167    0.93065    0.41729    0.87877    0.00000    0.00000    0.41366    0.52257    0.07907    0.06902    0.17948    0.05891    0.20633    0.35823    0.00000    0.21441    0.04167    0.70833    0.35868
   0.73044    0.62500    0.57491    0.42551    0.74818    0.00000    0.00000    0.47962    0.51209    0.05536    0.21061    0.44602    0.06186    0.21617    0.16351    0.00000    0.00000    0.79167    0.29167    0.04009
   0.63403    0.12500    0.07557    0.39335    0.76989    0.05115    0.00000    0.43255    0.52331    0.06014    0.04240    0.39580    0.06208    0.21692    0.34116    0.00000    0.13181    0.29167    0.20833    0.09121
   0.60854    0.54167    0.00000    0.00000    0.76605    0.00000    0.00000    0.45099    0.51388    0.07192    0.07013    0.41608    0.06784    0.22686    0.26384    0.00000    0.23410    0.70833    0.37500    0.26838
   0.61754    0.20833    0.00000    0.00000    0.67630    0.00000    0.00000    0.01574    0.51779    0.07173    0.11417    0.39289    0.06271    0.22381    0.00000    0.00000    0.27637    0.20833    0.54167    0.08397
   0.64873    0.79167    0.00000    0.00000    0.70495    0.00000    0.00000    0.38189    0.51168    0.05242    0.15423    0.36919    0.07134    0.16331    0.51411    0.00000    0.10878    0.95833    0.87500    0.10221
   0.59025    0.45833    0.00000    0.00000    0.69593    0.00000    0.00000    0.34217    0.51607    0.05320    0.07165    0.37203    0.07042    0.21532    0.37689    0.00000    0.23692    0.12500    0.04167    0.26082
   0.59771    0.87500    0.00000    0.00000    0.73348    0.00000    0.00000    0.31232    0.52112    0.37500    0.13415    0.31082    0.07063    0.23852    0.40084    0.00295    0.20682    0.37500    0.00000    0.05239
   0.60212    0.37500    0.00000    0.00000    0.71315    0.00000    0.00000    0.42804    0.51353    0.45833    0.11686    0.31801    0.07205    0.23480    0.37732    0.00400    0.12490    0.45833    0.00000    0.06588
   0.61169    0.95833    0.00000    0.00000    0.68406    0.00000    0.00000    0.25132    0.45833    0.95833    0.13011    0.27538    0.07420    0.23156    0.44787    0.00000    0.00000    0.80368    0.00000    0.07743
   0.60669    0.29167    0.00000    0.00000    0.65890    0.00000    0.00000    0.33065    0.29167    0.87500    0.05770    0.29583    0.06812    0.23309    0.52089    0.01527    0.00000    0.28673    0.00000    0.05194
   0.66723    0.00000    0.00000    0.00000    0.69117    0.00000    0.00000    0.36567    0.20833    0.70833    0.13811    0.32135    0.07292    0.22216    0.44774    0.14306    0.00000    0.13613    0.00000    0.04820
   0.60404    0.00000    0.00000    0.01506    0.66035    0.00000    0.00000    0.40222    0.12500    0.79167    0.15176    0.27647    0.07549    0.27551    0.43271    0.05875    0.00000    0.23973    0.00000    0.04365
   0.62514    0.00000    0.00000    0.00000    0.65744    0.00000    0.00393    0.29622    0.95833    0.20833    0.13159    0.20564    0.07318    0.23779    0.39942    0.04965    0.00000    0.26155    0.00000    0.05961
   0.61646    0.00000    0.00238    0.00000    0.65455    0.00000    0.00000    0.28391    0.62500    0.29167    0.12564    0.00000    0.06962    0.22123    0.36125    0.04793    0.00000    0.29912    0.00000    0.03939
   0.59425    0.00000    0.00000    0.00000    0.58087    0.00000    0.00000    0.27934    0.37500    0.12500    0.09943    0.00000    0.70833    0.25637    0.34912    0.04662    0.00000    0.33985    0.00000    0.04574
   0.60101    0.00000    0.00000    0.00000    0.62638    0.00000    0.02125    0.27815    0.04167    0.04167    0.00000    0.00000    0.45833    0.22964    0.33139    0.03400    0.00000    0.32045    0.00000    0.05488
   0.60395    0.00000    0.00000    0.00000    0.62706    0.00000    0.00000    0.27607    0.87500    0.54167    0.00000    0.00000    0.95833    0.23216    0.31912    0.04643    0.00000    0.29005    0.00000    0.05342
   0.59700    0.00000    0.00000    0.00000    0.57812    0.01058    0.00000    0.28928    0.79167    0.62500    0.00062    0.00000    0.12500    0.23831    0.33041    0.07033    0.00000    0.25811    0.00000    0.06320
   0.59494    0.00000    0.00000    0.00000    0.47860    0.00000    0.00000    0.31062    0.70833    0.78410    0.14356    0.00969    0.37500    0.23504    0.31904    0.12517    0.00000    0.30127    0.00000    0.02768
   0.59861    0.00000    0.00000    0.02679    0.59792    0.00000    0.00000    0.34902    0.54167    0.46303    0.13139    0.00000    0.79167    0.23724    0.38500    0.05881    0.00000    0.31059    0.00000    0.05643
   0.59919    0.00000    0.00000    0.00000    0.59198    0.00000    0.00000    0.32622    0.00000    0.54287    0.14240    0.00000    0.20833    0.23236    0.38171    0.05952    0.00000    0.27491    0.00000    0.05922
   0.59634    0.00000    0.00000    0.00000    0.62255    0.00109    0.00000    0.28067    0.67918    0.72374    0.15072    0.00000    0.62500    0.22944    0.34487    0.07292    0.00000    0.27563    0.00000    0.06793
   0.60899    0.04779    0.00000    0.00000    0.59635    0.00000    0.00000    0.30193    0.26886    0.50596    0.12553    0.00000    0.87500    0.23331    0.37191    0.07213    0.00000    0.28969    0.00000    0.07524
   0.59761    0.00000    0.00000    0.00000    0.62024    0.00000    0.00000    0.31060    0.00000    0.54182    0.12463    0.00000    0.04167    0.87500    0.32835    0.06499    0.00000    0.26225    0.00000    0.07739
   0.59540    0.00000    0.00000    0.00000    0.61774    0.00000    0.00000    0.27809    0.44646    0.52095    0.15199    0.00000    0.54167    0.20833    0.30082    0.18970    0.00000    0.23917    0.05771    0.06752
   0.59575    0.00000    0.00000    0.00000    0.48338    0.00000    0.00000    0.29303    0.40931    0.52137    0.13917    0.00000    0.29167    0.54167    0.34338    0.08361    0.00000    0.18574    0.05394    0.07129
   0.60008    0.00000    0.00000    0.00210    0.57571    0.00000    0.00000    0.29413    0.46865    0.51053    0.14518    0.00000    0.03501    0.04167    0.33054    0.06622    0.00000    0.24636    0.06624    0.06645
   0.59420    0.00000    0.00000    0.01689    0.50957    0.00000    0.00000    0.30199    0.37500    0.50179    0.13915    0.00000    0.64126    0.62500    0.33302    0.07705    0.00000    0.19293    0.06587    0.05894
   0.59185    0.00000    0.00000    0.02851    0.56879    0.00000    0.00000    0.27807    0.40047    0.76458    0.14241    0.00000    0.54601    0.70833    0.31490    0.08388    0.00000    0.13898    0.10785    0.07259
   0.59140    0.00000    0.00000    0.14957    0.59130    0.00000    0.00000    0.27289    0.43066    0.61727    0.13337    0.00000    0.51827    0.29167    0.35149    0.07949    0.07580    0.19681    0.05908    0.06447
   0.12500    0.00000    0.00000    0.03771    0.60537    0.00000    0.00000    0.00000    0.43417    0.55220    0.13455    0.00000    0.47346    0.37500    0.15348    0.07092    0.00000    0.21140    0.07995    0.07059
   0.54167    0.00000    0.00000    0.03991    0.60360    0.00000    0.00000    0.21419    0.44654    0.58235    0.14093    0.00000    0.39460    0.95833    0.33892    0.08294    0.00000    0.17302    0.06435    0.07923
   0.04167    0.00000    0.00000    0.03994    0.59719    0.00000    0.00000    0.27500    0.43907    0.51085    0.13125    0.00000    0.42818    0.45833    0.33768    0.06942    0.04842    0.19576    0.04129    0.07664
   0.70833    0.00000    0.00000    0.03837    0.58817    0.01155    0.00000    0.28550    0.13414    0.54574    0.13527    0.00000    0.42773    0.79167    0.34613    0.07696    0.00000    0.17457    0.07370    0.08031
   0.37500    0.00000    0.00000    0.02921    0.58803    0.00000    0.00000    0.24653    0.45116    0.70896    0.13140    0.00000    0.44490    0.12500    0.33673    0.08042    0.00000    0.15541    0.04733    0.07105
   0.20833    0.07879    0.00000    0.05223    0.60091    0.00000    0.00000    0.30093    0.37537    0.55663    0.14430    0.00000    0.24478    0.57830    0.36569    0.07757    0.00000    0.16271    0.08644    0.08009
   0.79167    0.04261    0.00000    0.04327    0.59237    0.00000    0.00000    0.25629    0.36496    0.55128    0.13958    0.00000    0.30322    0.42059    0.36757    0.07399    0.00000    0.13662    0.05418    0.08141
   0.62500    0.32156    0.00000    0.05525    0.60092    0.00000    0.00000    0.24666    0.33904    0.53971    0.12724    0.00000    0.29135    0.46367    0.34668    0.07887    0.00000    0.00000    0.07542    0.95833
   0.29167    0.09981    0.00000    0.05954    0.58782    0.00000    0.00000    0.25318    0.30616    0.58963    0.62500    0.00000    0.29147    0.43381    0.34708    0.08447    0.00000    0.07762    0.11016    0.70833
   0.95833    0.09563    0.00000    0.05255    0.57330    0.00000    0.01216    0.26009    0.34747    0.52790    0.87500    0.00000    0.27031    0.39977    0.34229    0.07892    0.00000    0.04455    0.08397    0.79167
   0.45833    0.15179    0.00000    0.04851    0.58823    0.00000    0.05550    0.24620    0.00000    0.59980    0.95833    0.00000    0.26029    0.41038    0.32379    0.07811    0.03932    0.00000    0.14668    0.54167
   0.87500    0.10651    0.00000    0.05429    0.57359    0.00000    0.00000    0.23836    0.22019    0.57919    0.20833    0.00000    0.28085    0.43577    0.33143    0.07931    0.05064    0.00000    0.09603    0.62500
   0.20731    0.07699    0.00473    0.05273    0.58846    0.00000    0.05717    0.25296    0.26478    0.54768    0.45833    0.00000    0.30419    0.38389    0.09296    0.08138    0.07157    0.00000    0.10802    0.12500
   0.64834    0.09985    0.00000    0.05279    0.62151    0.00000    0.00286    0.26628    0.23091    0.51999    0.70833    0.00000    0.30413    0.45379    0.31802    0.87500    0.17728    0.00000    0.13044    0.87500
   0.65806    0.27153    0.00000    0.04801    0.58631    0.00000    0.02374    0.23456    0.28868    0.55599    0.29167    0.00000    0.29498    0.41913    0.34071    0.79167    0.05176    0.00000    0.12237    0.37500
   0.71737    0.09990    0.01080    0.05287    0.58502    0.00000    0.13677    0.26150    0.28860    0.53668    0.54167    0.00000    0.33599    0.47061    0.32814    0.37500    0.13482    0.00000    0.08116    0.45833
   0.74044    0.14497    0.01370    0.54167    0.59064    0.00000    0.06355    0.24918    0.29225    0.51422    0.79167    0.00000    0.32761    0.49375    0.35474    0.70833    0.08738    0.00000    0.09649    0.20833
   0.88181    0.11735    0.01367    0.29167    0.58788    0.00000    0.00000    0.25236    0.30198    0.54900    0.04167    0.00000    0.31057    0.26677    0.34223    0.04167    0.11564    0.00000    0.10760    0.29167
   0.48755    0.08885    0.01365    0.95833    0.59336    0.00000    0.03623    0.25177    0.30065    0.51930    0.12500    0.00000    0.30695    0.35275    0.33866    0.45833    0.18873    0.00000    0.09131    0.04167
   0.44892    0.08526    0.02136    0.62500    0.59006    0.00000    0.01352    0.25345    0.30132    0.53114    0.37500    0.00000    0.31289    0.04707    0.34017    0.54167    0.08593    0.00000    0.09415    0.05945
   0.46554    0.09674    0.01213    0.87500    0.59086    0.00000    0.04485    0.25820    0.29649    0.54159    0.96239    0.00000    0.39942    0.28630    0.33377    0.95833    0.08885    0.00000    0.08311    0.62936
   0.55484    0.09999    0.01733    0.20833    0.59137    0.00000    0.03611    0.25145    0.28529    0.53004    0.61911    0.00000    0.49433    0.42668    0.34486    0.29167    0.08083    0.00000    0.08944    0.25901
   0.50713    0.08754    0.01443    0.79167    0.59113    0.00000    0.01476    0.23360    0.29450    0.53034    0.70358    0.00000    0.40030    0.36718    0.33212    0.62500    0.09101    0.00000    0.08450    0.00000
   0.64197    0.10728    0.01266    0.12500    0.59185    0.00000    0.04067    0.24405    0.27381    0.54681    0.62126    0.00000    0.40211    0.40748    0.33348    0.20833    0.11223    0.00000    0.09227    0.00000
   0.56872    0.12210    0.01364    0.37500    0.59050    0.00000    0.05311    0.23506    0.26734    0.53290    0.62079    0.00000    0.38269    0.33680    0.33122    0.12500    0.00754    0.00000    0.08281    0.00000
   0.51018    0.09482    0.02578    0.04167    0.04167    0.00000    0.06950    0.22134    0.18066    0.51208    0.58327    0.00000    0.30731    0.34666    0.33300    1.00000    0.16847    0.00000    0.08984    0.00000
   0.52326    0.09378    0.04882    0.70833    0.87500    0.00000    0.02050    0.18205    0.27100    0.51172    0.69693    0.03603    0.38937    0.36360    0.33242    0.79705    0.05104    0.00000    0.09032    0.03989
   0.48840    0.10914    0.00520    0.45833    0.70833    0.00000    0.02678    0.21748    0.27180    0.53546    0.67995    0.00000    0.54425    0.00410    0.33161    0.80880    0.06986    0.00199    0.08690    0.00000
   0.54264    0.10595    0.02682    0.00000    0.37500    0.00000    0.04026    0.22109    0.25871    0.52146    0.65529    0.00000    0.34023    0.31598    0.33194    0.83367    0.06923    0.00000    0.08817    0.00000
   0.45446    0.10277    0.02271    0.38667    0.79167    0.00000    0.02532    0.22508    0.27392    0.52710    0.77199    0.01044    0.35006    0.34005    0.37500    0.75447    0.07477    0.00000    0.08983    0.00000
   0.37467    0.08966    0.02681    0.28134    0.45833    0.00000    0.12500    0.22384    0.27657    0.52223    0.66361    0.00000    0.36512    0.35949    0.54167    1.00000    0.08004    0.00000    0.08635    0.00000
   0.34601    0.09814    0.02875    0.28146    0.54167    0.00000    0.79167    0.70833    0.23539    0.53285    0.54609    0.00000    0.37063    0.33944    0.20833    0.87987    0.08314    0.00000    0.08875    0.02884
   0.34301    0.10283    0.03018    0.30762    0.20833    0.00000    0.29167    0.95833    0.18046    0.52193    0.56657    0.00000    0.36929    0.31355    0.04167    0.87120    0.06318    0.00448    0.09106    0.00000
   0.10036    0.10151    0.04903    0.36536    0.62500    0.00000    0.45833    0.45833    0.24554    0.51875    0.63589    0.01151    0.35359    0.34042    0.70833    0.76114    0.07706    0.00000    0.08954    0.00000
   0.00000    0.10793    0.03055    0.17198    0.29167    0.00000    0.95833    0.62500    0.21974    0.52038    0.54773    0.00000    0.37364    0.32217    0.12500    0.78474    0.08162    0.00000    0.08433    0.00000
   0.00328    0.10321    0.02627    0.13559    0.12500    0.00000    0.62500    0.87500    0.21441    0.52831    0.60122    0.00000    0.31337    0.31424    0.87500    0.79388    0.09823    0.00000    0.08743    0.00000
   0.00000    0.09710    0.04446    0.19744    0.95833    0.00000    0.37500    0.79167    0.22535    0.52844    0.25276    0.00000    0.36778    0.31093    0.29167    0.78537    0.09488    0.04169    0.08727    0.02439
   0.02771    0.10249    0.03894    0.17428    0.09093    0.00000    0.04167    0.20833    0.20239    0.52608    0.54258    0.00258    0.00038    0.32613    0.95833    0.78848    0.09243    0.00000    0.09300    0.04785
   0.00000    0.10593    0.04692    0.16042    0.71986    0.00000    0.54167    0.12500    0.21843    0.50806    0.50848    0.00344    0.31081    0.31571    0.79167    0.79747    0.09513    0.00000    0.08698    0.01225
   0.00000    0.10466    0.05545    0.20768    0.74147    0.00000    0.70833    0.37500    0.23829    0.51546    0.47488    0.01219    0.36991    0.31339    0.45833    0.75860    0.07580    0.00000    0.08890    0.01454
   0.00000    0.09835    0.04642    0.00000    0.55254    0.00000    0.20833    0.54167    0.21580    0.50908    0.43139    0.00654    0.36087    0.29367    0.62500    0.81275    0.08650    0.00000    0.08976    0.01544
   0.00000    0.10560    0.03849    0.21984    0.60960    0.00591    0.87500    0.04167    0.21728    0.50576    0.38854    0.01142    0.35843    0.27163    0.26449    0.78818    0.10356    0.00000    0.08997    0.04058
   0.00000    0.10153    0.04707    0.18721    0.64297    0.00000    0.84539    0.29167    0.22240    0.50158    0.43610    0.02148    0.35768    0.25105    0.36065    0.79958    0.09300    0.00000    0.29167    0.02356
   0.00000    0.10449    0.04764    0.15642    0.63347    0.00000    0.81898    1.00000    0.22250    0.50934    0.45531    0.01815    0.38009    0.26368    0.41961    0.60328    0.08967    0.00000    0.54167    0.03306
   0.00000    0.10358    0.04924    0.15541    0.62311    0.00000    0.77199    0.48338    0.21993    0.48682    0.00000    0.02358    0.36641    0.25634    0.39916    0.68929    0.62500    0.00000    0.79167    0.04035
   0.00000    0.10151    0.05627    0.19257    0.36091    0.00000    0.67119    0.95934    0.20627    0.46079    0.46212    0.01779    0.35674    0.24879    0.28591    0.46536    0.79167    0.00000    0.04167    0.12089
   0.00000    0.20833    0.05888    0.18473    0.57172    0.00000    0.59031    0.69660    0.21420    0.47297    0.46737    0.01383    0.37200    0.29185    0.26490    0.73889    0.54167    0.00000    0.37500    0.04426
   0.00000    0.87500    0.05000    0.21428    0.28157    0.00000    0.77222    0.77469    0.22295    0.37814    0.32825    0.01843    0.37178    0.26742    0.18480    0.67652    0.04167    0.00000    0.87500    0.05433
   0.00000    0.29167    0.05400    0.17843    0.60729    0.00000    0.82633    0.75870    0.21308    0.44773    0.08342    0.02006    0.36376    0.26022    0.43868    0.69129    0.87500    0.00000    0.12500    0.04376
   0.01244    0.45833    0.05634    0.19343    0.63184    0.00000    0.69512    0.68766    0.21095    0.43748    0.00000    0.01921    0.35768    0.26904    0.26339    0.67983    0.70833    0.00000    0.62500    0.19134
   0.01957    0.37500    0.95833    0.16790    0.62258    0.45833    0.64842    0.72034    0.21325    0.47152    0.12727    0.01722    0.35524    0.27280    0.30092    0.70140    0.29167    0.00000    0.95833    0.04416
   0.00000    0.04167    0.62500    0.20126    0.62004    0.79167    0.66797    0.66602    0.21078    0.44821    0.00000    0.01782    0.36071    0.28415    0.30667    0.67083    0.12500    0.00000    0.20833    0.03451
   0.03169    0.95833    0.20833    0.17987    0.66114    0.29167    0.71485    0.68116    0.20495    0.32471    0.06505    0.95833    0.36025    0.25960    0.34786    0.68815    0.95833    0.00000    0.45833    0.04024
   0.00000    0.62500    0.87500    0.22015    0.59529    0.12500    0.72955    0.68649    0.18694    0.45275    0.05857    0.20833    0.36496    0.27772    0.31923    0.53261    0.45833    0.00000    0.70833    0.03808
   0.01506    0.54167    0.54167    0.31590    0.60668    0.37500    0.67847    0.67640    0.21438    0.44032    0.06702    0.87500    0.36710    0.26956    0.28605    0.65569    0.20833    0.00000    0.31287    0.05053
   0.00000    0.70833    0.29167    0.13300    0.58525    0.04167    0.67175    0.67974    0.21273    0.43351    0.07362    0.54167    0.36209    0.27280    0.21115    0.70638    0.37500    0.00000    0.36992    0.04136
   0.00000    0.12500    0.70833    0.35528    0.59507    0.95833    0.66713    0.65321    0.21173    0.45701    0.06339    0.70833    0.36786    0.26667    0.09141    1.00000    0.73291    0.00000    0.44453    0.04137
   0.00000    0.79167    0.45833    0.21166    0.57711    0.62500    0.64421    0.63350    0.20679    0.20833    0.06799    0.37500    0.36560    0.27252    0.19868    0.72453    0.49420    0.00000    0.32452    0.04273
   0.00000    0.37008    0.12500    0.01163    0.57866    0.87500    0.54845    0.42145    0.21358    0.12500    0.06883    0.62500    0.37141    0.27551    0.19536    0.80007    0.60039    0.00000    0.34519    0.04295
   0.00000    0.33702    0.79167    0.19275    0.59542    0.70833    0.00000    0.57904    0.20844    0.04167    0.08077    0.29167    0.36747    0.26696    0.09053    0.55146    0.60005    0.00000    0.31942    0.04094
   0.00000    0.41428    0.37500    0.21006    0.51790    0.20833    0.41153    0.44423    0.20855    0.62500    0.08627    0.45833    0.36841    0.26782    0.28602    0.69975    0.42737    0.00000    0.34154    0.03923
   0.00000    0.45559    0.04167    0.32399    0.54231    0.54167    0.53192    0.23062    0.20792    0.54167    0.08450    0.12500    0.36228    0.26955    0.25067    1.00000    0.37681    0.00000    0.37139    0.03792
   0.00000    0.29210    1.00000    0.08246    0.54106    0.77303    0.55028    0.45233    0.20662    0.70833    0.07485    0.79167    0.79167    0.26768    0.22022    0.70562    0.41257    0.00000    0.34288    0.03807
   0.00000    0.40616    1.00000    0.14618    0.56368    0.41174    0.56707    0.45248    0.20922    0.29167    0.08524    0.04167    0.62500    0.27112    0.39299    0.71349    0.56913    0.00000    0.39473    0.03888
   0.00000    0.38240    1.00000    0.15200    0.54883    0.65504    0.56763    0.47819    0.21315    0.45833    0.08884    0.26584    0.45833    0.95833    0.26804    0.72655    0.33608    0.00000    0.32622    0.04049
   0.00000    0.37068    0.94726    0.26137    0.51103    0.47977    0.51889    0.46045    0.20635    0.37500    0.05493    1.00000    0.12500    0.12500    0.23964    0.71320    0.00000    0.00000    0.36482    0.03732
   0.00000    0.39314    1.00000    0.19595    0.57478    0.41305    0.52739    0.42175    0.21090    0.95833    0.05192    0.48028    0.04167    0.45833    0.17898    0.74001    0.00000    0.00000    0.33894    0.29167
   0.00000    0.38917    0.85276    0.21458    0.54881    0.52423    0.53325    0.44966    0.20859    0.87500    0.06856    1.00000    0.29167    0.29167    0.25215    0.73746    0.00000    0.00000    0.26988    0.95833
   0.00000    0.36004    1.00000    0.14046    0.55524    0.51192    0.50938    0.44330    0.70833    0.79167    0.08030    0.54550    0.70833    0.20833    0.21054    0.76178    0.00000    0.00000    0.15585    0.20833
   0.00000    0.35146    0.95267    0.18964    0.52992    0.53479    0.50764    0.45422    0.87500    1.00000    0.03944    0.56172    0.95833    0.62500    0.21097    0.70903    0.06204    0.00000    0.00000    0.54167
   0.00000    0.32751    0.92618    0.20626    0.53977    0.53749    0.53474    0.44431    0.62500    0.53297    0.05251    0.67932    0.87500    0.37500    0.20171    0.72292    0.00000    0.79167    0.00000    0.37500
   0.00000    0.28326    1.00000    0.21804    0.53933    0.51205    0.49699    0.45698    0.04167    0.61421    0.07340    0.62569    0.54167    0.79167    0.17903    0.71736    0.00000    0.04167    0.00275    0.12500
   0.00000    0.26321    0.84910    0.21297    0.54268    0.91626    0.49771    0.45542    0.20833    0.35741    0.04859    0.53710    0.37500    0.70833    0.15285    0.71360    0.00000    0.87500    0.00000    0.87500
   0.00000    0.30560    0.93556    0.19707    0.53748    0.54840    0.47517    0.46459    0.45833    0.20317    0.04002    0.74769    0.20833    0.54167    0.15435    0.71806    0.00000    0.45833    0.00000    0.62500
   0.00000    0.36823    0.95229    0.19813    0.53129    0.77578    0.41345    0.44546    0.54167    0.00000    0.05920    0.74228    1.00000    0.87500    0.15642    0.72597    0.00000    0.37500    0.00351    0.45833
   0.00000    0.43559    0.94743    0.20384    0.52912    0.54620    0.41751    0.44374    0.79167    0.00000    0.06324    0.62487    1.00000    0.04167    0.20538    0.70668    0.00000    0.70833    0.00088    0.79167
   0.00000    0.46050    0.96691    0.20690    0.53769    0.56045    0.39983    0.44967    0.95833    0.09125    0.07555    0.61200    0.80858    0.81884    0.25784    0.69706    0.00000    0.29167    0.00000    0.04167
   0.00000    0.26805    0.95948    0.21587    0.54625    0.55429    0.42626    0.44635    0.37500    0.00000    0.06206    0.60874    0.80603    0.44561    0.26759    0.69785    0.00646    0.62500    0.00000    0.70833
   0.00000    0.24427    0.95909    0.19988    0.65154    0.55119    0.39836    0.44132    0.12500    0.10807    0.06175    0.87273    0.78070    0.58931    0.32558    0.71277    0.00858    0.54167    0.00000    1.00000
   0.00000    0.30312    0.96250    0.19532    0.53335    0.53515    0.45090    0.44644    0.29167    0.05764    0.06299    0.61293    0.78035    0.52965    0.25550    0.69993    0.00000    0.12500    0.00000    1.00000
   0.00005    0.27870    0.97266    0.18419    0.54482    0.42100    0.42349    0.43732    0.36702    0.11941    0.07351    0.56784    0.90338    0.58885    0.17830    0.71917    0.00000    0.95833    0.00000    0.67494
   0.00436    0.00000    0.94982    0.19935    0.53700    0.58369    0.35172    0.46573    1.00000    0.11280    0.10397    0.62764    1.00000    0.44252    0.26700    0.69692    0.00000    0.20833    0.00000    0.71264
   0.00000    0.19541    0.97947    0.20123    0.53509    0.50986    0.46061    0.45259    0.64091    0.00000    0.07616    0.60355    0.89765    0.51069    0.23776    0.70573    0.00000    0.30370    0.00000    0.73726
   0.00000    0.00000    0.97315    0.20154    0.53622    0.84221    0.42286    0.44924    0.55480    0.12186    0.12109    0.91285    0.86578    0.53610    0.20577    0.70783    0.00000    0.38633    0.00000    0.64980
   0.00000    0.38353    1.00000    0.19585    0.53346    0.45461    0.43654    0.43948    0.49626    0.11924    0.08822    0.65938    1.00000    0.55170    0.24162    0.69928    0.00000    0.45836    0.01268    0.63971
   0.00000    0.27210    0.95911    0.20260    0.53410    0.55295    0.42494    0.44382    0.52336    0.10297    0.12285    0.75872    0.88603    0.39316    0.34132    0.70960    0.00000    0.45978    0.00000    0.63055
   0.00000    0.30362    0.98141    0.20436    0.53711    0.00000    0.41900    0.44589    0.54618    0.17888    0.07645    0.55983    1.00000    0.50621    0.26739    0.69894    0.00000    0.16060    0.00000    0.59696
   0.00000    0.30307    0.97958    0.20091    0.53599    0.47286    0.41151    0.44135    0.61539    0.00000    0.09030    0.61146    0.89169    0.56087    0.22640    0.70284    0.00000    0.18117    0.00416    0.57612
   0.00000    0.30011    0.42984    0.19897    0.53441    0.45482    0.41887    0.44614    0.54232    0.00000    0.08088    0.61603    0.91785    0.36199    0.26283    0.69430    0.00000    0.34050    0.00000    0.71317
   0.00000    0.22877    0.36254    0.19660    0.53272    0.38030    0.42312    0.44189    0.53873    0.00000    0.06339    0.52895    0.92031    0.21565    0.26035    0.69828    0.00000    0.58243    0.01959    0.68095
   0.00000    0.29160    0.95138    0.20023    0.53482    0.46076    0.41938    0.44101    0.50261    0.00000    0.11089    0.56753    0.87558    0.42357    0.25509    0.69606    0.00000    0.00000    0.01999    0.59648
   0.00000    0.30580    1.00000    0.20200    0.53314    0.45311    0.41964    0.44128    0.60514    0.01655    0.12127    0.52327    0.84098    0.42844    0.26860    0.69261    0.00000    0.15254    0.00000    0.24155
   0.00000    0.27253    1.00000    0.20200    0.53395    0.41142    0.39933    0.44184    0.54279    0.00000    0.11000    0.54295    0.93903    0.36736    0.25070    0.69213    0.00000    0.17653    0.03406    0.00000
   0.00000    0.24475    1.00000    0.19946    0.53580    0.50712    0.38726    0.44334    0.54894    0.00000    0.11701    0.59339    0.90779    0.39318    0.25983    0.69142    0.00018    0.13800    0.03330    0.27206
   0.00444    0.25737    0.95634    0.54167    0.53482    0.46220    0.38842    0.43827    0.64887    0.00000    0.20015    0.60932    0.85975    0.41671    0.21794    0.69683    0.00000    0.15276    0.01392    0.39195
   0.00844    0.11601    1.00000    0.62500    0.54167    0.20033    0.38157    0.44273    0.71564    0.00000    0.08196    0.60793    0.88176    0.48679    0.30256    0.69726    0.00000    0.10771    0.01028    0.23044
   0.02170    0.24831    0.96802    0.95833    0.20833    0.46022    0.38865    0.43634    0.62198    0.00000    0.09441    0.60756    0.91310    0.37520    0.25163    0.87500    0.00000    0.13202    0.00000    0.30296
   0.01618    0.24333    0.95656    0.29167    0.29167    0.45933    0.39074    0.42757    0.62616    0.04420    0.09198    0.60632    0.89217    0.48158    0.26047    0.79167    0.00000    0.12337    0.00000    0.27171
   0.02866    0.23724    0.97904    0.87500    0.87500    0.46301    0.38418    0.44093    0.68285    0.00000    0.13303    0.60720    0.86927    0.45817    0.23299    0.95833    0.00000    0.17638    0.01044    0.24287
   0.01411    0.22610    1.00000    0.79167    0.95833    0.49256    0.39244    0.43794    0.86691    0.00000    0.12174    0.60353    0.89268    0.48109    0.23872    0.45833    0.00000    0.19508    0.00000    0.16718
   0.01308    0.26556    1.00000    0.20833    0.62500    0.48971    0.38035    0.44401    0.64399    0.00000    0.13571    0.61012    0.89152    0.39977    0.26370    0.62500    0.00000    0.23593    0.01043    0.15623
   0.02572    0.24376    1.00000    0.12500    0.37500    0.46391    0.37226    0.43684    0.80986    0.00000    0.14696    0.59697    0.90164    0.45382    0.23738    0.70833    0.00000    0.18774    0.01996    0.18554
   0.03743    0.19615    0.97180    0.70833    0.04167    0.46595    0.36887    0.43841    0.77159    0.00937    0.13792    0.58678    0.96650    0.43937    0.23714    0.29167    0.00000    0.18324    0.01860    0.21364
   0.02939    0.25662    0.97902    0.04167    0.12500    0.44901    0.36265    0.43618    0.32396    0.01104    0.79167    0.60986    0.91749    0.45267    0.22177    0.37500    0.00000    0.13552    0.00962    0.28650
   0.03057    0.24266    0.97614    0.37500    0.70833    0.46443    0.30937    0.43792    0.69339    0.00000    0.04167    0.59315    0.89620    0.47292    0.21813    0.54167    0.00000    0.11466    0.02040    0.18362
   0.03174    0.22640    1.00000    0.45833    0.79167    0.47595    0.36311    0.43768    0.71217    0.00000    0.45833    0.59872    0.91351    0.43101    0.21966    0.04167    0.00000    0.09471    0.05073    0.16905
   0.02880    0.22784    0.98448    0.78462    0.45833    0.46876    0.36182    0.43931    0.68400    0.00000    0.29167    0.59197    0.91097    0.46397    0.25027    0.20833    0.00000    0.18080    0.00189    0.22088
   0.03257    0.23498    0.97835    1.00000    0.38537    0.47960    0.35410    0.87500    0.70182    0.00000    0.62500    0.58582    0.90417    0.43448    0.22893    0.12500    0.00000    0.07962    0.00000    0.19766
   0.03151    0.24566    0.97110    0.71839    0.27877    0.47501    0.37065    0.45833    0.67477    0.02972    0.12500    0.59098    0.93042    0.44054    0.21600    0.89034    0.00000    0.13065    0.00000    0.16190
   0.03173    0.21519    0.97453    0.64735    0.33360    0.47229    0.36886    0.62500    0.69894    0.00000    0.87500    0.59031    0.93606    0.41656    0.15044    0.41174    0.00000    0.15486    0.00000    0.15034
   0.04736    0.20537    0.99603    0.87045    0.20501    0.47692    0.36578    0.20833    0.67950    0.00000    0.37500    0.59616    0.91858    0.42191    0.18204    0.62416    0.00000    0.14689    0.00000    0.00003
   0.06685    0.20982    1.00000    1.00000    0.21903    0.46674    0.36415    0.95833    0.66207    0.00000    0.70833    0.59352    0.91702    0.41027    0.18937    0.54984    0.00000    0.10647    0.00000    0.12800
   0.07719    0.20346    0.99645    0.68666    0.19014    0.46634    0.36323    0.29167    0.67215    0.00000    0.54167    0.59298    0.90783    0.42340    0.17842    0.54423    0.00000    0.12457    0.00720    0.12216
   0.05687    0.20559    1.00000    0.78293    0.28544    0.46336    0.36919    0.70833    0.65692    0.00000    0.95833    0.59441    0.92041    0.43397    0.19533    0.45395    0.00000    0.13365    0.03010    0.14223
   0.06133    0.20830    0.99613    0.67108    0.35251    0.46526    0.79167    0.04167    0.66737    0.00000    0.20833    0.58522    0.90833    0.42107    0.20512    0.41408    0.00000    0.13393    0.01764    0.10968
   0.07489    0.19061    1.00000    0.73462    0.23024    0.46984    0.29167    0.79167    0.66520    0.01877    0.93279    0.57850    0.90787    0.39797    0.19279    0.43785    0.00000    0.12421    0.02453    0.14400
   0.09429    0.19226    1.00000    0.71555    0.11254    0.46515    0.37500    0.37500    0.67024    0.02313    0.35552    0.57207    0.79167    0.42785    0.20360    0.50006    0.00000    0.11514    0.04168    0.13446
   0.06813    0.20594    0.99986    0.67519    0.23418    0.46291    0.04167    0.54167    0.65603    0.02710    0.47603    0.57532    0.62500    0.42604    0.19515    0.46561    0.54167    0.12583    0.03564    0.13539
   0.06876    0.19149    0.37500    0.55090    0.38426    0.46143    0.87500    0.12500    0.62540    0.00798    0.48542    0.57391    0.95833    0.41467    0.20552    0.51133    0.95833    0.12546    0.00158    0.12254
   0.07300    0.21411    0.70833    0.68609    0.19059    0.46327    0.54167    1.00000    0.60081    0.01002    0.55052    0.57488    0.12500    0.42025    0.19715    0.45654    0.87500    0.12352    0.01901    0.11646
   0.06958    0.21182    0.79167    0.38543    0.24669    0.45931    0.45833    1.00000    0.32217    0.02601    0.48529    0.57032    0.54167    0.43407    0.20433    0.46427    0.79167    0.12293    0.01429    0.12816
   0.62500    0.20127    0.04167    0.65308    0.22323    0.45986    0.12500    0.67834    0.59755    0.00196    0.42312    0.57469    0.70833    0.42892    0.20557    0.41245    0.29167    0.12396    0.01602    0.13728
   0.29167    0.20303    0.87500    0.64434    0.27146    0.45879    0.95833    0.71052    0.58911    0.01528    0.40840    0.57495    0.29167    0.42385    0.20168    0.18183    0.62500    0.12005    0.01428    0.12598
   0.54167    0.19649    0.54167    0.68367    0.22035    0.45750    0.62500    0.69576    0.53758    0.01689    0.39395    0.57347    0.45833    0.41506    0.20416    0.21276    0.37500    0.12762    0.02103    0.13903
   0.79167    0.20786    0.45833    0.67239    0.17814    0.45937    0.70833    0.65577    0.57544    0.01850    0.39795    0.58138    0.87500    0.41418    0.20688    0.00120    0.70833    0.12564    0.02311    0.13003
   0.95833    0.21296    0.12500    0.68276    0.21647    0.45700    0.20833    0.50009    0.44157    0.02488    0.43611    0.57756    0.04167    0.42015    0.79167    0.19296    0.20833    0.12124    0.02677    0.13136
   0.12500    0.19831    0.95833    0.68937    0.13794    0.45828    1.00000    0.58628    0.51749    0.03270    0.36317    0.57506    0.37500    0.42062    0.37500    0.00000    0.12500    0.12285    0.02908    0.13366
   0.87500    0.22569    0.20833    0.65318    0.17965    0.46009    1.00000    0.79403    0.24509    0.03006    0.42052    0.56945    0.20833    0.42602    0.45833    0.22771    0.04167    0.12161    0.02398    0.13174
   0.04167    0.21644    0.29167    0.65839    0.00000    0.87500    0.77612    0.57826    0.47914    0.02972    0.43140    0.95833    0.59851    0.41822    0.29167    0.17949    0.45833    0.12503    0.02767    0.12739
   0.20833    0.20837    0.62500    0.65044    0.09908    0.95833    0.74823    0.35582    0.42099    0.02925    0.27997    0.54167    0.55865    0.42725    0.87500    0.11881    0.73324    0.12609    0.02776    0.13565
   0.45833    0.20836    1.00000    0.64801    0.11849    0.54167    0.84862    0.59051    0.58132    0.03016    0.00000    0.29167    0.65916    0.42088    0.95833    0.00000    1.00000    0.70833    0.02708    0.13437
   0.70833    0.21209    0.88153    0.65140    0.10471    0.37500    0.79115    0.48918    0.53216    0.02866    0.01264    0.79167    0.52726    0.41643    0.04167    0.00000    0.81566    0.04167    0.02441    0.37500
   0.37500    0.20099    0.65074    0.65191    0.06416    0.70833    0.76836    0.47685    0.54941    0.02717    0.00000    0.37500    0.57936    0.41873    0.12500    0.00000    0.88703    0.45833    0.70833    0.70833
   0.08379    0.21402    0.67895    0.65419    0.09996    0.79167    0.84085    0.56579    0.53093    0.02758    0.00000    0.87500    0.75375    0.41844    0.70833    0.00000    0.90810    0.87500    0.20833    0.79167
   0.50774    0.21582    0.41605    0.65423    0.12650    0.20833    0.78612    0.43257    0.43783    0.02981    0.00000    0.12500    0.59598    0.42050    0.54167    0.00000    0.91251    0.20833    0.87500    0.95833
   0.45060    0.21367    0.67876    0.64234    0.11671    0.29167    0.77604    0.02133    0.53123    0.02911    0.00000    0.62500    0.58598    0.41899    0.62500    0.00000    1.00000    0.62500    0.37500    0.12500
   0.32292    0.22235    0.54809    0.65340    0.09483    0.62500    0.76029    0.43994    0.54371    0.03124    0.00000    0.20833    0.51697    0.41622    0.20833    0.00000    0.93030    0.37500    0.45833    0.54167
   0.54281    0.20993    0.50595    0.65013    0.10536    0.45833    0.79811    0.37339    0.53807    0.02865    0.00000    0.70833    0.63703    0.41697    0.82188    0.00000    0.94417    0.79167    0.04167    0.45833
   0.60802    0.21596    0.49329    0.65394    0.09808    0.04167    0.79046    0.37238    0.52623    0.02971    0.00000    0.45833    0.62685    0.41535    0.62375    0.00000    0.93366    0.12500    0.95833    0.87500
   0.43481    0.21450    0.62316    0.65809    0.00000    0.12500    0.81718    0.43368    0.53178    0.03242    0.00000    0.04167    0.62183    0.41592    0.55391    0.00000    0.94396    0.54167    0.54167    0.04167
   0.41245    0.22005    0.31585    0.66717    0.12183    0.10715    0.80630    0.43177    0.52495    0.02840    0.00000    0.77098    0.60940    0.41788    0.55340    0.00000    0.90044    0.95833    0.62500    0.20833
   0.44317    0.21864    0.39230    0.66991    0.09506    0.15107    0.86044    0.38117    0.52880    0.02921    0.00000    0.56492    0.61883    0.41622    0.70063    0.00000    0.87965    0.29167    0.12500    0.29167
   0.40071    0.21749    0.00000    0.66927    0.10148    0.41818    0.78617    0.22995    0.52813    0.02898    0.00000    0.62286    0.62104    0.41185    0.48915    0.00000    0.89204    0.52247    0.79167    0.62500
   0.47960    0.21827    0.60080    0.56369    0.09056    0.36794    0.82644    0.33307    0.51568    0.02939    0.00000    0.46795    0.53307    0.41337    0.41658    0.02616    0.93648    0.00915    0.29167    1.00000
   0.42698    0.21095    0.29288    0.82858    0.08424    0.42598    1.00000    0.22167    0.51313    0.29167    0.00000    0.47809    0.51474    0.41330    0.42469    0.00000    0.90841    0.53870    0.58640    1.00000
   0.43693    0.45833    0.19513    0.49407    0.09662    0.36371    0.86143    0.20533    0.52050    0.04167    0.00000    0.47187    0.55308    0.41092    0.47927    0.00000    0.89556    0.45678    0.15444    0.70134
   0.40206    0.87500    0.33844    0.66106    0.06550    0.38661    0.77557    0.15162    0.52490    0.20833    0.02640    0.40975    0.55656    0.41367    0.37895    0.00000    0.88709    0.43383    0.45962    0.89562
   0.40310    0.04167    0.36047    0.64849    0.06837    0.35527    0.76516    0.16892    0.51199    0.62500    0.01985    0.48384    0.55281    0.70833    0.34931    0.00000    0.89504    0.41132    0.67616    0.80842
   0.39541    0.62500    0.33958    0.66610    0.07843    0.32800    0.75590    0.12788    0.51552    0.45833    0.00000    0.44639    0.54872    0.37500    0.41479    0.00000    0.87433    0.38685    0.63289    0.76486
   0.47319    0.20833    0.41032    0.63071    0.08311    0.28714    0.73385    0.14758    0.51219    0.87500    0.02773    0.47901    0.54346    0.12500    0.46647    0.00000    0.86256    0.67669    0.50778    0.74105
   0.40414    0.29167    0.41545    0.64524    0.06744    0.29888    0.69078    0.12796    0.52160    0.12500    0.04384    0.49173    0.54586    0.04167    0.37871    0.00000    0.86242    0.51515    0.57464    0.72671
   0.43978    0.70833    0.43493    0.60290    0.07474    0.42951    0.53761    0.15618    0.50720    0.54167    0.04247    0.55783    0.55314    0.79167    0.52810    0.00000    0.84269    0.49258    0.52065    0.74809
   0.42026    0.79167    0.38991    0.55178    0.04424    0.33531    0.64879    0.07423    0.51470    0.37500    0.02109    0.46159    0.57182    0.45833    0.46046    0.00000    0.86118    0.52530    0.53612    0.73290
   0.44026    0.37500    0.41573    0.62890    0.07670    0.33244    0.67890    0.00000    0.52180    0.79167    0.00000    0.46560    0.55444    0.54167    0.40674    0.00000    0.84867    0.44624    0.57429    0.73763
   0.43950    0.95833    0.40737    0.61890    0.05118    0.33357    0.68995    0.00000    0.50551    0.95833    0.06196    0.47093    0.54081    0.20833    0.48285    0.00000    0.84752    0.51286    0.52050    0.73674
   0.42542    0.12500    0.41169    0.63692    0.06739    0.33976    0.51961    0.00000    0.45833    0.70833    0.07741    0.44363    0.56729    0.95833    0.41576    0.00000    0.84208    0.27314    0.55470    0.73031
   0.31938    0.54167    0.35969    0.63521    0.07737    0.43332    0.66941    0.00000    0.70833    0.00000    0.06838    0.38789    0.54382    0.87500    0.38724    0.00000    0.85679    0.45653    0.54350    0.73782
   0.44161    0.58879    0.37204    0.63675    0.06190    0.33706    0.70980    0.00000    0.95833    0.00000    0.03536    0.12383    0.54431    0.62500    0.47290    0.00000    0.81996    0.52462    0.53968    0.72137
   0.41314    0.58714    0.36325    0.63549    0.06321    0.42476    0.75699    0.00000    0.62500    0.00000    0.05274    0.00000    0.53333    0.29167    0.48106    0.00090    0.68949    0.45006    0.53466    0.76360
   0.40757    0.40509    0.33574    0.63008    0.05532    0.43855    0.72306    0.00000    0.87500    0.00000    0.04327    0.00000    0.53226    0.00000    0.44921    0.00000    0.73799    0.42238    0.56113    0.76185
   0.42546    0.62135    0.35318    0.62868    0.07320    0.45761    0.72389    0.00000    0.79167    0.00000    0.05327    0.12052    0.50797    0.00000    0.46785    0.00000    0.56724    0.45706    0.54450    0.80017
   0.38374    0.00000    0.38347    0.62185    0.07722    0.35799    0.64848    0.00306    0.20833    0.00000    0.04541    0.11422    0.50897    0.00000    0.47751    0.00000    0.44200    0.47511    0.58617    1.00000
   0.19709    0.00000    0.35983    0.63215    0.09779    1.00000    0.63745    0.00000    0.12500    0.60972    0.02456    0.16443    0.89157    0.00000    0.46926    0.00000    0.28993    0.45326    0.55342    0.80157
   0.33637    0.00000    0.34920    0.62784    0.09146    0.54870    0.60495    0.00000    0.37500    0.24681    0.03585    0.16463    0.48821    0.00000    0.42994    0.00000    0.00851    0.46029    0.54731    0.79512
   0.39911    0.12786    0.34126    0.63063    0.08189    0.45522    0.65280    0.00000    0.04167    0.09471    0.04826    0.14618    0.23088    0.00000    0.46392    0.00000    0.24671    0.45124    0.56413    0.84275
   0.38557    0.02748    0.36572    0.63134    0.09398    0.42305    0.61144    0.00000    0.29167    0.10938    0.03656    0.13402    0.02464    0.00000    0.44765    0.00000    0.24012    0.42154    0.56248    0.82048
   0.38204    0.00000    0.32387    0.63175    0.08997    0.44864    0.56874    0.00000    0.54167    0.22905    0.05417    0.31773    0.31630    0.00000    0.45232    0.00000    0.24322    0.44313    0.56217    0.88689
   0.37786    0.00000    0.35024    0.62904    0.08492    0.39486    0.50119    0.00000    0.00000    0.09792    0.03024    0.18364    0.21636    0.00463    0.43211    0.00000    0.17943    0.46839    0.56477    0.78294
   0.38611    0.00000    0.34706    0.62887    0.09670    0.47605    0.51200    0.00000    0.11040    0.12564    0.03276    0.18878    0.17356    0.00000    0.46239    0.00000    0.22386    0.46331    0.57957    0.81626
   0.35985    0.00000    0.35353    0.62989    0.08592    0.43916    0.44877    0.00000    0.00000    0.13067    0.04591    0.15657    0.26244    0.00000    0.42171    0.00000    0.24265    0.45294    0.54875    0.88941
   0.34772    0.00000    0.35699    0.63247    0.08832    0.00000    0.45305    0.00000    0.00000    0.11847    0.03412    0.20370    0.24394    0.00000    0.44136    0.00000    0.22679    0.45198    0.54870    0.78254
