   0.53571    0.53571    0.32143    0.67857    0.67857    0.53571    0.32143    0.82143    0.82143    0.39286    0.82143    0.17857    0.67857    0.89286    0.46429    0.75000    0.17857    0.67857    0.32143    0.10714
   0.17857    0.17857    0.10714    0.53571    0.46429    0.82143    0.39286    0.60714    0.03571    0.89286    0.46429    0.39286    0.60714    0.75000    0.39286    0.82143    0.32143    0.75000    0.60714    0.32143
   0.89286    0.10714    0.25000    0.60714    0.25000    0.67857    0.53571    0.03571    0.46429    0.17857    0.03571    0.32143    0.03571    0.32143    0.10714    0.46429    0.96429    0.82143    0.53571    0.75000
   0.75000    0.03571    0.82143    0.25000    0.96429    0.10714    0.96429    0.46429    0.39286    0.25000    0.25000    0.46429    0.82143    0.60714    0.17857    0.89286    0.25000    0.39286    0.89286    0.96429
   0.03571    0.67857    0.46429    0.10714    0.89286    0.03571    0.25000    0.25000    0.10714    0.03571    0.67857    0.75000    0.10714    0.53571    0.32143    0.67857    0.39286    0.03571    0.96429    0.82143
   0.60714    0.75000    0.39286    0.03571    0.60714    0.39286    0.10714    0.89286    0.67857    0.32143    0.39286    0.96429    0.46429    0.96429    0.96429    0.39286    0.53571    0.53571    0.25000    0.53571
   0.67857    0.60714    0.96429    0.17857    0.17857    0.75000    0.82143    0.67857    0.25000    0.46429    0.10714    0.89286    0.75000    0.82143    0.75000    0.96429    0.89286    0.10714    0.17857    0.39286
   0.32143    0.39286    0.03571    0.82143    0.82143    0.25000    0.17857    0.32143    0.75000    0.53571    0.89286    0.10714    0.25000    0.17857    0.25000    0.03571    0.10714    0.89286    0.82143    0.60714
   0.39286    0.25000    0.60714    0.96429    0.39286    0.60714    0.89286    0.10714    0.32143    0.67857    0.60714    0.03571    0.53571    0.03571    0.03571    0.60714    0.46429    0.46429    0.75000    0.46429
   0.96429    0.32143    0.53571    0.89286    0.10714    0.96429    0.75000    0.75000    0.89286    0.96429    0.32143    0.25000    0.89286    0.46429    0.67857    0.32143    0.60714    0.96429    0.03571    0.17857
   0.25000    0.96429    0.17857    0.75000    0.03571    0.89286    0.03571    0.53571    0.60714    0.75000    0.75000    0.53571    0.17857    0.39286    0.82143    0.10714    0.75000    0.60714    0.10714    0.03571
   0.10714    0.89286    0.75000    0.39286    0.75000    0.32143    0.46429    0.96429    0.53571    0.82143    0.96429    0.67857    0.96429    0.67857    0.89286    0.53571    0.03571    0.17857    0.46429    0.25000
   0.82143    0.82143    0.89286    0.46429    0.53571    0.17857    0.60714    0.39286    0.96429    0.10714    0.53571    0.60714    0.39286    0.25000    0.60714    0.17857    0.67857    0.25000    0.39286    0.67857
   0.46429    0.46429    0.67857    0.32143    0.32143    0.46429    0.67857    0.17857    0.17857    0.60714    0.17857    0.82143    0.32143    0.10714    0.53571    0.25000    0.82143    0.32143    0.67857    0.89286
   0.00000    0.00000    0.00000    0.02367    0.92038    0.36610    0.00000    0.29703    1.00000    0.00000    0.68364    0.12495    0.00000    0.52155    0.00000    0.00000    0.00000    0.15216    0.85756    0.20668
   0.00000    0.05367    0.07061    0.00000    0.86068    0.29723    0.07938    0.00000    0.00000    0.00000    0.43781    0.42711    0.00000    0.25513    0.22748    0.00000    0.03639    0.00000    0.00000    0.44763
   0.00000    0.00000    0.39876    0.00000    0.23164    0.60635    0.51199    0.00000    0.41083    0.02025    0.50016    0.00000    0.28601    0.33290    0.25945    0.00000    0.28624    0.00000    0.00000    0.45241
   0.00000    0.00000    0.17905    0.17056    0.50638    0.56537    0.25028    0.13776    0.59772    0.02696    0.34003    0.23030    0.12036    0.32930    0.29384    0.00000    0.33235    0.00000    0.00000    0.32948
   0.00000    0.00000    0.00000    0.00000    0.42785    0.97858    0.26720    0.00000    0.44210    0.00000    0.53824    0.00000    0.00000    0.27978    0.46043    0.00000    0.07209    0.26185    0.00000    0.41575
   0.10229    0.09910    0.00284    0.00000    0.64704    0.41569    0.12312    0.00000    0.47723    0.09052    0.34679    0.09857    0.00557    0.69665    0.31422    0.00000    0.24152    0.28058    0.00000    0.37753
   0.00000    0.00000    0.00000    0.00000    0.64785    0.51686    0.29988    0.00000    0.26342    0.00000    0.32264    0.11002    0.00000    0.00000    0.33386    0.00000    0.12771    0.21040    0.00000    0.28956
   0.08146    0.00000    0.00000    0.00000    0.53160    0.52645    0.13098    0.00000    0.55083    0.00000    0.29112    0.14136    0.00000    0.30252    0.25639    0.00000    0.21062    0.00000    0.00000    0.40331
   0.02719    0.08825    0.00000    0.00000    0.56409    0.49485    0.21079    0.00000    0.56478    0.00000    0.33793    0.09004    0.16564    0.37478    0.31876    0.00000    0.16080    0.06840    0.00000    0.42551
   0.00000    0.49170    0.00000    0.00000    0.60645    0.43524    0.19351    0.00000    0.57835    0.00000    0.39578    0.08981    0.02253    0.55392    0.33776    0.03437    0.16211    0.12686    0.02342    0.30675
   0.00000    0.00000    0.00000    0.00000    0.53049    0.39311    0.28925    0.00000    0.52322    0.08075    0.33284    0.05130    0.10037    0.35084    0.28669    0.00000    0.18345    0.08090    0.00000    0.37805
   0.04655    0.00000    0.00000    0.00000    0.51141    0.37833    0.21571    0.00000    0.56415    0.00000    0.35261    0.01383    0.00000    0.30653    0.25368    0.10750    0.17613    0.00000    0.04999    0.08431
   0.00000    0.07633    0.00000    0.00000    0.54972    0.55605    0.11719    0.00000    0.50371    0.00000    0.38806    0.08125    0.04492    0.27625    0.26367    0.19436    0.12136    0.00000    0.00000    0.12997
   0.00000    0.00000    0.00000    0.00000    0.68439    0.58626    0.00000    0.00000    0.52299    0.00000    0.37896    0.05095    0.00000    0.27180    0.27767    0.13179    0.20518    0.00000    0.07410    0.04716
   0.00000    0.00000    0.00000    0.00000    0.81707    0.46108    0.10764    0.00000    0.38020    0.00000    0.35645    0.00000    0.00000    0.18897    0.33320    0.00000    0.16642    0.00000    0.11752    0.14085
   0.00000    0.00000    0.00000    0.00000    0.68064    0.43215    0.13508    0.00000    0.51337    0.00000    0.33670    0.06626    0.11369    0.00000    0.32074    0.09030    0.14605    0.00000    0.06176    0.19929
   0.00000    0.00000    0.00000    0.00000    0.64200    0.40357    0.09929    0.00000    0.38940    0.00000    0.35960    0.08009    0.06547    0.18863    0.28232    0.00000    0.02280    0.00000    0.00000    0.13550
   0.01787    0.00000    0.00000    0.00000    0.73303    0.28073    0.15575    0.00000    0.48081    0.00000    0.34385    0.06144    0.24834    0.16290    0.36739    0.12609    0.14442    0.03359    0.06356    0.15721
   0.00000    0.00000    0.01871    0.00000    0.72852    0.49796    0.16106    0.05234    0.42955    0.00000    0.35499    0.05369    0.12791    0.13629    0.40254    0.09009    0.16332    0.00000    0.02937    0.11847
   0.00000    0.00105    0.00000    0.00000    0.80966    0.47629    0.12294    0.00000    0.29633    0.00000    0.33698    0.08472    0.15245    0.20203    0.35341    0.06573    0.18033    0.08078    0.00000    0.13999
   0.01765    0.00000    0.00000    0.00000    0.68392    0.47074    0.07496    0.00000    0.48782    0.00000    0.30927    0.07205    0.13629    0.21750    0.35886    0.09286    0.32703    0.00000    0.07435    0.12817
   0.00000    0.00000    0.00000    0.00000    0.72054    0.54117    0.13477    0.00000    0.47698    0.00000    0.30894    0.08683    0.08993    0.20034    0.37807    0.10375    0.19855    0.00000    0.11776    0.19171
   0.00000    0.00000    0.00000    0.01292    0.64617    0.46153    0.14317    0.00000    0.53510    0.00000    0.29546    0.07164    0.12506    0.21005    0.35062    0.19559    0.15084    0.00000    0.07736    0.20310
   0.00000    0.00000    0.00000    0.00000    0.56076    0.04964    0.14710    0.00000    0.42399    0.00000    0.28067    0.06999    0.10882    0.20851    0.38582    0.00000    0.12775    0.00000    0.10879    0.19514
   0.04099    0.00000    0.00601    0.10775    0.67981    0.43951    0.12294    0.00000    0.37154    0.00000    0.28333    0.13196    0.13121    0.21691    0.37190    0.11254    0.16440    0.00000    0.18352    0.20478
   0.04009    0.00000    0.00000    0.00000    0.69951    0.51998    0.14729    0.00000    0.28664    0.00000    0.30334    0.09141    0.13834    0.20284    0.37470    0.10312    0.16332    0.00000    0.13317    0.17897
   0.05150    0.00000    0.00000    0.00000    0.72779    0.38560    0.14008    0.00000    0.10384    0.00000    0.29381    0.09692    0.11116    0.21043    0.31423    0.12225    0.18202    0.00392    0.13643    0.17315
   0.00000    0.00000    0.00000    0.00000    0.65450    0.07957    0.14088    0.00000    0.26524    0.00000    0.29466    0.10381    0.14706    0.17164    0.31526    0.05626    0.17241    0.00000    0.14769    0.14962
   0.24155    0.00000    0.00000    0.00896    0.62001    0.43776    0.16647    0.00000    0.32143    0.00000    0.28959    0.10441    0.14239    0.23424    0.32808    0.08378    0.15834    0.01048    0.09731    0.17504
   0.04807    0.00117    0.00000    0.00000    0.65252    0.49838    0.12528    0.00000    0.30710    0.00000    0.27270    0.05487    0.11529    0.21582    0.40328    0.12940    0.07746    0.00000    0.02588    0.22038
   0.02316    0.01497    0.00000    0.00000    0.68222    0.35883    0.13165    0.00132    0.28558    0.00000    0.30052    0.13495    0.11982    0.21051    0.41550    0.07741    0.00000    0.00000    0.22535    0.19095
   0.01345    0.01266    0.00000    0.00000    0.66056    0.47715    0.15404    0.00000    0.31699    0.00241    0.28175    0.00000    0.24720    0.21336    0.44787    0.14073    0.02023    0.00000    0.29856    0.12099
   0.04767    0.01475    0.00000    0.00000    0.69821    0.49416    0.13313    0.00000    0.30115    0.00000    0.30089    0.06131    0.12289    0.18871    0.33108    0.06848    0.08485    0.00000    0.15374    0.16643
   0.04706    0.04518    0.00000    0.00000    0.65409    0.48891    0.11631    0.00000    0.36007    0.00000    0.29439    0.06412    0.11679    0.20341    0.34839    0.09425    0.10342    0.00409    0.17148    0.18991
   0.01989    0.02372    0.00000    0.00000    0.62650    0.45575    0.14055    0.00000    0.27592    0.00000    0.29291    0.03777    0.12575    0.20568    0.33183    0.09053    0.10780    0.01458    0.14834    0.19824
   0.02862    0.05881    0.00848    0.00000    0.53884    1.00000    0.14923    0.00000    0.28360    0.00000    0.29336    0.10971    0.10309    0.19749    0.32408    0.09052    0.30387    0.00000    0.15617    0.20248
   0.02736    0.03695    0.00000    0.00000    0.65972    0.49965    0.14414    0.00000    0.29080    0.00000    0.28282    0.08630    0.11607    0.21013    0.32941    0.09484    0.09343    0.05199    0.14987    0.17796
   0.10458    0.03059    0.00000    0.01395    0.64892    0.42146    0.14422    0.00000    0.29382    0.00000    0.29816    0.09002    0.15374    0.21638    0.34761    0.09383    0.22524    0.00000    0.18329    0.20783
   0.02197    0.04639    0.02032    0.00000    0.66554    0.49698    0.14305    0.00000    0.38968    0.00000    0.29240    0.08091    0.12914    0.20662    0.29249    0.09972    0.12199    0.00000    0.14807    0.21132
   0.04991    0.04125    0.00000    0.00000    0.65249    0.44209    0.15041    0.00000    0.29219    0.00000    0.29307    0.08948    0.12368    0.19948    0.30869    0.08786    0.10417    0.00572    0.15405    0.26198
   0.03771    0.04153    0.00000    0.00000    0.65648    0.49615    0.13070    0.00000    0.33564    0.00000    0.28834    0.10035    0.12191    0.20194    0.33334    0.09293    0.10443    0.00000    0.17347    0.21866
   0.02624    0.02441    0.00000    0.00013    0.66051    0.50877    0.15493    0.00000    0.26890    0.00000    0.29772    0.07794    0.09625    0.20722    0.35334    0.09459    0.14963    0.00000    0.15635    0.20672
   0.03615    0.03275    0.00000    0.00000    0.65486    0.48955    0.14913    0.00000    0.40211    0.00000    0.29473    0.00000    0.11204    0.20714    0.31314    0.10039    0.14069    0.00000    0.15640    0.20173
   0.04120    0.04357    0.00000    0.00000    0.65462    0.46006    0.13967    0.00000    0.33882    0.00000    0.29009    0.08383    0.09583    0.20233    0.32161    0.09819    0.09494    0.00000    0.16534    0.21625
   0.03805    0.02942    0.00000    0.00000    0.66246    0.48375    0.14142    0.00000    0.32455    0.00000    0.28828    0.09578    0.11056    0.21781    0.31350    0.08628    0.14247    0.00000    0.15404    0.20352
   0.03122    0.03321    0.00000    0.00000    0.66100    0.48049    0.14504    0.00000    0.25968    0.00000    0.29191    0.08961    0.10030    0.19861    0.30035    0.09397    0.01966    0.00000    0.16823    0.22902
   0.03810    0.03402    0.00000    0.00000    0.65719    0.43005    0.14077    0.00000    0.32468    0.00000    0.28842    0.08692    0.11208    0.21438    0.30768    0.08548    0.00000    0.00000    0.18360    0.21605
   0.04236    0.03397    0.00000    0.00000    0.65209    0.48509    0.14526    0.00000    0.30829    0.00000    0.28868    0.09367    0.10155    0.20595    0.29183    0.08843    0.00000    0.00000    0.18515    0.21074
   0.04466    0.03445    0.00000    0.00000    0.64834    0.50215    0.14409    0.00000    0.26684    0.00000    0.29276    0.09667    0.09938    0.20079    0.30535    0.08187    0.02847    0.00000    0.23218    0.20970
   0.08592    0.03512    0.00000    0.00136    0.64944    0.46809    0.14148    0.00000    0.25761    0.00000    0.28743    0.09350    0.11060    0.20631    0.30268    0.09370    0.00000    0.00000    0.18294    0.21140
   0.03989    0.03367    0.00000    0.00000    0.64468    0.45682    0.13736    0.00000    0.23665    0.00000    0.03571    0.09761    0.11034    0.20082    0.29503    0.09975    0.00000    0.00000    0.18447    0.20163
   0.04196    0.03790    0.00000    0.00000    0.65363    0.43305    0.14176    0.00213    0.17027    0.00000    0.53571    0.07537    0.10387    0.20392    0.31494    0.09226    0.00000    0.00000    0.18586    0.20818
   0.03947    0.03490    0.00000    0.00000    0.64992    0.47099    0.14157    0.00000    0.01542    0.00000    0.89286    0.09488    0.10962    0.20587    0.31617    0.10286    0.00000    0.00000    0.18190    0.20985
   0.04742    0.03550    0.17473    0.00321    0.66067    0.45541    0.14281    0.00000    0.26532    0.00000    0.67857    0.09764    0.11021    0.20329    0.29727    0.10331    0.00000    0.00000    0.18858    0.21022
   0.03624    0.03699    0.00000    0.01771    0.64587    0.44438    0.13731    0.00000    0.23462    0.00000    0.60714    0.10071    0.11716    0.20096    0.30358    0.10675    0.01049    0.00000    0.18636    0.20672
   0.04067    0.75000    0.00000    0.01094    0.65128    0.47007    0.14678    0.00000    0.11322    0.00000    0.75000    0.09699    0.10561    0.19968    0.29987    0.11008    0.00564    0.00000    0.18574    0.21432
   0.04319    0.32143    0.00350    0.00929    0.65203    0.48384    0.14742    0.00000    0.27360    0.00000    0.17857    0.08061    0.10791    0.17857    0.30609    0.12134    0.00000    0.00000    0.17974    0.20655
   0.04238    0.89286    0.00000    0.00088    0.65094    0.48054    0.14671    0.00000    0.28150    0.00000    0.82143    0.10898    0.10825    0.60714    0.30164    0.13516    0.00000    0.00000    0.18135    0.20885
   0.04099    0.53571    0.00000    0.00968    0.65116    0.47865    0.14481    0.00000    0.24075    0.00000    0.25000    0.10902    0.10808    0.89286    0.29123    0.12422    0.03054    0.00000    0.15854    0.20775
   0.03882    0.96429    0.00000    0.03123    0.64993    0.47980    0.14532    0.00000    0.23922    0.00000    0.39286    0.10336    0.10608    0.75000    0.28285    0.11967    0.00000    0.00000    0.19392    0.20951
   0.04030    0.17857    0.00000    0.06042    0.64827    0.46943    0.14507    0.00000    0.25855    0.00000    0.32143    0.09948    0.10248    0.32143    0.26333    0.13015    0.00000    0.00813    0.20224    0.67857
   0.03749    0.60714    0.00000    0.02922    0.64809    0.46279    0.14567    0.00000    0.23466    0.00000    0.10714    0.09652    0.10826    0.53571    0.26515    0.12414    0.00836    0.00000    0.19124    0.89286
   0.03817    0.39286    0.00000    0.02600    0.64986    0.45553    0.14955    0.00000    0.27343    0.00000    0.46429    0.10200    0.10173    0.96429    0.26246    0.12947    0.00358    0.00000    0.19365    0.82143
   0.03993    0.82143    0.00000    0.04213    0.64732    0.46422    0.39286    0.00000    0.24334    0.00001    0.96429    0.09579    0.10926    0.03571    0.25460    0.12604    0.00000    0.00156    0.19446    0.03571
   0.03875    0.03571    0.04605    0.02172    0.64768    0.48596    0.03571    0.00000    0.27296    0.00000    0.57859    0.10574    0.10647    0.46429    0.25780    0.12951    0.00000    0.00000    0.19322    0.53571
   0.03726    0.46429    0.00000    0.03692    0.64772    0.44316    0.53571    0.00000    0.27528    0.00000    0.35112    0.09462    0.10770    0.67857    0.24500    0.12127    0.00000    0.00000    0.19420    0.75000
   0.03571    0.10714    0.00107    0.06413    0.64778    0.43158    0.25000    0.00000    0.25382    0.00000    0.40782    0.09441    0.10396    0.25000    0.25917    0.12107    0.00562    0.00000    0.20702    0.60714
   0.39286    0.67857    0.00654    0.04994    0.67857    0.43737    0.32143    0.00000    0.24450    0.00000    0.56634    0.10835    0.10471    0.10714    0.25238    0.13575    0.01740    0.00000    0.19757    0.39286
   0.75000    0.25000    0.00039    0.04567    0.03571    0.45190    0.89286    0.00000    0.25391    0.00000    0.53525    0.10269    0.10416    0.39286    0.25961    0.13505    0.00317    0.00000    0.20815    0.25000
   0.53571    0.32533    0.00000    0.05853    0.89286    0.46249    0.17857    0.00000    0.24280    0.10714    0.01930    0.09432    0.10548    0.82143    0.26066    0.13948    0.01441    0.00000    0.20938    0.46429
   0.10714    0.71782    0.00000    0.04864    0.82143    0.48964    0.82143    0.00000    0.28845    0.39286    0.46220    0.09779    0.60714    0.11867    0.25743    0.14959    0.01027    0.00000    0.26616    0.96429
   0.17857    0.23480    0.00640    0.06370    0.46429    0.45881    0.10714    0.00000    0.25298    0.32143    0.40705    0.10019    0.82143    0.26010    0.26342    0.15364    0.00891    0.00077    0.19012    0.17857
   0.67857    0.52737    0.00000    0.06741    0.25000    0.45211    0.67857    0.00000    0.28340    0.75000    0.33049    0.10014    0.75000    0.19786    0.26548    0.12999    0.01445    0.00000    0.19577    0.10714
   0.32143    0.48406    0.00000    0.05535    0.39286    0.46546    0.75000    0.00456    0.27559    0.03571    0.41131    0.09494    0.46429    0.34337    0.89286    0.15917    0.00968    0.00000    0.21522    0.32143
   0.82143    0.40933    0.00381    0.07532    0.60714    0.45058    0.46429    0.00000    0.25455    0.82143    0.40373    0.10042    0.89286    0.38206    0.60714    0.14645    0.01030    0.00000    0.20596    1.00000
   0.89286    0.13777    0.00000    0.06160    0.75000    0.43891    0.96429    0.00379    0.25557    0.46429    0.29784    0.09900    0.96429    0.37486    0.67857    0.96429    0.01473    0.00000    0.20378    0.61547
   0.46429    0.34796    0.00000    0.06794    0.53571    0.43572    0.60714    0.01052    0.26114    0.53571    0.33628    0.09939    0.32143    0.33140    0.75000    0.39286    0.01869    0.00000    0.18959    1.00000
   0.25000    0.00000    0.00000    0.04522    0.17857    0.44066    0.99808    0.00908    0.24984    0.17857    0.37026    0.10170    0.67857    0.80047    0.03571    0.53571    0.00915    0.00000    0.19658    1.00000
   0.60714    0.00000    0.00000    0.06678    0.10714    0.45223    0.36914    0.02432    0.25498    0.96429    0.35950    0.09714    0.03571    0.43324    0.82143    0.89286    0.00615    0.00000    0.20799    0.87618
   0.96429    0.00000    0.00000    0.06239    0.96429    0.44790    0.52360    0.06642    0.26146    0.25000    0.30770    0.09495    0.10714    0.33326    0.46429    0.67857    0.00941    0.00000    0.20275    0.82598
   0.00000    0.00000    0.00000    0.06458    0.32143    0.44483    0.54419    0.10609    0.24526    0.67857    0.31687    0.09952    0.53571    0.43008    0.53571    0.17857    0.01038    0.00000    0.19238    0.78202
   0.00000    0.00000    0.00000    0.06138    0.00000    0.44052    0.55549    0.08981    0.25648    0.60714    0.34112    0.09733    0.25000    0.38312    0.17857    0.75000    0.00886    0.60714    0.20864    0.85813
   0.00000    0.00000    0.00000    0.06248    0.00000    0.43949    0.54279    0.05879    0.26225    0.89286    0.41352    0.09702    0.17857    0.37969    0.96429    0.25000    0.00247    0.67857    0.18569    0.74692
   0.00000    0.00000    0.00000    0.06613    0.00000    0.43576    0.55344    0.07606    0.24340    0.00000    0.36090    0.09922    0.39286    0.37994    0.25000    0.82143    0.00699    0.82143    0.20356    0.81471
   0.14883    0.00000    0.00000    0.06355    0.00000    0.44567    0.46227    0.06130    0.26060    0.05798    0.33029    0.96429    0.97647    0.30455    0.32143    0.32143    0.00000    0.89286    0.18953    0.81416
   0.00000    0.00000    0.00000    0.06201    0.20893    0.44162    0.49052    0.06946    0.25763    0.35466    0.33727    0.89286    0.78995    0.27869    0.39286    0.10714    0.00527    0.75000    0.19291    0.82040
   0.09111    0.02297    0.00000    0.06674    0.01764    0.44359    0.53675    0.05577    0.25642    0.10623    0.33590    0.75000    0.41177    0.32012    0.10714    0.46429    0.00000    0.46429    0.19891    0.66485
   0.00000    0.11034    0.00000    0.06201    0.07909    0.43605    0.50436    0.06111    0.32143    0.18505    0.37312    0.46429    0.57043    0.27218    0.93500    0.60714    0.00779    0.03571    0.20222    0.79163
   0.07704    0.03245    0.00000    0.06302    0.08693    0.43624    0.53818    0.06069    0.75000    0.19344    0.33181    0.60714    0.49836    0.15720    0.48121    0.03571    0.00278    0.96429    0.19661    0.39928
   0.06707    0.00000    0.00000    0.06429    0.00000    0.43933    0.43988    0.06147    0.82143    0.14496    0.34315    0.82143    0.37070    0.32328    0.82319    0.00000    0.00000    0.53571    0.19949    0.77536
   0.09442    0.00000    0.00000    0.06506    0.05207    0.42873    0.47848    0.06447    0.96429    0.22698    0.32463    0.32143    0.47018    0.30576    0.61787    0.08996    0.00605    0.25000    0.20000    0.81071
   0.07759    0.07172    0.00000    0.07513    0.00000    0.40143    0.46321    0.06458    0.10714    0.23362    0.31271    0.67857    0.46215    0.31202    0.60685    0.08604    0.00523    0.10714    0.19182    0.79331
   0.07807    0.05600    0.00000    0.06377    0.03269    0.41546    0.32309    0.06688    0.53571    0.11452    0.24643    0.17857    0.59601    0.25117    0.62426    0.35731    0.00219    0.17857    0.20816    0.81695
   0.06434    0.03593    0.00000    0.06214    0.04266    0.41525    0.19723    0.06866    0.60714    0.23148    0.30014    0.39286    0.66048    0.26883    0.72630    0.01934    0.00196    0.32143    0.67857    0.78336
   0.13376    0.05994    0.00000    0.07154    0.05592    0.40644    0.36320    0.06546    0.39286    0.17914    0.29503    0.53571    0.77723    0.29125    0.59955    0.25283    0.00433    0.39286    0.89286    0.85828
   0.15114    0.02692    0.53571    0.07079    0.04551    0.40690    0.33935    0.06495    0.46429    0.19926    0.31167    0.25000    0.58246    0.29308    0.59653    0.18440    0.00347    0.31767    0.25000    0.99959
   0.09185    0.04858    0.89286    0.07031    0.04805    0.37824    0.33539    0.06267    0.89286    0.14825    0.30486    0.10714    0.65903    0.26722    0.61237    0.18774    0.00395    0.76846    0.39286    0.84224
   0.13235    0.06302    0.03571    0.06909    0.03005    0.34262    0.34423    0.03571    0.03571    0.18407    0.30423    0.03571    0.63306    0.18381    0.57573    0.14738    0.00380    0.49793    0.46429    0.54833
   0.13328    0.09795    0.67857    0.07232    0.05555    0.39025    0.31720    0.39286    0.17857    0.19333    0.27658    0.24709    0.75581    0.27962    0.58725    0.17522    0.46429    0.46618    0.96429    0.89743
   0.20089    0.05346    0.75000    0.06528    0.04151    0.37653    0.33079    0.53571    0.25000    0.00000    0.29585    0.59687    0.66485    0.29826    0.65312    0.17929    0.89286    0.52139    0.82143    0.91612
   0.14973    0.02355    0.82143    0.07070    0.05257    0.37386    0.30486    0.89286    0.67857    0.00000    0.29675    0.43152    0.70568    0.26175    0.60367    0.14527    0.03571    0.32748    0.17857    0.95496
   0.12548    0.03762    0.39286    0.06935    0.04694    0.37334    0.28432    0.25000    0.48875    0.00000    0.30461    0.87975    0.61346    0.29626    0.61702    0.21145    0.67857    0.28721    0.03571    0.86784
   0.10317    0.04199    0.60714    0.07234    0.03553    0.37697    0.30773    0.17857    0.42301    0.00000    0.30383    0.68149    0.93187    0.28680    0.52296    0.27537    0.60714    0.15188    0.53571    0.85575
   0.08726    0.08929    0.17857    0.25000    0.04681    0.37492    0.33648    0.67857    0.43887    0.00000    0.29790    0.19238    0.70647    0.28519    0.63087    0.16662    0.17857    0.37996    0.60714    0.83001
   0.11436    0.11362    0.25000    0.46429    0.03954    0.37278    0.34467    0.32143    0.06892    0.02181    0.30078    0.80401    0.77021    0.26132    0.50307    0.24120    0.75000    0.31928    0.75000    0.82360
   0.10334    0.12356    0.32143    0.82143    0.04634    0.36988    0.33079    0.82143    0.37050    0.00000    0.30217    0.54816    0.66325    0.29859    0.58266    0.14755    0.25000    0.32941    0.10714    0.84491
   0.08968    0.04039    0.96429    0.60714    0.03797    0.37219    0.32692    0.75000    0.29471    0.00000    0.30576    0.61854    0.67783    0.27292    0.59853    0.13660    0.82143    0.37278    0.32143    0.92488
   0.11502    0.08598    0.10714    0.32143    0.06897    0.37110    0.33186    0.10714    0.35563    0.04205    0.29894    0.68614    0.65184    0.27838    0.62417    0.15257    0.39286    0.35694    0.42162    0.63007
   0.08532    0.07840    0.46429    0.03571    0.08556    0.37709    0.32567    0.46429    0.28745    0.00000    0.29691    0.63790    0.65625    0.26942    0.59270    0.03604    0.32143    0.29765    0.04077    0.86295
   0.10976    0.05008    0.15318    0.89286    0.05106    0.36686    0.33471    0.60714    0.41258    0.00000    0.29665    0.21823    0.67256    0.26945    0.57237    0.00000    0.96429    0.27145    0.46613    0.82649
   0.09230    0.02108    0.00000    0.10714    0.00000    0.36942    0.33246    0.96429    0.36821    0.00000    0.29426    0.59489    0.62773    0.25043    0.56519    0.15909    0.10714    0.32745    0.32801    0.84116
   0.08916    0.06921    0.00000    0.96429    0.04550    0.37441    0.34443    0.57771    0.43783    0.00580    0.31928    0.73893    0.65461    0.25660    0.60506    0.15641    0.53571    0.33188    0.53307    0.85161
   0.08787    0.04903    0.48953    0.67857    0.07059    0.37760    0.33002    0.83102    0.43219    0.00793    0.27283    0.67334    0.65246    0.27332    0.58428    0.23680    0.00000    0.28677    0.61503    0.86713
   0.11006    0.06512    0.06583    0.39286    0.09244    0.37178    0.33860    0.09274    0.45951    0.00000    0.26507    0.70631    0.64266    0.26675    0.59327    0.12822    0.00000    0.40059    0.64675    0.89245
   0.10917    0.00131    0.04787    0.17857    0.06795    0.37724    0.32793    0.07533    0.36667    0.01230    0.26813    0.71590    0.66161    0.26876    0.52169    0.13466    0.00000    0.34901    0.50805    0.87788
   0.10887    0.10058    0.05490    0.53571    0.08050    0.37499    0.32220    0.00000    0.30905    0.01273    0.28539    0.64610    0.64890    0.26826    0.55408    0.08125    0.00000    0.24368    0.42509    0.89599
   0.11209    0.14486    0.12940    0.75000    0.10736    0.37172    0.33424    0.23575    0.34134    0.00288    0.28354    0.62691    0.64983    0.27285    0.58379    0.07175    0.00000    0.25064    0.45615    0.86647
   0.11177    0.08447    0.22436    0.10009    0.12748    0.37349    0.31773    0.31889    0.18103    0.03050    0.30061    0.63725    0.65581    0.27921    0.56257    0.43836    0.00000    0.25542    0.55027    0.90687
   0.11121    0.09778    0.30791    0.52567    0.12284    0.10714    0.31520    0.15842    0.31346    0.02487    0.28070    0.00000    0.64597    0.27576    0.51811    0.07721    0.00000    0.31659    0.44865    0.88188
   0.10126    0.09162    0.29521    0.23437    0.24279    0.67857    0.32304    0.15323    0.65673    0.03971    0.28861    0.54116    0.64609    0.27509    0.30230    0.00000    0.00000    0.36053    0.01959    0.84746
   0.10384    0.10394    0.35023    0.20120    0.12423    0.53571    0.32365    0.16303    0.36118    0.02299    0.28361    0.55511    0.64848    0.27395    0.48969    0.00000    0.00000    0.26278    0.42612    0.86618
   0.10884    0.08847    0.26862    0.18216    0.13044    0.96429    0.31808    0.15752    0.34388    0.03693    0.30021    0.65892    0.64395    0.26932    0.32726    0.00000    0.01409    0.64303    0.47099    0.86071
   0.11328    0.08082    0.53651    0.15361    0.08720    0.17857    0.32228    0.22304    0.35929    0.04893    0.27505    0.70961    0.61409    0.27124    0.51182    0.02473    0.00000    0.35729    0.42971    0.83992
   0.09994    0.09209    0.39161    0.10017    0.09274    0.60714    0.32038    0.10752    0.24211    0.03849    0.28179    0.72676    0.63303    0.25731    0.48579    0.07169    0.00000    0.25528    0.42025    0.80953
   0.10870    0.07697    0.32347    0.00000    0.20754    0.25000    0.31655    0.18761    0.42687    0.03404    0.28867    0.58485    0.56468    0.24604    0.43482    0.06153    0.00000    0.35467    0.04809    0.79992
   0.10797    0.09404    0.52259    0.15594    0.10958    0.75000    0.31554    0.17246    0.33555    0.04618    0.28554    0.64441    0.62830    0.20767    0.44408    0.05048    0.00000    0.32447    0.82717    0.78622
   0.10626    0.09375    0.36980    0.30761    0.12362    0.39286    0.31653    0.14198    0.36268    0.04194    0.28250    0.64121    0.61985    0.23763    0.49664    0.05840    0.04813    0.32103    0.49384    0.78313
   0.10844    0.08990    0.47924    0.13220    0.12693    0.82143    0.31767    0.18595    0.28161    0.04437    0.27852    0.58987    0.63079    0.24946    0.49927    0.06620    0.00000    0.35849    0.45455    0.78915
   0.11128    0.09358    0.30407    0.15077    0.14854    0.03571    0.31743    0.20041    0.31845    0.05151    0.27196    0.60238    0.63844    0.25291    0.48993    0.00000    0.00000    0.37553    0.48351    0.81416
   0.11143    0.08347    0.41710    0.11872    0.12840    0.46429    0.31853    0.14695    0.43184    0.06176    0.26689    0.63346    0.61383    0.24336    0.68297    0.03561    0.02986    0.35054    0.43738    0.78921
   0.11200    0.08734    0.38276    0.21652    0.13252    0.32143    0.31918    0.17353    0.35307    0.08210    0.27414    0.61237    0.58222    0.24298    0.51200    0.00000    0.28413    0.33350    0.43550    0.78924
   0.11422    0.09090    0.31664    0.23578    0.13882    0.89286    0.39286    0.18346    0.33342    0.11757    0.27154    0.42911    0.52777    0.25299    0.49240    0.03209    0.14561    0.33960    0.43734    0.82704
   0.11641    0.09377    0.36101    0.25109    0.14336    0.73731    0.10714    0.17023    0.28116    0.07975    0.26576    0.61300    0.48812    0.25098    0.48204    0.00811    0.13750    0.26411    0.44415    0.80006
   0.11629    0.08858    0.27994    0.19090    0.16294    0.81176    0.25000    0.17042    0.29437    0.09562    0.26154    0.59939    0.52841    0.23711    0.49677    0.03282    0.13904    0.31671    0.43531    0.80811
   0.11953    0.09302    0.33204    0.25044    0.15060    0.31052    0.96429    0.19433    0.27045    0.10540    0.25779    0.58345    0.52498    0.22844    0.48240    0.02282    0.15940    0.31878    0.46583    0.79523
   0.12016    0.09167    0.33106    0.11593    0.15944    0.44069    0.17857    0.06576    0.30524    0.12235    0.23926    0.59682    0.52570    0.21005    0.45991    0.01603    0.21127    0.33401    0.49552    0.79222
   0.12954    0.08732    0.26217    0.16904    0.14871    0.67453    0.53571    0.17445    0.27903    0.10085    0.25081    0.58346    0.43378    0.23480    0.45189    0.01301    0.16312    0.33911    0.46314    0.79837
   0.11656    0.09154    0.17138    0.18362    0.15598    0.67842    0.32143    0.18204    0.27574    0.09764    0.25091    0.67528    0.56089    0.23169    0.36683    0.01757    0.18112    0.32179    0.42251    0.78433
   0.11835    0.09085    0.22351    0.15684    0.15004    0.73674    0.67857    0.38505    0.29250    0.10703    0.25882    0.59138    0.54898    0.21672    0.45376    0.00879    0.18237    0.38244    0.48051    0.77981
   0.11983    0.08697    0.18347    0.18791    0.14344    0.72014    0.46429    0.18539    0.27430    0.10773    0.32143    0.61922    0.56495    0.22967    0.47382    0.02111    0.11360    0.33395    0.41734    0.78133
   0.11818    0.09142    0.23031    0.16745    0.16102    0.53528    0.82143    0.10335    0.23791    0.11966    0.89286    0.54186    0.56518    0.23581    0.46297    0.00000    0.20900    0.31514    0.43549    0.76844
   0.12137    0.09480    0.24297    0.14145    0.16402    0.99911    0.03571    0.11297    0.16608    0.10771    0.17857    0.60031    0.57575    0.21756    0.38140    0.00000    0.15614    0.33723    0.42496    0.77352
   0.32143    0.09275    0.13845    0.08197    0.15276    0.05812    0.75000    0.11001    0.23033    0.10927    0.46429    0.60517    0.57026    0.22830    0.43373    0.02749    0.17178    0.32296    0.41775    0.77547
   0.60714    0.08920    0.23487    0.13468    0.15488    0.78929    0.89286    0.08511    0.22255    0.11068    0.75000    0.61249    0.56016    0.23186    0.32375    0.03007    0.17896    0.34013    0.41934    0.75974
   0.17857    0.39286    0.25007    0.13721    0.15770    0.65845    0.60714    0.21836    0.23240    0.11158    0.39286    0.58964    0.55578    0.22673    0.44500    0.00394    0.15920    0.32586    0.41179    0.78549
   0.75000    0.82143    0.23666    0.22679    0.15141    0.69325    0.00000    0.10857    0.23523    0.11006    0.96429    0.60401    0.54491    0.22624    0.38598    0.00827    0.19245    0.31912    0.42984    0.77280
   0.03571    0.53571    0.27118    0.08070    0.15565    0.59540    0.21296    0.07982    0.23427    0.10649    0.03571    0.58633    0.54474    0.22819    0.39813    0.02756    0.14978    0.33526    0.42834    0.74069
   0.46429    0.25000    0.19318    0.14879    0.15708    0.68458    0.11181    0.00000    0.23759    0.10429    0.60714    0.58101    0.54353    0.23131    0.36700    0.02541    0.19168    0.32598    0.41938    0.67265
   0.89286    0.96429    0.17607    0.20997    0.15291    0.63534    0.33084    0.14009    0.23370    0.10429    0.25000    0.59946    0.54623    0.23030    0.39888    0.02239    0.16776    0.32297    0.42053    0.58679
   0.10714    0.89286    0.20408    0.13828    0.15437    0.65693    0.33793    0.06317    0.23155    0.10450    0.53571    0.55937    0.54810    0.21995    0.40142    0.02921    0.16759    0.32237    0.41654    0.62414
   0.53571    0.32143    0.22234    0.17655    0.15236    0.65543    0.24016    0.10274    0.23143    0.10473    0.82143    0.61240    0.55236    0.22149    0.41286    0.04320    0.17805    0.32045    0.40610    0.53882
   0.96429    0.67857    0.05033    0.19261    0.15234    0.59011    0.30265    0.07115    0.20549    0.10538    0.10714    0.62049    0.54558    0.22604    0.36864    0.11897    0.21698    0.32644    0.38000    0.61832
   0.25000    0.10714    0.00000    0.15001    0.15492    0.55465    0.31888    0.03784    0.22469    0.10276    0.67857    0.57100    0.54453    0.22441    0.39312    0.07290    0.24393    0.32288    0.39065    0.60177
   0.82143    0.03571    0.00000    0.17429    0.15102    0.84364    0.24670    0.07507    0.23064    0.89286    0.94218    0.57872    0.53455    0.22640    0.36794    0.07940    0.20182    0.33131    0.35866    0.60487
   0.39286    0.75000    0.18717    0.16856    0.15214    0.66080    0.28412    0.11163    0.22413    0.75000    0.23193    0.56999    0.55533    0.22718    0.34950    0.12741    0.22000    0.33243    0.27238    0.63253
   0.67857    0.46429    0.17480    0.16444    0.15424    0.67298    0.25756    0.10919    0.23165    0.03571    0.00000    0.58171    0.54343    0.22249    0.30551    0.28072    0.26709    0.33733    0.37362    0.64234
   0.31401    0.17857    0.14824    0.15096    0.15593    0.68388    0.22564    0.14362    0.23679    0.32143    0.28944    0.55462    0.53862    0.22582    0.01438    0.11519    0.24351    0.33892    0.35268    0.59712
   0.82319    0.60714    0.17465    0.18660    0.46429    0.68036    0.31027    0.15398    0.22432    0.17857    0.35237    0.48334    0.52939    0.22393    0.30450    0.14364    0.27459    0.33273    0.35960    0.58658
   0.76357    1.00000    0.27782    0.17338    0.82143    0.63459    0.22883    0.13116    0.22576    0.53571    0.36379    0.45527    0.53306    0.22862    0.29536    0.14791    0.22114    0.33030    0.36127    0.60214
   0.89182    0.23190    0.14336    0.17538    0.39286    0.64897    0.32043    0.13132    0.22877    0.60714    0.55555    0.50698    0.53675    0.22469    0.14762    0.13306    0.22140    0.33228    0.35173    0.56405
   0.75519    0.49660    0.19024    0.16721    0.96429    0.65795    0.32022    0.13355    0.22614    0.39286    0.42592    0.50087    0.52728    0.22743    0.24643    0.15225    0.21297    0.33763    0.37206    0.59268
   1.00000    0.53456    0.23444    0.16666    0.10714    0.64865    0.61472    0.13788    0.22079    0.46429    0.31639    0.49317    0.53991    0.22686    0.28663    0.14628    0.21897    0.31895    0.35284    0.62137
   0.79871    0.60939    0.19106    0.17192    0.32143    0.63338    0.29191    0.13257    0.22145    0.82143    0.38950    0.50303    0.52529    0.46429    0.30233    0.15350    0.21407    0.33745    0.34912    0.59680
   0.84371    0.51939    0.17433    0.19083    0.75000    0.74439    0.29773    0.12908    0.22272    0.67857    0.42493    0.47695    0.52273    0.10714    0.31250    0.11500    0.21620    0.33378    0.36275    0.61146
   0.76342    0.46652    0.15836    0.16972    0.25000    0.69041    0.28651    0.13118    0.21828    0.96429    0.33151    0.45236    0.50746    0.67857    0.30934    0.25918    0.22357    0.32298    0.32619    0.60149
   0.71984    0.54199    0.16546    0.17132    0.67857    0.60911    0.30377    0.14245    0.21347    0.25000    0.33372    0.39549    0.48488    0.39286    0.35628    0.16647    0.21604    0.32722    0.33223    0.57805
   0.71876    0.21198    0.16399    0.18026    0.89286    0.65987    0.32598    0.13308    0.20745    0.10714    0.29648    0.36054    0.51288    0.25000    0.30911    0.31578    0.21995    0.32180    0.35528    0.58610
   0.74040    0.47931    0.14423    0.17507    0.03571    0.66649    0.31244    0.16000    0.21464    0.18499    0.00000    0.41675    0.47760    0.82143    0.33681    0.31810    0.21400    0.32784    0.32737    0.55874
   0.69985    0.45244    0.15124    0.18393    0.60714    0.62087    0.30173    0.11403    0.19894    1.00000    0.22443    0.38161    0.51279    0.03571    0.31286    0.18658    0.21874    0.32959    0.22276    0.48582
   0.69738    0.50936    0.14434    0.17244    0.17857    0.65447    0.27439    0.12959    0.21081    0.30099    0.28684    0.33293    0.50861    0.96429    0.34408    0.15052    0.22042    0.32980    0.34023    0.57251
   0.79163    0.46977    0.16666    0.18275    0.53571    0.64466    0.23726    0.11470    0.20999    0.46205    0.24575    0.42103    0.51238    0.17857    0.31655    0.12737    0.21773    0.32644    0.32953    0.56260
   0.77191    0.57170    0.14342    0.19182    0.46966    0.65603    0.02985    0.13211    0.21819    0.42976    0.23012    0.37296    0.49564    0.75000    0.31593    0.14893    0.21741    0.32614    0.34335    0.53799
   0.77820    0.57317    0.14680    0.17806    0.49551    0.63674    0.23711    0.13596    0.20421    0.37034    0.00000    0.30196    0.49477    0.60714    0.32271    0.15689    0.21749    0.32503    0.32257    0.55560
   0.76480    0.46681    0.14511    0.18066    0.35971    0.60542    0.24070    0.13472    0.21016    0.13656    0.10487    0.37302    0.50200    0.32143    0.31231    0.14205    0.22128    0.32713    0.29734    0.54203
   0.76052    0.23557    0.11984    0.18710    0.37922    0.54155    0.21351    0.13175    0.20701    0.31982    0.19076    0.36944    0.50480    0.89286    0.30784    0.15512    0.22097    0.32569    0.26094    0.54378
   0.72699    0.54225    0.15841    0.18387    0.12032    0.50871    0.22338    0.12781    0.20460    0.35623    0.16676    0.41635    0.49547    0.53571    0.32119    0.14654    0.21224    0.32532    0.24884    0.56805
   0.69975    0.50961    0.12212    0.18064    0.21791    0.59004    0.22304    0.13680    0.20098    0.46836    0.19769    0.41811    0.49723    0.00000    0.30534    0.12464    0.75000    0.32713    0.24025    0.53493
   0.71790    0.54308    0.14774    0.18719    0.30443    0.59195    0.21208    0.12972    0.19716    0.29059    0.18266    0.43433    0.49574    0.00000    0.32786    0.13941    0.03571    0.32495    0.21198    0.55379
   0.74961    0.49507    0.14916    0.18599    0.25588    0.57842    0.22632    0.13650    0.18441    0.32970    0.20480    0.37768    0.50434    0.00000    0.30892    0.16209    0.10714    0.32409    0.26315    0.55003
   0.77092    0.52355    0.14328    0.18898    0.00000    0.54249    0.21657    0.13103    0.17167    0.34130    0.24579    0.42520    0.49450    0.00000    0.32397    0.15108    0.53571    0.32187    0.34955    0.51835
   0.74541    0.48710    0.13656    0.18778    0.00000    0.61607    0.18668    0.13008    0.18950    0.32724    0.19777    0.41709    0.49380    0.00000    0.31130    0.14775    0.32143    0.32107    0.28513    0.49080
   0.79175    0.52222    0.15032    0.19216    0.04823    0.55380    0.25326    0.13524    0.18892    0.37912    0.18784    0.41607    0.49402    0.00000    0.31487    0.14657    0.39286    0.32019    0.25709    0.52349
   0.72127    0.51982    0.15129    0.19218    0.03432    0.57367    0.19482    0.13757    0.19167    0.39114    0.21397    0.42236    0.49676    0.00000    0.31033    0.13820    0.82143    0.32343    0.25111    0.51131
   0.71305    0.53737    0.14131    0.19444    0.01645    0.57423    0.23418    0.13169    0.18747    0.29763    0.10286    0.41968    0.49295    0.07803    0.89286    0.15611    0.17857    0.10714    0.25505    0.51121
   0.68360    0.52239    0.14634    0.19663    0.00000    0.59277    0.20710    0.13636    0.18894    0.33496    0.17024    0.42002    0.48842    0.00000    0.82143    0.14946    0.60714    0.53571    0.25772    0.50956
   0.71601    0.48756    0.14474    0.20671    0.00000    0.55212    0.10919    0.12809    0.75000    0.18640    0.21026    0.41108    0.48520    0.00000    0.03571    0.14401    0.67857    0.75000    0.25256    0.51463
   0.68075    0.52520    0.14541    0.22609    0.00000    0.55073    0.18779    0.13290    0.32143    0.29975    0.17021    0.41896    0.48525    0.00000    0.67857    0.14541    0.46429    0.82143    0.26508    0.51160
   0.70048    0.39310    0.15380    0.20906    0.00000    0.55072    0.22376    0.12808    0.89286    0.33279    0.17354    0.17857    0.48497    0.11812    0.53571    0.15771    0.89286    0.39286    0.26754    0.50640
   0.66211    0.46163    0.14503    0.21017    0.00000    0.53740    0.15608    0.12353    0.60714    0.30514    0.16788    0.67857    0.48683    0.00000    0.25000    0.15370    0.96429    0.32143    0.25720    0.50952
   0.68786    0.53070    0.15190    0.20534    0.07662    0.54105    0.21816    0.12900    0.03571    0.32407    0.17400    0.46429    0.48288    0.00000    0.60714    0.14229    0.25000    0.03571    0.27015    0.50278
   0.60187    0.50725    0.14293    0.20666    0.10323    0.55270    0.19364    0.12960    0.17857    0.29346    0.21479    0.75000    0.48320    0.00000    0.39286    0.14911    0.62056    0.96429    0.27218    0.49814
   0.69268    0.50908    0.15525    0.20297    0.10484    0.53285    0.19978    0.03571    0.53571    0.29558    0.20393    0.03571    0.67857    0.00000    0.75000    0.17515    0.00000    0.67857    0.27017    0.50869
   0.68283    0.25095    0.16029    0.32143    0.32877    0.54251    0.18545    0.82143    0.46429    0.32423    0.21854    0.10714    0.03571    0.00000    0.46429    0.15830    0.00000    0.60714    0.27014    0.50764
   0.69707    0.05035    0.15842    0.75000    0.14609    0.54962    0.18218    0.67857    0.82143    0.28606    0.20022    0.39286    0.75000    0.00000    0.32143    0.15628    0.00000    0.17857    0.27468    0.50332
   0.63543    0.05511    0.15252    0.10714    0.17150    0.52440    0.19643    0.10714    0.96429    0.30125    0.22188    0.60714    0.17857    0.00000    0.96429    0.15948    0.00000    0.25000    0.27887    0.49656
   0.69973    0.21990    0.16265    0.03571    0.17085    0.50804    0.14135    0.53571    0.39286    0.30261    0.19537    0.89286    0.53571    0.00000    0.17857    0.16939    0.00000    0.46429    0.26929    0.49338
   0.64829    0.22484    0.16160    0.46429    0.27271    0.50695    0.23668    0.39286    0.10714    0.30863    0.19551    0.96429    0.10714    0.03851    0.10714    0.16432    0.10129    0.89286    0.26976    0.47278
   0.64470    0.26864    0.16080    0.60714    0.35135    0.51626    0.21920    0.75000    0.67857    0.31852    0.22070    0.25000    0.39286    0.00000    0.13924    0.14442    0.06273    0.78721    0.27281    0.44075
   0.65800    0.11274    0.16102    0.17857    0.31620    0.52031    0.22412    0.25000    0.25000    0.29839    0.19378    0.53571    0.60714    0.00000    0.61920    0.14924    0.00618    0.80678    0.27199    0.46679
   0.63840    0.23825    0.15752    0.82143    0.26900    0.52921    0.21839    0.60714    0.29041    0.28488    0.20830    0.32143    0.89286    0.00000    0.39568    0.13053    0.27725    1.00000    0.27090    0.46322
   0.64696    0.17735    0.16176    0.39286    0.28355    0.51751    0.21651    0.46429    0.23117    0.29660    0.23161    0.82143    0.46429    0.00000    0.47159    0.16003    0.10054    0.69314    0.26420    0.46646
   0.63530    0.22606    0.15624    0.53571    0.29909    0.51731    0.19452    0.89286    0.62673    0.28034    0.19280    0.62778    0.82143    0.00000    0.41203    0.46429    0.13817    1.00000    0.27197    0.46338
   0.61700    0.25555    0.15835    0.96429    0.20864    0.48185    0.20210    0.32143    0.12367    0.30047    0.21135    0.35484    0.25000    0.04720    0.36399    0.39286    0.15223    0.78691    0.39286    0.46749
   0.54181    0.24114    0.15937    0.89286    0.27999    0.45635    0.21002    0.17857    0.37035    0.27987    0.23049    0.05446    0.96429    0.01085    0.38321    0.89286    0.04422    0.82955    0.96429    0.46995
   0.58096    0.25707    0.15543    0.25000    0.21804    0.49268    0.21594    0.96429    0.41647    0.17761    0.21955    0.08489    0.32143    0.01046    0.32797    0.67857    0.11671    0.81869    0.89286    0.46340
   0.57035    0.24112    0.15766    0.67857    0.23657    0.47676    0.21157    0.29486    0.29809    0.07886    0.20092    0.28809    0.05885    0.01587    0.39235    0.75000    0.00746    0.80271    0.75000    0.45173
   0.40390    0.24647    0.15997    0.03828    0.23914    0.46900    0.21556    0.00000    0.30196    0.12268    0.20459    0.00000    1.00000    0.04253    0.21729    0.96429    0.07779    0.85598    0.67857    0.42864
   0.51705    0.25929    0.15607    0.00000    0.29401    0.44927    0.21374    0.00000    0.24979    0.15415    0.20383    0.13786    0.43300    0.00000    0.31453    0.82143    0.10432    0.85877    0.17857    0.35172
   0.51098    0.23404    0.15789    0.07943    0.20783    0.48104    0.21638    0.14278    0.34666    0.19635    0.20847    0.03959    0.48723    0.00000    0.26380    0.17857    0.31655    0.78576    0.53571    0.25135
   0.42628    0.21973    0.15656    0.25989    0.25708    0.46337    0.21492    0.17701    0.32684    0.22131    0.17394    0.00000    0.40302    0.00000    0.18742    0.03571    0.11482    0.85556    0.46429    0.26101
   0.50512    0.24588    0.53571    0.21339    0.19232    0.47340    0.21485    0.23473    0.40468    0.14953    0.19855    0.00000    0.67003    0.00000    0.24080    0.25000    0.09419    0.85800    0.82143    0.31002
   0.50697    0.21416    0.17857    0.20737    0.21405    0.49146    0.21936    0.23186    0.31910    0.18876    0.21447    0.07981    0.59232    0.00000    0.23354    0.32143    0.10721    0.81773    0.32143    0.32469
   0.51584    0.23904    0.67857    0.19935    0.24845    0.47980    0.21726    0.30176    0.33920    0.12429    0.19420    0.07477    0.52453    0.00000    0.15134    0.10714    0.02205    0.81521    0.25000    0.27599
   0.49980    0.23652    0.96429    0.26633    0.24124    0.47539    0.21552    0.28941    0.27124    0.17535    0.19934    0.09279    0.61769    0.00000    0.24929    0.60714    0.14947    0.85063    0.10714    0.20696
   0.53448    0.24937    0.75000    0.17292    0.23116    0.49294    0.21338    0.19796    0.28925    0.16776    0.25083    0.05591    0.63072    0.00000    0.27175    0.53571    0.13688    0.86717    0.03571    0.22395
   0.48364    0.22195    0.10714    0.40776    0.22683    0.47518    0.21859    0.16464    0.23983    0.17185    0.21016    0.12945    0.43149    0.01315    0.13239    0.98132    0.15268    0.84950    0.60714    0.28434
   0.47216    0.22551    0.60714    0.23847    0.17857    0.48449    0.89286    0.19075    0.27457    0.16121    0.21562    0.07901    0.44522    0.00000    0.22230    0.49491    0.10699    0.86371    0.17122    0.29141
   0.49961    0.21171    0.39286    0.28937    0.19029    0.48650    0.46429    0.20361    0.19801    0.17456    0.22563    0.26719    0.24988    0.00000    0.73901    0.59005    0.10403    0.85121    0.66585    0.27441
   0.41027    0.22148    0.89286    0.21305    0.22317    0.46933    0.25000    0.30794    0.24969    0.17650    0.21353    0.00000    0.53948    0.00000    0.16567    0.59191    0.12082    0.99059    0.00000    0.28305
   0.46666    0.23552    0.25000    0.24004    0.22149    0.46600    0.67857    0.19438    0.24085    0.16692    0.18187    0.19853    0.50243    0.00000    0.34152    0.71540    0.08415    0.85775    0.34064    0.28771
   0.47935    0.24425    0.03571    0.23582    0.19156    0.43422    0.96429    0.32216    0.29909    0.16694    0.21487    0.21497    0.35712    0.00000    0.24589    0.33555    0.18636    0.82297    0.02226    0.26111
   0.47286    0.24136    0.32143    0.25056    0.21326    0.33088    0.82143    0.39033    0.29031    0.17186    0.20977    0.20659    0.09608    0.00000    0.23509    0.00000    0.12752    0.71521    0.00245    0.26072
   0.46504    0.21615    0.82143    0.26685    0.19549    0.43592    0.60714    0.29388    0.25976    0.16626    0.21764    0.23503    0.34786    0.00000    0.21749    0.29678    0.15236    0.47658    0.00000    0.29233
   0.44648    0.22346    0.46429    0.24055    0.22163    0.42701    0.39286    0.28153    0.21863    0.16616    0.20708    0.22527    0.30872    0.01384    0.19885    0.33596    0.11953    0.84389    0.00000    0.53571
   0.47381    0.23307    0.11441    0.25782    0.24601    0.44462    0.17857    0.27947    0.17491    0.16838    0.20485    0.16760    0.34882    0.01834    0.23438    0.30827    0.16721    0.65937    0.00000    0.67857
   0.47242    0.23101    0.07746    0.23152    0.21727    0.42505    0.03571    0.36402    0.00000    0.16842    0.20791    0.18152    0.37021    0.04020    0.24764    0.37060    0.13930    0.70238    0.03452    0.60714
   0.46621    0.22746    0.20581    0.21956    0.21798    0.43599    0.32143    0.08079    0.18393    0.16671    0.21442    0.19971    0.37276    0.10233    0.20317    0.33826    0.15325    0.80006    0.00000    0.03571
   0.46385    0.23235    0.14125    0.20759    0.21532    0.41972    0.75000    0.33590    0.13766    0.16878    0.21398    0.18781    0.33505    0.07350    0.25380    0.20267    0.13461    0.73757    0.00000    0.25000
   0.46698    0.23241    0.00000    0.19331    0.23686    0.42718    0.53571    0.20420    0.22619    0.16861    0.21112    0.19329    0.05152    0.06052    0.22482    0.18061    0.27795    0.66365    0.00000    0.89286
   0.46297    0.23124    0.16110    0.16684    0.17037    0.42088    0.10714    0.07106    0.16851    0.46429    0.21028    0.19963    0.34232    0.01469    0.22548    0.16981    0.17633    0.73131    0.00000    0.17857
   0.46540    0.21420    0.21284    0.24221    0.18264    0.41558    0.00000    0.05013    0.14735    0.67857    0.21344    0.18766    0.34830    0.06828    0.22487    0.18021    0.14679    0.71587    0.01696    0.82143
   0.46939    0.22585    0.00000    0.22784    0.16350    0.41043    0.00000    0.33147    0.17980    0.39286    0.20118    0.19260    0.28279    0.10317    0.22619    0.19801    0.14607    0.72709    0.00000    0.10714
   0.45971    0.23005    0.08306    0.24054    0.17146    0.40968    0.18160    0.46761    0.18408    0.25000    0.19525    0.20314    0.30938    0.25933    0.36029    0.29182    0.14786    0.72418    0.14245    0.75000
   0.45802    0.23475    0.14005    0.29185    0.16162    0.39548    0.25400    0.19042    0.20079    0.03571    0.19697    0.40926    0.34630    0.16419    0.25049    0.00000    0.14772    0.70716    0.08143    0.96429
   0.45884    0.22623    0.00000    0.23139    0.19799    0.39726    0.11378    0.28182    0.20259    0.10714    0.20340    0.21154    0.32631    0.13059    0.22731    0.21603    0.14916    0.75844    0.21171    0.39286
   0.46243    0.22473    0.09455    0.22586    0.17807    0.41140    0.00000    0.10525    0.15954    0.82143    0.19718    0.16676    0.24104    0.11757    0.23468    0.05260    0.16609    0.74004    0.10825    0.32143
   0.46116    0.23167    0.10831    0.20506    0.21263    0.40020    0.18375    0.00000    0.15792    0.17857    0.96429    0.15456    0.32433    0.12219    0.21903    0.09006    0.17005    0.72425    0.13166    0.46429
   0.45250    0.23461    0.07177    0.22235    0.18601    0.39057    0.08381    0.00000    0.15661    0.89286    0.32143    0.17037    0.35992    0.12049    0.24507    0.20753    0.15944    0.77353    0.20758    0.79389
   0.44976    0.23143    0.12917    0.20542    0.18386    0.37977    0.09105    0.16535    0.16708    0.96429    0.53571    0.17362    0.36247    0.10696    0.27254    0.23962    0.15939    0.68683    0.16864    0.57572
   0.45008    0.22934    0.16887    0.23464    0.18047    0.39450    0.01291    0.15054    0.14997    0.75000    0.25000    0.16948    0.35593    0.12564    0.25335    0.19415    0.15037    0.74602    0.25378    0.55877
   0.44321    0.23576    0.20653    0.19765    0.20297    0.40403    0.12195    0.25477    0.18079    0.60714    0.10714    0.18487    0.32824    0.12085    0.25956    0.18727    0.16636    0.74305    0.26248    0.48003
   0.43580    0.25000    0.24653    0.21787    0.19301    0.39972    0.18722    0.18476    0.15925    0.32143    0.17857    0.18281    0.37861    0.10979    0.23076    0.24879    0.16097    0.74754    0.15186    0.59540
   0.43576    0.53571    0.23245    0.22916    0.17685    0.40742    0.11544    0.28902    0.16125    0.53571    0.39286    0.17350    0.33599    0.10863    0.24611    0.15888    0.16067    0.75663    0.16502    0.45716
   0.42707    0.96429    0.27594    0.20540    0.20122    0.40670    0.10639    0.22201    0.16764    0.97892    0.60714    0.16055    0.33679    0.11429    0.25987    0.21260    0.15591    0.74192    0.27823    0.53524
   0.42145    0.60714    0.22629    0.21138    0.19219    0.40171    0.15513    0.27550    0.18245    0.69978    0.82143    0.16063    0.31047    0.09760    0.22395    0.18760    0.15474    0.74711    0.22663    0.57622
   0.42913    0.10714    0.24520    0.21102    0.20642    0.39115    0.16905    0.19408    0.21591    0.47455    0.89286    0.16516    0.29875    0.09520    0.23760    0.22664    0.16320    0.74624    0.22102    0.65919
   0.41645    0.17857    0.34002    0.21528    0.20457    0.39475    0.15532    0.25061    0.16297    0.67002    0.75000    0.14428    0.27804    0.12631    0.25107    0.21508    0.15825    0.73760    0.25830    0.52810
   0.43825    0.32143    0.25985    0.20140    0.19748    0.38931    0.15224    0.29838    0.15830    0.78708    0.46429    0.14743    0.22464    0.13024    0.25221    0.23458    0.17166    0.75988    0.22868    0.44202
   0.42855    0.67857    0.22011    0.18084    0.20955    0.39240    0.19026    0.27819    0.15916    0.70546    0.67857    0.13814    0.25486    0.11846    0.26472    0.18406    0.16365    0.73608    0.24020    0.51561
   0.42430    0.82143    0.14028    0.21198    0.20153    0.36761    0.18281    0.23055    0.16285    0.60749    0.03571    0.16334    0.33328    0.15587    0.25290    0.23484    0.16597    0.73735    0.25118    0.51539
   0.03571    0.89286    0.29041    0.19689    0.20710    0.34066    0.34102    0.19254    0.17671    0.64711    0.00000    0.15144    0.30019    0.28573    0.25659    0.21835    0.16655    0.73511    0.21500    0.33330
   0.25000    0.39286    0.26438    0.19031    0.20052    0.28483    0.16623    0.21561    0.16847    0.63016    0.26688    0.15480    0.26148    0.13933    0.25950    0.24009    0.16919    0.73558    0.19675    0.00000
   0.89286    0.03571    0.28104    0.22515    0.19920    0.19646    0.18740    0.20829    0.15520    0.71388    0.38654    0.15351    0.25541    0.17405    0.25923    0.21051    0.17692    0.73008    0.23357    0.43261
   0.32143    0.46429    0.24887    0.19866    0.20198    0.23542    0.15233    0.14802    0.16934    0.68659    0.20812    0.15155    0.14401    0.17314    0.26067    0.22940    0.17477    0.73431    0.23096    0.36066
   0.39286    0.75000    0.28296    0.22414    0.20044    0.20319    0.20728    0.10463    0.16739    0.70951    0.18568    0.14636    0.23688    0.17429    0.25110    0.18637    0.16878    0.75042    0.20005    0.35641
   0.53571    1.00000    0.28198    0.21605    0.20169    0.25431    0.19251    0.23743    0.16224    0.72696    0.16719    0.15196    0.24035    0.16497    0.26539    0.13143    0.16556    0.73527    0.22358    0.07216
   0.17857    0.70045    0.23824    0.22103    0.19734    0.24153    0.14001    0.24461    0.17550    0.63956    0.16542    0.16920    0.26869    0.19645    0.24982    0.22434    0.16632    0.72850    0.07935    0.18782
   0.82143    0.95263    0.27134    0.21440    0.19586    0.26342    0.16357    0.23080    0.16646    0.67542    0.26314    0.16543    0.15137    0.13448    0.25155    0.22276    0.16856    0.73663    0.21551    0.28353
   0.46429    0.81318    0.28110    0.21744    0.19919    0.25860    0.14539    0.26904    0.17023    0.68427    0.01674    0.15245    0.27199    0.18743    0.23358    0.23494    0.16733    0.73991    0.21614    0.16364
   0.60714    1.00000    0.28302    0.22043    0.20240    0.24853    0.17994    0.25962    0.16245    0.66725    0.06195    0.15398    0.30252    0.17794    0.23949    0.23186    0.16786    0.73690    0.22384    0.21159
   0.67857    0.99497    0.29481    0.21613    0.19780    0.10714    0.15140    0.20453    0.16515    0.68763    0.13134    0.15740    0.29686    0.17373    0.24817    0.22675    0.16538    0.72921    0.22976    0.25353
   0.10714    1.00000    0.30386    0.21944    0.19742    0.17857    0.15976    0.21127    0.16827    0.68572    0.13071    0.15544    0.24612    0.18668    0.23477    0.21489    0.25000    0.73223    0.21518    0.22594
   0.75000    0.91381    0.28819    0.20669    0.19861    0.75000    0.14247    0.25849    0.16685    0.66125    0.17100    0.16253    0.25355    0.16928    0.22750    0.22382    0.82143    0.73099    0.21222    0.44182
   0.96429    0.97815    0.28917    0.22555    0.17857    0.67857    0.16310    0.22758    0.16357    0.65290    0.00000    0.15517    0.26342    0.16060    0.20310    0.19824    0.46429    0.72870    0.21830    0.13323
   0.26197    0.94430    0.31398    0.22059    0.32143    0.03571    0.15747    0.21982    0.16379    0.67576    0.00000    0.15481    0.25308    0.17443    0.18253    0.18136    0.03571    0.73195    0.21061    0.28780
   0.48744    1.00000    0.48364    0.22117    0.89286    0.39286    0.15886    0.24492    0.53571    0.65988    0.08124    0.15443    0.25181    0.17492    0.18220    0.20984    0.89286    0.72957    0.22162    0.25861
   0.55855    1.00000    0.30913    0.22659    0.39286    0.46429    0.18928    0.21431    0.32143    0.64370    0.00000    0.15811    0.22533    0.17876    0.17438    0.21583    0.67857    0.73661    0.22429    0.27899
   0.72867    0.81174    0.30635    0.22313    0.53571    0.53571    0.20714    0.22342    0.17857    0.58535    0.32719    0.15823    0.24406    0.20017    0.12679    0.21469    0.60714    0.72602    0.22507    0.34454
   0.64205    0.84592    0.28966    0.21785    0.75000    0.60714    0.21535    0.21191    0.39286    0.56973    0.18535    0.15189    0.23511    0.32265    0.19113    0.20270    0.39286    0.72997    0.22601    0.20539
   0.33403    0.93981    0.27894    0.22399    0.03571    0.96429    0.16544    0.21702    0.89286    0.39397    0.05807    0.16440    0.23247    0.18343    0.19011    0.21209    0.32143    0.73147    0.22080    0.27850
   0.42972    0.87309    0.31011    0.22140    0.96429    0.32143    0.19822    0.21963    0.75000    0.61552    0.08884    0.17813    0.23081    0.19092    0.20158    0.20293    0.10714    0.72728    0.21867    0.26654
   0.44590    0.87629    0.30185    0.22226    0.25000    0.25000    0.19190    0.22202    0.03571    0.54908    0.02217    0.16441    0.13249    0.17073    0.21168    0.21171    0.96429    0.73016    0.22034    0.27197
   0.46391    0.90206    0.29641    0.22136    0.46429    0.82143    0.18491    0.22169    0.96429    0.55050    0.09270    0.17095    0.19139    0.20326    0.22637    0.20170    0.53571    0.73377    0.21995    0.02709
   0.36603    0.74009    0.31546    0.22109    0.60714    0.89286    0.16839    0.21022    0.25000    0.47246    0.07538    0.16585    0.22207    0.19194    0.22319    0.19947    0.17857    0.72668    0.22093    0.30323
   0.65640    0.67710    0.30567    0.22247    0.10714    0.00000    0.17978    0.20551    0.10714    0.53686    0.06782    0.17040    0.19872    0.20261    0.21692    0.20124    0.75000    0.73124    0.21945    0.67359
   0.52384    0.72965    0.31170    0.22278    0.67857    0.12923    0.17811    0.21730    0.60714    0.56859    0.06904    0.16261    0.15511    0.20012    0.23814    0.20755    0.00579    0.72777    0.22072    0.22864
   0.56897    0.70165    0.29742    0.03571    0.82143    0.28270    0.18721    0.21121    0.82143    0.57722    0.09256    0.16743    0.20960    0.19109    0.22320    0.20206    0.00000    0.72730    0.22127    0.00000
   0.50848    0.73383    0.30379    0.32143    0.00000    0.09591    0.17432    0.21215    0.67857    0.55827    0.11051    0.15913    0.20050    0.18801    0.19197    0.21214    0.24398    0.72626    0.22017    0.25067
   0.58761    0.64102    0.29287    0.60714    0.32180    0.26239    0.18142    0.21397    0.46429    0.58664    0.15269    0.16363    0.16141    0.19843    0.22447    0.20384    0.25811    0.72668    0.53571    0.22230
   0.67053    0.68067    0.29456    0.82143    0.24706    0.16862    0.19672    0.21676    0.00000    0.51297    0.11718    0.16279    0.20006    0.20225    0.20717    0.20971    0.20157    0.72793    0.17857    0.25708
   0.56125    0.59085    0.31089    0.89286    0.15325    0.08832    0.18872    0.20895    0.06090    0.58405    0.13167    0.16267    0.18148    0.19708    0.21514    0.20583    0.25582    0.72701    0.67857    0.23770
   0.48035    0.63856    0.30458    0.25000    0.23944    0.18529    0.20445    0.21344    0.17064    0.58138    0.17551    0.16144    0.19025    0.18502    0.22163    0.21137    0.26249    0.72621    0.89286    0.23118
   0.51620    0.65161    0.30858    0.46429    0.29411    0.00000    0.17709    0.21790    0.34700    0.59382    0.15820    0.16504    0.18647    0.18933    0.20783    0.20836    0.29870    0.72591    0.96429    0.16526
   0.49171    0.65950    0.29572    0.53571    0.20901    0.00000    0.17260    0.21748    0.08653    0.57560    0.03934    0.16648    0.17964    0.19404    0.21469    0.21657    0.36823    0.72533    0.39286    0.22924
   0.45238    0.68716    0.29471    0.75000    0.21264    0.31733    0.20586    0.21753    0.18299    0.57563    0.16221    0.16507    0.18092    0.19925    0.21053    0.21285    0.27746    0.72637    0.75000    0.26636
   0.47978    0.51282    0.29555    0.10714    0.19972    0.00000    0.19950    0.22038    0.16856    0.58796    0.00000    0.16252    0.19429    0.82143    0.21737    0.21354    0.32042    0.72470    0.25000    0.18209
