   0.04167    0.04167    0.04167    0.04167    0.04167    0.04167    0.04167    0.04167    0.04167    0.04167    0.04167    0.04167    0.04167    0.04167    0.04167    0.04167    0.04167    0.04167    0.04167    0.04167
   0.12500    0.12500    0.12500    0.12500    0.12500    0.12500    0.12500    0.12500    0.12500    0.12500    0.12500    0.12500    0.12500    0.12500    0.12500    0.12500    0.12500    0.12500    0.12500    0.12500
   0.20833    0.20833    0.20833    0.20833    0.20833    0.20833    0.20833    0.20833    0.20833    0.20833    0.20833    0.20833    0.20833    0.20833    0.20833    0.20833    0.20833    0.20833    0.20833    0.20833
   0.29167    0.29167    0.29167    0.29167    0.29167    0.29167    0.29167    0.29167    0.29167    0.29167    0.29167    0.29167    0.29167    0.29167    0.29167    0.29167    0.29167    0.29167    0.29167    0.29167
   0.37500    0.37500    0.37500    0.37500    0.37500    0.37500    0.37500    0.37500    0.37500    0.37500    0.37500    0.37500    0.37500    0.37500    0.37500    0.37500    0.37500    0.37500    0.37500    0.37500
   0.45833    0.45833    0.45833    0.45833    0.45833    0.45833    0.45833    0.45833    0.45833    0.45833    0.45833    0.45833    0.45833    0.45833    0.45833    0.45833    0.45833    0.45833    0.45833    0.45833
   0.54167    0.54167    0.54167    0.54167    0.54167    0.54167    0.54167    0.54167    0.54167    0.54167    0.54167    0.54167    0.54167    0.54167    0.54167    0.54167    0.54167    0.54167    0.54167    0.54167
   0.62500    0.62500    0.62500    0.62500    0.62500    0.62500    0.62500    0.62500    0.62500    0.62500    0.62500    0.62500    0.62500    0.62500    0.62500    0.62500    0.62500    0.62500    0.62500    0.62500
   0.70833    0.70833    0.70833    0.70833    0.70833    0.70833    0.70833    0.70833    0.70833    0.70833    0.70833    0.70833    0.70833    0.70833    0.70833    0.70833    0.70833    0.70833    0.70833    0.70833
   0.79167    0.79167    0.79167    0.79167    0.79167    0.79167    0.79167    0.79167    0.79167    0.79167    0.79167    0.79167    0.79167    0.79167    0.79167    0.79167    0.79167    0.79167    0.79167    0.79167
   0.87500    0.87500    0.87500    0.87500    0.87500    0.87500    0.87500    0.87500    0.87500    0.87500    0.87500    0.87500    0.87500    0.87500    0.87500    0.87500    0.87500    0.87500    0.87500    0.87500
   0.95833    0.95833    0.95833    0.95833    0.95833    0.95833    0.95833    0.95833    0.95833    0.95833    0.95833    0.95833    0.95833    0.95833    0.95833    0.95833    0.95833    0.95833    0.95833    0.95833
   0.50340    0.05958    0.13645    0.06801    0.00000    0.00000    0.00000    0.46327    0.72203    0.17622    0.09636    0.40524    0.00000    0.00000    0.23474    0.91693    0.00000    0.14942    0.05007    1.00000
   1.00000    0.24890    0.00000    0.00000    0.00000    0.00000    0.41484    0.04371    0.00000    0.00000    0.45317    0.24873    0.00000    0.00000    0.33805    0.28440    0.00000    0.33964    0.36316    0.99408
   0.62187    0.38518    0.00000    0.00000    0.00000    0.00000    0.41846    0.29333    0.31430    0.12501    0.50837    0.25815    0.35939    0.06584    0.00000    0.70453    0.29555    0.00000    0.26830    0.85791
   0.70169    0.33170    0.00000    0.19235    0.27726    0.00000    1.00000    0.30405    0.36790    0.35550    0.77036    0.24214    0.20288    0.14163    0.19243    0.76079    0.24737    0.21850    0.14023    0.81716
   1.00000    0.28914    0.00000    0.14946    0.26046    0.00000    0.62983    0.26052    0.30697    0.04759    0.53456    0.19611    0.29199    0.13216    0.23050    0.74254    0.20914    0.11595    0.00000    0.95624
   1.00000    0.42810    0.00000    0.00000    0.19614    0.04687    0.64281    0.27441    0.31841    0.00000    0.52027    0.21847    0.10145    0.14296    0.22704    0.76045    0.10689    0.00000    0.13639    0.93673
   1.00000    0.26978    0.00000    0.00000    0.02699    0.00000    0.40151    0.24626    0.32355    0.00000    0.03108    0.20585    0.31331    0.17811    0.22396    1.00000    0.19603    0.17704    0.15598    0.86404
   1.00000    0.24793    0.00000    0.15138    0.20968    0.00000    0.64942    0.22933    0.25138    0.02908    0.50162    0.29618    0.25383    0.09067    0.22495    0.68624    0.25054    0.20262    0.20193    0.85527
   1.00000    0.17024    0.00000    0.13105    0.20586    0.03765    1.00000    0.24988    0.33173    0.00000    0.47345    0.25981    0.22213    0.00000    0.19556    1.00000    0.09463    0.00000    0.19384    0.87325
   0.90585    0.28608    0.34720    0.08499    0.21846    0.01395    0.53804    0.37124    0.32431    0.11764    0.48951    0.22144    0.29395    0.00000    0.05271    0.81470    0.23339    0.01829    0.16391    0.86904
   1.00000    0.31904    0.00000    0.13510    0.25492    0.05329    0.58920    0.20623    0.33177    0.03503    0.45971    0.22637    0.25992    0.00000    0.00000    0.71675    0.20248    0.02901    0.27640    0.85034
   0.93500    0.13403    0.00000    0.06976    0.32484    0.00000    0.54795    0.07841    0.26737    0.06649    0.31014    0.21288    0.22768    0.00000    0.08864    0.71006    0.18701    0.00000    0.17118    0.89455
   0.95991    0.27385    0.00000    0.18158    0.27312    0.00000    0.51942    0.00000    0.19598    0.11839    0.45021    0.23204    0.27713    0.00000    0.02845    0.67963    0.17413    0.00000    0.20342    0.82739
   0.85650    0.33828    0.00000    0.13181    0.25264    0.00000    0.57416    0.06126    0.00000    0.03239    0.44469    0.18910    0.25476    0.00000    0.00000    0.53427    0.16645    0.00000    0.21661    0.78262
   0.87623    0.42785    0.00000    0.00000    0.24377    0.00000    0.56676    0.02574    0.06043    0.11718    0.31087    0.19449    0.26894    0.00000    0.00000    0.37145    0.16353    0.00000    0.17251    0.71118
   0.81143    0.23643    0.00000    0.08993    0.21031    0.00000    0.59054    0.00000    0.00000    0.06733    0.56911    0.02355    0.23206    0.00000    0.00000    0.00000    0.14297    0.00000    0.14149    0.64475
   0.78275    0.09921    0.01344    0.07890    0.15572    0.00000    0.56703    0.01128    0.00000    0.03213    0.51643    0.01999    0.25526    0.00000    0.00000    0.00000    0.16414    0.00000    0.11849    0.68772
   0.75095    0.00000    0.00000    0.09214    0.22078    0.00000    0.57771    0.00000    0.06423    0.00000    0.53480    0.00000    0.23449    0.00000    0.02770    0.00000    0.17038    0.00000    0.11446    0.62412
   0.67047    0.15501    0.00000    0.07793    0.28729    0.00000    0.57257    0.04542    0.00000    0.00000    0.48783    0.00384    0.23660    0.00000    0.02120    0.00000    0.14488    0.01196    0.00000    0.52930
   0.55578    0.17237    0.00000    0.07470    0.10471    0.00000    0.55794    0.00000    0.00000    0.00000    0.51824    0.01714    0.25146    0.00000    0.00000    0.06143    0.13093    0.00000    0.13162    0.60002
   0.66410    0.21417    0.00000    0.10230    0.17590    0.00233    0.55914    0.00000    0.00000    0.00000    0.49400    0.01425    0.46128    0.00000    0.00645    0.08136    0.10148    0.00000    0.12016    0.62841
   0.56779    0.12274    0.00000    0.06837    0.19671    0.00000    0.56472    0.00000    0.00000    0.00000    0.49385    0.08261    0.23830    0.00000    0.02342    0.00394    0.00000    0.00000    0.07664    0.59892
   0.66591    0.08044    0.00000    0.08910    0.14618    0.03252    0.54981    0.00000    0.00000    0.00000    0.40437    0.00000    0.18896    0.00000    0.00000    0.00000    0.08291    0.00000    0.13015    0.60129
   0.66092    0.07414    0.00000    0.09556    0.11032    0.00000    0.55010    0.00000    0.00000    0.00000    0.50713    0.02235    0.17339    0.01128    0.03911    0.03645    0.07537    0.00000    0.11705    0.46681
   0.55568    0.13859    0.01249    0.08696    0.17488    0.00000    0.55647    0.00000    0.00000    0.00000    0.49294    0.06703    0.16350    0.00000    0.02783    0.06570    0.03803    0.00000    0.12897    0.59011
   0.65654    0.11604    0.00000    0.10090    0.16892    0.00000    0.54928    0.00000    0.03343    0.00000    0.49910    0.08253    0.32969    0.00000    0.00000    0.13391    0.42558    0.00000    0.15151    0.53454
   0.56943    0.10550    0.00000    0.09688    0.16710    0.01089    0.55380    0.00000    0.10307    0.00000    0.49353    0.00000    0.29041    0.00000    0.00000    0.04300    0.53859    0.00000    0.11025    0.57120
   0.43651    0.13763    0.00000    0.07806    0.16765    0.20190    0.55612    0.00922    0.03598    0.00000    0.49972    0.00000    0.11368    0.00000    0.00000    0.02389    0.64718    0.01422    0.52997    0.59477
   0.42775    0.11177    0.00000    0.09636    0.17135    0.00000    0.54587    0.00000    0.03477    0.00000    0.49564    0.00000    0.00000    0.00000    0.04287    0.00000    0.00000    0.00000    0.10013    0.48101
   0.36952    0.07350    0.00000    0.09732    0.15657    0.02595    0.54264    0.00000    0.02751    0.00000    0.49391    0.00000    0.10564    0.00000    0.00000    0.00000    0.03935    0.00325    0.00000    0.55714
   0.33466    0.00924    0.00000    0.10075    0.18725    0.00000    0.53703    0.00000    0.05050    0.00000    0.49535    0.00000    0.09746    0.00000    0.00000    0.03897    0.01533    0.00000    0.03937    0.56430
   0.31496    0.09803    0.00000    0.09686    0.14119    0.00000    0.52514    0.00000    0.04996    0.00000    0.49167    0.00000    0.12293    0.00000    0.03280    0.09352    0.06153    0.03281    0.09535    0.60097
   0.33740    0.06630    0.00000    0.08589    0.17354    0.00000    0.42550    0.00000    0.04501    0.00000    0.49473    0.00000    0.06338    0.00000    0.00000    0.05048    0.08689    0.13141    0.19429    0.58679
   0.29029    0.07542    0.00000    0.09608    0.15876    0.00000    0.51664    0.00000    0.02193    0.00000    0.50284    0.00000    0.00000    0.00000    0.00000    0.05669    0.05953    0.09403    0.13760    0.57303
   0.24920    0.07950    0.00000    0.09243    0.18213    0.00000    0.52031    0.00000    0.00000    0.00000    0.48979    0.00000    0.07086    0.00000    0.00000    0.02305    0.05167    0.06969    0.11261    0.59714
   0.15987    0.06494    0.00000    0.09431    0.14128    0.00979    0.52838    0.00000    0.00060    0.00000    0.49211    0.00480    0.09812    0.00000    0.00000    0.04718    0.00519    0.07291    0.11591    0.53477
   0.26094    0.10103    0.00285    0.09559    0.21620    0.00000    0.52872    0.00000    0.00000    0.00000    0.51506    0.00000    0.12720    0.00000    0.02694    0.01298    0.05681    0.05320    0.25580    0.58114
   0.21081    0.11340    0.25731    0.10050    0.13574    0.07507    0.52608    0.00000    0.00000    0.00000    0.48900    0.00000    0.11468    0.00000    0.02073    0.03998    0.04364    0.06639    0.00000    0.57659
   0.33693    0.08118    0.00516    0.04167    0.17717    0.01677    0.51573    0.00000    0.00000    0.00000    0.48879    0.00000    0.11553    0.00000    0.02579    0.03546    0.05472    0.03432    0.11309    0.57696
   0.32775    0.00000    0.00942    0.12500    0.15873    0.01299    0.51026    0.00000    0.00000    0.00000    0.48618    0.00000    0.10969    0.00000    0.00000    0.05257    0.06988    0.05674    0.12302    0.58180
   0.31627    0.13785    0.05335    0.20833    0.16862    0.03299    0.50461    0.00000    0.00000    0.00000    0.49079    0.00000    0.12685    0.00000    0.11610    0.03304    0.05352    0.05976    0.11387    0.57514
   0.26000    0.07967    0.00000    0.29167    0.16898    0.07926    0.52107    0.00000    0.00000    0.00000    0.51562    0.00000    0.11505    0.00000    0.00000    0.04322    0.04831    0.07041    0.12349    0.57478
   0.29417    0.09852    0.00533    0.37500    0.17484    0.03513    0.52430    0.00000    0.00000    0.00000    0.49907    0.00000    0.12231    0.00000    0.00000    0.04641    0.14508    0.03547    0.12620    0.04167
   0.24940    0.10280    0.00000    0.45833    0.15769    0.04564    0.52067    0.00000    0.00940    0.00000    0.49951    0.00000    0.13375    0.00000    0.63250    0.04022    0.06568    0.05931    0.12282    0.12500
   0.27602    0.09795    0.01400    0.54167    0.13995    0.05387    0.52546    0.00000    0.00000    0.00000    0.49871    0.00000    0.12181    0.00000    0.04082    0.02939    0.05003    0.05826    0.12323    0.20833
   0.30686    0.07145    0.01685    0.62500    0.13817    0.04281    0.52276    0.00000    0.00000    0.00000    0.49562    0.00000    0.07987    0.00000    0.03162    0.03281    0.04488    0.06233    0.11180    0.29167
   0.28503    0.08519    0.01923    0.70833    0.12143    0.03712    0.51704    0.00000    0.01720    0.00000    0.49485    0.00000    0.09723    0.00000    0.04968    0.03635    0.05493    0.06835    0.11140    0.37500
   0.28473    0.09866    0.02093    0.79167    0.10521    0.04317    0.52060    0.00000    0.00000    0.00000    0.49805    0.00000    0.09959    0.00000    0.04647    0.03311    0.07043    0.10726    0.10426    0.45833
   0.27482    0.09876    0.02073    0.87500    0.00000    0.04166    0.51895    0.00000    0.09629    0.00000    0.49386    0.00000    0.08504    0.00000    0.04971    0.04486    0.06081    0.07293    0.10709    0.54167
   0.26442    0.10923    0.01044    0.95833    0.04430    0.04875    0.51928    0.00000    0.16508    0.00000    0.04167    0.00000    0.09506    0.00000    0.27442    0.04325    0.06029    0.06607    0.10920    0.62500
   0.26789    0.07016    0.08891    0.50677    0.02315    0.04495    0.51830    0.00000    0.09877    0.04165    0.12500    0.00000    0.09923    0.00000    0.09919    0.03550    0.06806    0.04892    0.10291    0.70833
   0.24154    0.10371    0.02917    0.38447    0.04764    0.05308    0.51798    0.00000    0.16138    0.09896    0.20833    0.00000    0.08325    0.00000    0.04418    0.04044    0.07212    0.04909    0.09652    0.79167
   0.23880    0.08772    0.00363    0.75049    0.03692    0.04799    0.04167    0.00000    0.03283    0.33477    0.29167    0.00000    0.08894    0.00000    0.06182    0.03809    0.06648    0.06445    0.10286    0.87500
   0.22884    0.07153    0.02897    0.45001    0.00000    0.04899    0.12500    0.00000    0.30762    0.10885    0.37500    0.00000    0.07492    0.00000    0.10418    0.04092    0.07747    0.03411    0.09531    0.95833
   0.22268    0.07359    0.02297    0.43412    0.09874    0.04514    0.20833    0.00000    0.05936    0.07558    0.45833    0.00000    0.09015    0.00000    0.05674    0.04232    0.06853    0.06745    0.09769    0.16563
   0.25811    0.06584    0.02405    0.56860    0.02907    0.05337    0.29167    0.04167    0.04228    0.08699    0.54167    0.00000    0.07850    0.04167    0.04355    0.04477    0.08548    0.03373    0.10040    0.35362
   0.25295    0.03656    0.02274    0.40066    0.10710    0.04532    0.37500    0.12500    0.04750    0.08797    0.62500    0.00000    0.09281    0.12500    0.04124    0.04776    0.08485    0.05736    0.09478    0.25621
   0.17410    0.06551    0.01619    0.46357    0.06743    0.04344    0.45833    0.20833    0.04284    0.08345    0.70833    0.00000    0.07847    0.20833    0.04403    0.04521    0.07937    0.04798    0.08831    0.11124
   0.16840    0.06948    0.03544    0.35739    0.06382    0.04751    0.54167    0.29167    0.06487    0.06156    0.79167    0.00071    0.07182    0.29167    0.03771    0.04886    0.08181    0.04164    0.09526    0.32309
   0.10130    0.05142    0.03264    0.40872    0.07593    0.04344    0.62500    0.37500    0.01709    0.12370    0.87500    0.00000    0.07662    0.37500    0.05368    0.04624    0.07267    0.05314    0.09394    0.02381
   0.16175    0.05061    0.01785    0.00000    0.08670    0.04499    0.70833    0.45833    0.01711    0.12157    0.95833    0.00000    0.09744    0.45833    0.05647    0.04167    0.07523    0.04499    0.09360    0.30007
   0.16480    0.05971    0.03092    0.35623    0.04729    0.03630    0.79167    0.54167    0.00000    0.08269    0.00000    0.00000    0.07099    0.54167    0.05641    0.12500    0.07434    0.06849    0.08893    0.00000
   0.14700    0.05768    0.02812    0.30229    0.05128    0.03842    0.87500    0.62500    0.00000    0.08959    0.71210    0.00000    0.08856    0.62500    0.04898    0.20833    0.07583    0.05047    0.09965    0.13999
   0.08981    0.08328    0.02384    0.34489    0.05577    0.03893    0.95833    0.70833    0.01942    0.06716    0.38076    0.00000    0.08423    0.70833    0.04547    0.29167    0.07939    0.05472    0.09393    0.12119
   0.00000    0.07289    0.02412    0.27921    0.06531    0.03660    0.00000    0.79167    0.03065    0.00000    0.22141    0.00000    0.10217    0.79167    0.05283    0.37500    0.04167    0.04917    0.09217    0.13222
   0.03668    0.06360    0.02412    0.24173    0.06394    0.03939    0.19664    0.87500    0.03287    0.00000    0.29805    0.00000    0.08555    0.87500    0.04944    0.45833    0.12500    0.05142    0.09154    0.16187
   0.06309    0.06110    0.02725    0.27076    0.07144    0.04170    0.13335    0.95833    0.03369    0.00304    0.35707    0.00000    0.07419    0.95833    0.04558    0.54167    0.20833    0.06106    0.09473    0.12666
   0.07783    0.07929    0.03546    0.25739    0.06504    0.03891    0.20962    0.14694    0.03440    0.00000    0.29410    0.00005    0.07461    0.00000    0.04919    0.62500    0.29167    0.05838    0.09618    0.10243
   0.07940    0.07993    0.03136    0.25336    0.07244    0.03926    0.04142    0.50895    0.06432    0.00000    0.37223    0.00000    0.07138    0.30411    0.05117    0.70833    0.37500    0.05645    0.09268    0.11718
   0.06071    0.07209    0.02017    0.23405    0.07826    0.04057    0.00000    0.54948    0.01476    0.00000    0.37946    0.00000    0.08207    0.39703    0.04875    0.79167    0.45833    0.06985    0.09470    0.13242
   0.06759    0.07093    0.03493    0.23903    0.05608    0.04270    0.00000    0.18473    0.05624    0.00000    0.33933    0.04167    0.08260    0.44416    0.04918    0.87500    0.54167    0.06004    0.08936    0.12008
   0.04207    0.07877    0.03471    0.21547    0.05221    0.04201    0.00000    0.35241    0.07418    0.22150    0.37194    0.12500    0.07316    0.41486    0.05643    0.95833    0.62500    0.05686    0.08222    0.14430
   0.06565    0.06701    0.04167    0.14658    0.04167    0.04167    0.00000    0.49156    0.13069    0.09419    0.37413    0.20833    0.07471    0.47887    0.04957    0.00000    0.70833    0.05289    0.08718    0.13405
   0.07736    0.07590    0.12500    0.17019    0.12500    0.12500    0.00000    0.34426    0.07177    0.08080    0.35251    0.29167    0.05935    0.44372    0.04167    0.38330    0.79167    0.05977    0.08569    0.12401
   0.09668    0.07578    0.20833    0.20904    0.20833    0.20833    0.00000    0.42024    0.08739    0.06408    0.19019    0.37500    0.05910    0.34915    0.12500    0.31949    0.87500    0.05920    0.09040    0.10184
   0.03115    0.07009    0.29167    0.21579    0.29167    0.29167    0.00000    0.39619    0.06274    0.11838    0.00000    0.45833    0.05694    0.39239    0.20833    0.00000    0.95833    0.05812    0.08492    0.11746
   0.08316    0.06853    0.37500    0.21268    0.37500    0.37500    0.00000    0.49960    0.05672    0.09082    0.00000    0.54167    0.07884    0.29625    0.29167    0.13052    0.88331    0.05383    0.08979    0.12953
   0.06712    0.07510    0.45833    0.15034    0.45833    0.45833    0.00000    0.10515    0.06145    0.03528    0.00000    0.62500    0.07189    0.43604    0.37500    0.12758    0.32854    0.06061    0.08849    0.11055
   0.06655    0.07291    0.54167    0.13844    0.54167    0.54167    0.00000    0.00000    0.04252    0.07587    0.00000    0.70833    0.07361    0.00000    0.45833    0.11280    0.46552    0.05834    0.08926    0.12799
   0.05552    0.07855    0.62500    0.21012    0.62500    0.62500    0.00000    0.07424    0.06767    0.08502    0.00000    0.79167    0.06698    0.69731    0.54167    0.00000    0.32741    0.05677    0.08785    0.10466
   0.06237    0.07306    0.70833    0.24531    0.70833    0.70833    0.00000    0.05738    0.05353    0.06397    0.00000    0.87500    0.07178    0.50230    0.62500    0.16141    0.38680    0.06213    0.08949    0.09142
   0.04261    0.07539    0.79167    0.23103    0.79167    0.79167    0.00000    0.00000    0.06547    0.09251    0.00000    0.95833    0.07213    0.44633    0.70833    0.12683    0.27770    0.05828    0.04167    0.11122
   0.06380    0.07291    0.87500    0.20671    0.87500    0.87500    0.00000    0.00000    0.00000    0.07474    0.00000    0.00000    0.07923    0.40261    0.79167    0.11926    0.37312    0.06069    0.12500    0.11193
   0.03030    0.07370    0.95833    0.21894    0.95833    0.95833    0.00000    0.00000    0.07585    0.07593    0.00000    0.00000    0.07350    0.39905    0.87500    0.17096    0.34784    0.04167    0.20833    0.11113
   0.04906    0.07191    0.00000    0.20493    0.35342    0.08761    0.00000    0.00000    0.09115    0.07745    0.00000    0.00000    0.07568    0.39500    0.95833    0.11088    0.36961    0.12500    0.29167    0.09908
   0.01921    0.04167    0.01217    0.21132    0.29077    0.58043    0.00619    0.00000    0.06855    0.04752    0.00000    0.00000    0.05955    0.46014    0.55191    0.18382    0.37023    0.20833    0.37500    0.10403
   0.03049    0.12500    0.23587    0.20456    0.17894    0.15886    0.00000    0.00000    0.07407    0.08538    0.00000    0.00000    0.08069    0.43235    0.00000    0.15647    0.42384    0.29167    0.45833    0.00000
   0.00000    0.20833    0.05716    0.18620    0.40620    0.19319    0.00000    0.00000    0.05552    0.06418    0.00000    0.00000    0.08202    0.36204    0.00000    0.10813    0.86739    0.37500    0.54167    0.05857
   0.00000    0.29167    0.00000    0.16555    0.23427    0.00000    0.00000    0.00000    0.06324    0.08420    0.00000    0.00000    0.07337    0.40850    0.00000    0.07984    0.48166    0.45833    0.62500    0.05902
   0.05342    0.37500    0.00000    0.06307    0.32586    0.05254    0.00000    0.00000    0.05570    0.06659    0.00000    0.00000    0.06663    0.41161    0.00000    0.13518    0.40216    0.54167    0.70833    0.00000
   0.06669    0.45833    0.00000    0.27295    0.25185    0.13763    0.00000    0.04903    0.05792    0.08744    0.00000    0.00000    0.06995    0.39731    0.00000    0.10749    0.37979    0.62500    0.79167    0.04706
   0.05154    0.54167    0.00000    0.02573    0.27435    0.03921    0.00721    0.00000    0.05361    0.08120    0.00000    0.00000    0.06175    0.58360    0.03706    0.14739    0.41159    0.70833    0.87500    0.00849
   0.04027    0.62500    0.00000    0.23822    0.16653    0.12019    0.00000    0.36826    0.06382    0.06278    0.02466    0.00000    0.06296    0.44496    0.02950    0.11926    0.42549    0.79167    0.95833    0.19146
   0.02785    0.70833    0.00000    0.00704    0.00000    0.12073    0.00000    0.08521    0.05590    0.04167    0.00000    0.00000    0.06641    0.39543    0.05474    0.11728    0.43177    0.87500    0.25190    0.09615
   0.04418    0.79167    0.00000    0.00000    0.16850    0.08977    0.00000    0.05567    0.05988    0.12500    0.00000    0.00000    0.07052    0.39689    0.02680    0.13101    0.23547    0.95833    0.00000    0.08841
   0.03994    0.87500    0.00000    0.00000    0.00000    0.08216    0.00000    0.00000    0.04167    0.20833    0.00000    0.00000    0.07059    0.41779    0.11944    0.11235    0.00000    0.00000    0.21593    0.07669
   0.05467    0.95833    0.00000    0.00000    0.15968    0.04393    0.00000    0.02642    0.12500    0.29167    0.00000    0.00000    0.07080    0.32380    0.19525    0.10001    0.00000    0.00000    0.22967    0.08374
   0.03679    0.00000    0.00000    0.00000    0.17125    0.00000    0.00000    0.00000    0.20833    0.37500    0.00000    0.00000    0.07448    0.37674    0.11830    0.04213    0.00000    0.00000    0.30871    0.08787
   0.04135    0.00000    0.00000    0.01621    0.14106    0.00000    0.00000    0.00000    0.29167    0.45833    0.00000    0.00000    0.06952    0.37416    0.04099    0.10487    0.00000    0.00000    0.02247    0.08673
   0.05080    0.00000    0.00000    0.00000    0.13280    0.00000    0.00000    0.00000    0.37500    0.54167    0.00000    0.00000    0.07308    0.39754    0.11351    0.10643    0.00000    0.00000    0.05866    0.07496
   0.03898    0.00000    0.00000    0.00000    0.09999    0.00000    0.00000    0.02375    0.45833    0.62500    0.00000    0.00000    0.06955    0.39851    0.13317    0.09681    0.00000    0.00000    0.14153    0.08664
   0.04661    0.00000    0.00000    0.00000    0.00500    0.00000    0.00000    0.01156    0.54167    0.70833    0.00000    0.00000    0.04167    0.38900    0.14257    0.11603    0.00000    0.08214    0.09100    0.08229
   0.04880    0.00000    0.00000    0.00000    0.07902    0.00000    0.00000    0.00000    0.62500    0.79167    0.00000    0.09542    0.12500    0.40168    0.12699    0.10539    0.00000    0.00000    0.00000    0.08078
   0.04702    0.00000    0.00000    0.00000    0.07438    0.00000    0.00000    0.02051    0.70833    0.87500    0.00000    0.00206    0.20833    0.39842    0.18908    0.10348    0.00000    0.00000    0.08274    0.07760
   0.04065    0.00000    0.00000    0.00000    0.08789    0.00000    0.00000    0.00000    0.79167    0.95833    0.00000    0.00000    0.29167    0.40344    0.18326    0.10932    0.00000    0.00000    0.06604    0.07008
   0.04516    0.00000    0.00000    0.00734    0.11195    0.00000    0.00000    0.00000    0.87500    0.69185    0.00000    0.00000    0.37500    0.40350    0.14662    0.10717    0.00000    0.00000    0.07830    0.10953
   0.04310    0.00000    0.00000    0.00000    0.06030    0.00000    0.00000    0.00000    0.95833    0.45913    0.00000    0.00000    0.45833    0.40063    0.22665    0.10238    0.00000    0.00000    0.00000    0.06111
   0.04358    0.00000    0.00000    0.00000    0.08354    0.03545    0.00000    0.00000    0.08497    0.49624    0.00000    0.00000    0.54167    0.40501    0.14001    0.09441    0.00000    0.01116    0.07413    0.05687
   0.04357    0.00000    0.00000    0.00000    0.08781    0.09821    0.00000    0.01470    0.00000    0.51811    0.00104    0.00000    0.62500    0.40277    0.13734    0.10826    0.00000    0.00000    0.11918    0.08040
   0.03635    0.00000    0.00000    0.00000    0.06711    0.00000    0.00000    0.03956    0.00000    0.46188    0.00000    0.01849    0.70833    0.39808    0.14419    0.07650    0.00000    0.03173    0.09256    0.06009
   0.04051    0.00000    0.00000    0.00000    0.08409    0.05880    0.00000    0.02097    0.00000    0.46546    0.00000    0.00000    0.79167    0.04167    0.14142    0.09140    0.00000    0.00000    0.03084    0.06735
   0.04492    0.00000    0.00000    0.00000    0.07064    0.05411    0.00000    0.01359    0.00000    0.42195    0.00000    0.00820    0.87500    0.12500    0.18568    0.02427    0.00000    0.00000    0.06182    0.07837
   0.04558    0.00000    0.00000    0.00000    0.11634    0.02876    0.00000    0.02751    0.00000    0.31546    0.00000    0.00000    0.95833    0.20833    0.13362    0.09661    0.00000    0.01652    0.09099    0.07411
   0.04581    0.00000    0.00000    0.00000    0.06179    0.30660    0.00000    0.00000    0.00000    0.48609    0.00000    0.09788    0.04235    0.29167    0.10591    0.09137    0.00000    0.00000    0.09561    0.06064
   0.04678    0.00000    0.00000    0.00000    0.15888    0.00000    0.00000    0.03269    0.00000    0.42015    0.00264    0.00000    0.28111    0.37500    0.14424    0.08229    0.00000    0.00000    0.08851    0.07737
   0.04502    0.00000    0.00000    0.00000    0.15043    0.02759    0.00000    0.05056    0.01220    0.08251    0.00134    0.20059    0.00000    0.45833    0.17233    0.08863    0.00000    0.00000    0.11661    0.06534
   0.04496    0.00000    0.00000    0.00000    0.08835    0.05097    0.07789    0.09834    0.00000    0.34785    0.00000    0.00000    0.00000    0.54167    0.13250    0.08208    0.00000    0.00000    0.09565    0.07688
   0.04167    0.00000    0.00000    0.00000    0.07394    0.04976    0.53736    0.47549    0.00000    0.23836    0.00000    0.00000    0.00000    0.62500    0.39620    0.08220    0.00000    0.00000    0.11216    0.06996
   0.12500    0.01517    0.00000    0.00000    0.07760    0.03820    0.00000    0.11285    0.00000    0.40842    0.00000    0.00000    0.00000    0.70833    0.13241    0.08637    0.00000    0.00000    0.07929    0.07925
   0.20833    0.02658    0.00000    0.00000    0.07224    0.03403    0.00000    0.10391    0.00000    0.39858    0.00000    0.00000    0.00000    0.79167    0.13903    0.08588    0.00000    0.00000    0.08708    0.07906
   0.29167    0.00000    0.00000    0.00000    0.08000    0.06257    0.00000    0.05286    0.00000    0.29487    0.00000    0.00000    0.00000    0.87500    0.12684    0.08149    0.00000    0.00000    0.07772    0.08389
   0.37500    0.00000    0.00000    0.00000    0.10705    0.05101    0.00000    0.17449    0.00000    0.00775    0.00000    0.00000    0.00000    0.95833    0.13462    0.07995    0.00000    0.00000    0.09053    0.08134
   0.45833    0.03472    0.00000    0.00025    0.07496    0.01983    0.00000    0.10449    0.00000    0.36527    0.00000    0.00000    0.00000    0.03853    0.15469    0.08228    0.00000    0.00000    0.09509    0.07916
   0.54167    0.03264    0.00000    0.00000    0.07541    0.03582    0.00000    0.08382    0.00000    0.22440    0.00000    0.00841    0.00000    0.20272    0.11473    0.08779    0.00000    0.00000    0.06788    0.07592
   0.62500    0.00000    0.00000    0.00000    0.07311    0.03843    0.00000    0.09752    0.01755    0.00000    0.00000    0.00000    0.00000    0.23637    0.13060    0.07275    0.00000    0.00000    0.07283    0.04167
   0.70833    0.04605    0.00000    0.00000    0.08263    0.03868    0.00000    0.08407    0.00000    0.00000    0.04167    0.00525    0.00731    0.10615    0.12513    0.08349    0.00000    0.00000    0.05477    0.12500
   0.79167    0.06738    0.00000    0.00000    0.08893    0.03562    0.00000    0.08894    0.00000    0.00000    0.12500    0.03216    0.00000    0.18384    0.12564    0.08849    0.00000    0.00000    0.04757    0.20833
   0.87500    0.15209    0.00000    0.00000    0.08830    0.03021    0.00000    0.08985    0.00000    0.00000    0.20833    0.02593    0.00000    0.19117    0.14011    0.08687    0.00000    0.00000    0.03457    0.29167
   0.95833    0.06577    0.00000    0.00000    0.07356    0.04091    0.00000    0.09314    0.00000    0.00000    0.29167    0.02687    0.00000    0.15797    0.08956    0.08677    0.03546    0.00229    0.05339    0.37500
   0.40374    0.05574    0.00000    0.00000    0.07554    0.03929    0.00000    0.07617    0.00000    0.00000    0.37500    0.02515    0.00000    0.19688    0.14771    0.08777    0.04481    0.00000    0.03241    0.45833
   0.00000    0.04511    0.00000    0.00000    0.06406    0.04552    0.00000    0.09170    0.00000    0.00000    0.45833    0.03834    0.00000    0.15881    0.10455    0.04167    0.12419    0.00000    0.06869    0.54167
   0.21099    0.28195    0.00000    0.00000    0.07872    0.05063    0.00000    0.08682    0.00000    0.00000    0.54167    0.03719    0.00000    0.17093    0.09171    0.12500    0.03633    0.03100    0.00000    0.62500
   0.31987    0.09394    0.00000    0.00000    0.08517    0.04861    0.00000    0.09122    0.00000    0.00000    0.62500    0.01682    0.00000    0.13974    0.07243    0.20833    0.03084    0.02641    0.03859    0.70833
   0.33154    0.06215    0.00000    0.04167    0.07639    0.03839    0.00000    0.08665    0.00000    0.00000    0.70833    0.02679    0.00447    0.22811    0.09883    0.29167    0.00000    0.02913    0.05001    0.79167
   0.00000    0.08642    0.00000    0.12500    0.07722    0.04598    0.00296    0.08940    0.00000    0.00000    0.79167    0.06461    0.09018    0.38053    0.08944    0.37500    0.04644    0.01018    0.04547    0.87500
   0.15765    0.08617    0.00000    0.20833    0.07530    0.04810    0.00000    0.07120    0.00355    0.00000    0.87500    0.10104    0.00000    0.06802    0.11508    0.45833    0.07760    0.02305    0.06916    0.95833
   0.19440    0.07568    0.00000    0.29167    0.07915    0.04515    0.00000    0.07724    0.00000    0.00000    0.95833    0.06412    0.00000    0.00000    0.11254    0.54167    0.03244    0.00000    0.06921    0.16772
   0.19003    0.08176    0.00000    0.37500    0.07845    0.04491    0.00274    0.08347    0.00000    0.00000    0.00000    0.07536    0.00000    0.00000    0.08822    0.62500    0.08193    0.02053    0.05822    0.32066
   0.01514    0.08148    0.00000    0.45833    0.07843    0.04585    0.00000    0.06753    0.00000    0.00000    0.00000    0.06052    0.00000    0.00000    0.10526    0.70833    0.04486    0.03000    0.06081    0.25426
   0.10241    0.10063    0.00000    0.54167    0.07783    0.04486    0.00000    0.05331    0.00000    0.00000    0.00000    0.06670    0.00000    0.13183    0.10088    0.79167    0.06336    0.04657    0.05607    0.03115
   0.00000    0.08235    0.00000    0.62500    0.08044    0.04672    0.00000    0.06021    0.00000    0.00000    0.00000    0.08698    0.00000    0.06279    0.10790    0.87500    0.06518    0.03186    0.05435    0.00000
   0.07574    0.13391    0.00708    0.70833    0.07652    0.04724    0.00000    0.05264    0.00569    0.00000    0.00000    0.13608    0.00000    0.04243    0.10561    0.95833    0.35262    0.01975    0.05977    0.00654
   0.00000    0.07910    0.04980    0.79167    0.04167    0.04920    0.00000    0.05187    0.19588    0.00000    0.00000    0.08814    0.00000    0.06180    0.10114    0.73991    0.00000    0.03898    0.05744    0.13960
   0.00000    0.07649    0.08072    0.87500    0.12500    0.04827    0.00000    0.02008    0.02499    0.00000    0.03095    0.11280    0.00000    0.00632    0.10550    0.26088    0.08447    0.03664    0.05218    0.11059
   0.00000    0.08121    0.04910    0.95833    0.20833    0.04661    0.00000    0.04643    0.04377    0.00849    0.08539    0.09219    0.47102    0.00000    0.11603    0.29169    0.10513    0.06888    0.05563    0.02712
   0.00000    0.07815    0.04522    0.00000    0.29167    0.04915    0.00000    0.05969    0.04044    0.01282    0.00000    0.08170    0.00000    0.03655    0.10092    0.23328    0.09327    0.52025    0.05844    0.06139
   0.00000    0.07926    0.05070    0.01313    0.37500    0.05007    0.00000    0.05987    0.04789    0.03180    0.00000    0.05702    0.00000    0.00000    0.04167    0.37581    0.07225    0.09552    0.05829    0.09618
   0.00000    0.07383    0.05300    0.21913    0.45833    0.04281    0.04167    0.05412    0.04921    0.07567    0.00000    0.08125    0.00000    0.04350    0.12500    0.05956    0.06609    0.00000    0.05710    0.09748
   0.00000    0.08320    0.06469    0.25906    0.54167    0.04501    0.12500    0.04167    0.05234    0.01639    0.10190    0.07702    0.00000    0.04588    0.20833    0.19346    0.05001    0.04160    0.06149    0.05773
   0.00000    0.08018    0.08496    0.18560    0.62500    0.04597    0.20833    0.12500    0.06302    0.06041    0.04400    0.07585    0.02539    0.04479    0.29167    0.25753    0.08740    0.06555    0.06140    0.04243
   0.00000    0.07859    0.12343    0.24972    0.70833    0.04604    0.29167    0.20833    0.04987    0.06852    0.13531    0.08228    0.05372    0.04475    0.37500    0.25079    0.06857    0.04882    0.06851    0.06210
   0.00210    0.08135    0.08469    0.21276    0.79167    0.04652    0.37500    0.29167    0.06451    0.07205    0.13899    0.07668    0.00000    0.04353    0.45833    0.26662    0.04249    0.03748    0.06453    0.07328
   0.00000    0.08252    0.07985    0.25700    0.87500    0.04678    0.45833    0.37500    0.07152    0.08093    0.03716    0.08256    0.06382    0.03387    0.54167    0.26823    0.08669    0.12209    0.06689    0.06501
   0.00000    0.07682    0.06931    0.16854    0.95833    0.04687    0.54167    0.45833    0.06949    0.00000    0.00000    0.08786    0.00000    0.06834    0.62500    0.26911    0.06586    0.05041    0.06254    0.06596
   0.00000    0.08160    0.07130    0.21864    0.40611    0.04530    0.62500    0.54167    0.11021    0.05705    0.03811    0.07715    0.18291    0.05286    0.70833    0.22786    0.07713    0.06918    0.06113    0.07244
   0.00000    0.08265    0.07205    0.14898    0.00000    0.04593    0.70833    0.62500    0.05388    0.06220    0.07544    0.07368    0.00447    0.05703    0.79167    0.23261    0.07122    0.02706    0.06753    0.05169
   0.00000    0.07956    0.07569    0.31077    0.35049    0.04308    0.79167    0.70833    0.06657    0.06415    0.11413    0.07941    0.02459    0.04869    0.87500    0.25048    0.06138    0.06800    0.06261    0.06348
   0.00000    0.08118    0.07982    0.27442    0.00000    0.03846    0.87500    0.79167    0.07160    0.04834    0.12679    0.07527    0.02955    0.06894    0.95833    0.20068    0.06466    0.10871    0.06619    0.05740
   0.00000    0.08130    0.07628    0.25204    0.13958    0.01102    0.95833    0.87500    0.08248    0.06446    0.13824    0.07134    0.07139    0.08346    0.00000    0.24062    0.06588    0.08513    0.06410    0.05277
   0.00000    0.07949    0.07063    0.64452    0.15208    0.03843    0.00000    0.95833    0.06716    0.04061    0.13406    0.06565    0.01848    0.10747    0.19664    0.19553    0.07344    0.21231    0.04167    0.06492
   0.00000    0.08338    0.07362    0.20182    0.13164    0.03777    0.00000    0.00000    0.06263    0.04902    0.10972    0.06320    0.06321    0.09055    0.21517    0.00000    0.07803    0.07752    0.12500    0.06243
   0.00000    0.08153    0.07219    0.25670    0.10220    0.04342    0.00000    0.00000    0.04500    0.05760    0.00000    0.06675    0.03984    0.08904    0.14605    0.00000    0.04167    0.01420    0.20833    0.06860
   0.00000    0.07951    0.07004    0.20685    0.13439    0.06250    0.00000    0.00000    0.06689    0.08407    0.11446    0.07572    0.03384    0.10475    0.27178    0.00000    0.12500    0.06470    0.29167    0.07490
   0.00000    0.04167    0.06813    0.20330    0.21519    0.05084    0.00000    0.00000    0.06831    0.07614    0.10644    0.07116    0.03279    0.09125    0.35407    0.00000    0.20833    0.04687    0.37500    0.06524
   0.00000    0.12500    0.06966    0.22519    0.00000    0.04794    0.00000    0.00000    0.06686    0.15421    0.02132    0.06628    0.02271    0.10430    0.14692    0.00000    0.29167    0.06220    0.45833    0.07894
   0.00000    0.20833    0.07411    0.21986    0.16481    0.03595    0.00000    0.09461    0.06481    0.08600    0.00000    0.07027    0.04823    0.09320    0.29044    0.00000    0.37500    0.05693    0.54167    0.06972
   0.00000    0.29167    0.06272    0.23845    0.13395    0.03728    0.00000    0.03432    0.08264    0.09817    0.00000    0.07161    0.04711    0.08540    0.18704    0.00000    0.45833    0.07709    0.62500    0.04068
   0.00000    0.37500    0.04167    0.22877    0.17416    0.04167    0.00000    0.02431    0.06841    0.07005    0.00000    0.07029    0.05099    0.09548    0.20047    0.00000    0.54167    0.07797    0.70833    0.06240
   0.00000    0.45833    0.12500    0.20839    0.16741    0.12500    0.00000    0.08174    0.06461    0.07637    0.00000    0.07012    0.03895    0.08136    0.26241    0.00276    0.62500    0.08296    0.79167    0.06836
   0.00000    0.54167    0.20833    0.16669    0.15807    0.20833    0.00000    0.01665    0.06208    0.04908    0.00000    0.04167    0.04436    0.09057    0.00000    0.00000    0.70833    0.06149    0.87500    0.06238
   0.00000    0.62500    0.29167    0.01079    0.13269    0.29167    0.00000    0.00000    0.06226    0.05545    0.00000    0.12500    0.04241    0.09426    0.10667    0.00000    0.79167    0.07222    0.95833    0.06546
   0.00000    0.70833    0.37500    0.00000    0.12289    0.37500    0.00000    0.00000    0.06564    0.06981    0.00291    0.20833    0.03621    0.08516    0.09263    0.00000    0.87500    0.07319    0.00000    0.06669
   0.00000    0.79167    0.45833    0.08981    0.13189    0.45833    0.00000    0.00000    0.07121    0.07138    0.00000    0.29167    0.05003    0.08768    0.12181    0.00000    0.95833    0.06840    0.00000    0.06172
   0.00000    0.87500    0.54167    0.00000    0.12838    0.54167    0.00000    0.00000    0.07233    0.08255    0.00000    0.37500    0.04442    0.08956    0.13101    0.00000    0.00000    0.06609    0.00000    0.05575
   0.00000    0.95833    0.62500    0.00000    0.13125    0.62500    0.00000    0.00595    0.06298    0.04167    0.00000    0.45833    0.04516    0.08642    0.14958    0.00000    0.00000    0.06434    0.00000    0.06291
   0.00000    0.40762    0.70833    0.00000    0.10851    0.70833    0.00000    0.00000    0.06847    0.12500    0.00000    0.54167    0.04142    0.08768    0.13560    0.00000    0.00000    0.06785    0.00000    0.06255
   0.00000    0.26532    0.79167    0.00000    0.13403    0.79167    0.08543    0.00000    0.06363    0.20833    0.00000    0.62500    0.03854    0.08789    0.19911    0.19232    0.00000    0.06742    0.00000    0.06506
   0.00000    0.25616    0.87500    0.00000    0.09441    0.87500    0.00000    0.00000    0.06907    0.29167    0.01535    0.70833    0.04960    0.08895    0.21972    0.00000    0.20762    0.06922    0.00000    0.06002
   0.00000    0.37433    0.95833    0.00000    0.10856    0.95833    0.00000    0.00000    0.06660    0.37500    0.00000    0.79167    0.03903    0.08905    0.15519    0.00000    0.26385    0.07337    0.00000    0.05889
   0.00011    0.39727    0.00000    0.00000    0.12129    0.00000    0.05808    0.00000    0.06648    0.45833    0.00000    0.87500    0.04167    0.08928    0.18784    0.00000    0.28217    0.07058    0.00000    0.06068
   0.00000    0.34596    0.41176    0.00000    0.11548    0.00000    0.00000    0.00288    0.06851    0.54167    0.00000    0.95833    0.12500    0.08686    0.22376    0.00530    0.21821    0.06661    0.00000    0.06028
   0.01569    0.33794    0.00000    0.00000    0.12616    0.00000    0.00206    0.00000    0.06842    0.62500    0.00000    0.63511    0.20833    0.04167    0.08995    0.03990    0.18993    0.06620    0.00000    0.06099
   0.00000    0.38179    0.00000    0.00000    0.12397    0.00000    0.00000    0.00000    0.06446    0.70833    0.00000    0.93939    0.29167    0.12500    0.19196    0.05005    0.00952    0.06910    0.00000    0.06169
   0.00000    0.36705    0.12721    0.00000    0.12449    0.00000    0.01356    0.08095    0.06867    0.79167    0.00000    0.39939    0.37500    0.20833    0.21971    0.03529    0.10466    0.07000    0.00000    0.04167
   0.05480    0.32672    0.00000    0.00000    0.10807    0.00000    0.00000    0.00000    0.06532    0.87500    0.00000    0.00000    0.45833    0.29167    0.14291    0.07023    0.25184    0.06845    0.01278    0.12500
   0.03187    0.29524    0.00000    0.00000    0.10966    0.00000    0.08183    0.00000    0.04167    0.95833    0.02981    0.50326    0.54167    0.37500    0.15952    0.05036    0.02029    0.07157    0.05286    0.20833
   0.11907    0.28063    0.00000    0.00000    0.11647    0.00000    0.05293    0.00000    0.12500    0.33145    0.03135    0.48831    0.62500    0.45833    0.12437    0.05789    0.05475    0.06453    0.00000    0.29167
   0.06423    0.13067    0.03945    0.00000    0.11904    0.00000    0.06909    0.00000    0.20833    0.20899    0.04659    0.43404    0.70833    0.54167    0.13000    0.04124    0.05907    0.04167    0.09769    0.37500
   0.08210    0.00000    0.04725    0.00000    0.10753    0.00000    0.05219    0.00000    0.29167    0.49223    0.03369    0.47209    0.79167    0.62500    0.11503    0.04049    0.07823    0.12500    0.00000    0.45833
   0.04254    0.00000    0.00000    0.00000    0.10847    0.00000    0.22612    0.00000    0.37500    0.29021    0.00000    0.38707    0.87500    0.70833    0.00000    0.04333    0.05906    0.20833    0.00000    0.54167
   0.11662    0.00000    0.03215    0.00000    0.10672    0.00000    0.05545    0.00000    0.45833    0.00000    0.02186    0.59553    0.95833    0.79167    0.10049    0.04761    0.00000    0.29167    0.00000    0.62500
   0.04480    0.00000    0.04032    0.00000    0.11629    0.04484    0.09006    0.00000    0.54167    0.00901    0.02011    0.24295    0.99016    0.87500    0.17985    0.05814    0.09202    0.37500    0.00000    0.70833
   0.04392    0.00000    0.04781    0.00000    0.10683    0.00000    0.10452    0.00667    0.62500    0.00000    0.01584    0.33158    0.38605    0.95833    0.12260    0.04565    0.06535    0.45833    0.00000    0.79167
   0.05847    0.00000    0.03834    0.00000    0.10586    0.00000    0.02164    0.02405    0.70833    0.00000    0.01693    0.48880    0.42568    0.00000    0.12391    0.05901    0.09041    0.54167    0.00000    0.87500
   0.05900    0.00000    0.01855    0.00000    0.11389    0.00000    0.08015    0.02222    0.79167    0.00000    0.02213    0.53586    0.47920    0.23161    0.13886    0.06530    0.06624    0.62500    0.00794    0.95833
   0.05831    0.00000    0.03947    0.00000    0.00000    0.00000    0.06584    0.03558    0.87500    0.01494    0.01920    0.39514    0.57133    0.00000    0.11203    0.06276    0.12003    0.70833    0.00000    0.00000
   0.06634    0.00000    0.04425    0.00000    0.09983    0.00000    0.07068    0.05098    0.95833    0.00000    0.01493    0.40076    0.57625    0.10141    0.13414    0.03498    0.08304    0.79167    0.08771    0.54251
   0.05249    0.00000    0.05146    0.00000    0.11714    0.00000    0.06463    0.10180    0.00000    0.00000    0.03164    0.41216    0.44477    0.25937    0.15479    0.06385    0.05517    0.87500    0.04336    0.00000
   0.05479    0.00000    0.08612    0.00000    0.11385    0.00000    0.09998    0.06216    0.00000    0.00000    0.03436    0.43288    0.00000    0.18316    0.13584    0.04378    0.06064    0.95833    0.00000    0.00289
   0.06234    0.00000    0.08488    0.00000    0.11441    0.02347    0.12469    0.05584    0.00000    0.19586    0.00000    0.43672    0.43400    0.13085    0.12919    0.05209    0.05811    0.03633    0.00000    0.00000
   0.05656    0.00000    0.05513    0.00000    0.11762    0.43476    0.09226    0.06007    0.00000    0.00000    0.07572    0.30131    0.47012    0.13948    0.16484    0.04613    0.05613    0.41075    0.04571    0.07520
   0.06529    0.00000    0.03293    0.00000    0.11825    0.07535    0.08705    0.05482    0.00000    0.06859    0.00000    0.42080    0.26763    0.14234    0.09898    0.04128    0.05148    0.35491    0.03083    0.17869
   0.05571    0.02640    0.08892    0.00000    0.10972    0.00000    0.08425    0.05499    0.00000    0.23730    0.00000    0.19898    0.39120    0.02120    0.09206    0.03559    0.05642    0.34449    0.04378    0.00000
   0.05775    0.00000    0.07903    0.00000    0.11216    0.33598    0.07339    0.05407    0.00000    0.17892    0.00000    0.55853    0.50891    0.07840    0.14561    0.04388    0.05061    0.15129    0.04594    0.00000
   0.05484    0.00000    0.05619    0.00000    0.11486    0.11641    0.07301    0.04670    0.00000    0.19653    0.00000    0.42785    0.42630    0.10306    0.13387    0.04566    0.05637    0.00000    0.03247    0.00000
   0.06561    0.00000    0.00000    0.00000    0.11118    0.08768    0.06213    0.06290    0.00000    0.16395    0.02750    0.41087    0.41514    0.07064    0.08751    0.04693    0.04945    0.31638    0.01799    0.00000
   0.05532    0.00000    0.71886    0.00000    0.11367    0.04354    0.07743    0.05552    0.00000    0.24421    0.00000    0.45906    0.45778    0.08598    0.11931    0.04290    0.05493    0.51583    0.04633    0.03704
   0.06267    0.00000    0.11467    0.00000    0.11173    0.04040    0.05751    0.05417    0.00000    0.18009    0.00000    0.46467    0.40714    0.10401    0.12224    0.04507    0.06271    0.00000    0.04809    0.00000
   0.05549    0.00000    0.48990    0.00000    0.11228    0.00588    0.07199    0.05578    0.00000    0.19637    0.00000    0.43965    0.43013    0.09459    0.10439    0.04663    0.05539    0.38016    0.02659    0.00000
   0.05198    0.00000    0.09549    0.00000    0.11363    0.02733    0.06404    0.05460    0.00000    0.18564    0.00000    0.47064    0.46505    0.14562    0.09927    0.04809    0.06559    0.02105    0.04352    0.01160
   0.06120    0.01833    0.04678    0.00000    0.11140    0.06505    0.06410    0.05620    0.04220    0.16374    0.00000    0.44247    0.39736    0.00000    0.12924    0.04582    0.06669    0.12573    0.03805    0.00000
   0.06123    0.01238    0.07765    0.04167    0.11368    0.07003    0.06601    0.05742    0.17778    0.14954    0.00000    0.44621    0.47365    0.10928    0.13812    0.04683    0.06709    0.14254    0.03571    0.00000
   0.05733    0.23629    0.07167    0.12500    0.04167    0.09070    0.07096    0.05901    0.53094    0.11215    0.00000    0.42526    0.44221    0.17122    0.14292    0.04397    0.06313    0.12938    0.03838    0.04131
   0.05766    0.00000    0.05900    0.20833    0.12500    0.07310    0.06568    0.05954    0.13335    0.09688    0.00000    0.44344    0.40613    0.17858    0.13841    0.04167    0.06313    0.08741    0.02475    0.00000
   0.06043    0.01358    0.08914    0.29167    0.20833    0.08461    0.07058    0.06222    0.22112    0.09335    0.00000    0.42476    0.44130    0.16560    0.11608    0.12500    0.06565    0.09360    0.02451    0.00000
   0.04852    0.01874    0.10752    0.37500    0.29167    0.04020    0.06075    0.05885    0.13762    0.13009    0.00000    0.43573    0.41905    0.08492    0.10621    0.20833    0.06433    0.11219    0.03908    0.02653
   0.05932    0.02331    0.06429    0.45833    0.37500    0.03649    0.06361    0.06208    0.15906    0.11395    0.00000    0.42193    0.44533    0.18776    0.10652    0.29167    0.07051    0.10387    0.02635    0.07238
   0.05606    0.03474    0.07931    0.54167    0.45833    0.06595    0.06787    0.05990    0.08281    0.09677    0.00000    0.43359    0.43213    0.12251    0.09867    0.37500    0.06446    0.07830    0.02940    0.06109
   0.05817    0.02941    0.05109    0.62500    0.54167    0.06774    0.05863    0.06091    0.19179    0.07935    0.00000    0.41983    0.48013    0.11288    0.10604    0.45833    0.07108    0.12684    0.03600    0.13061
   0.05317    0.00000    0.06255    0.70833    0.62500    0.06818    0.06047    0.06149    0.25944    0.11422    0.00000    0.41511    0.42779    0.14841    0.09840    0.54167    0.07187    0.11783    0.02925    0.12965
   0.05298    0.00000    0.06901    0.79167    0.70833    0.06792    0.06135    0.05933    0.27259    0.11892    0.04167    0.41401    0.44349    0.12723    0.09664    0.62500    0.06984    0.04551    0.03494    0.00000
   0.05721    0.02263    0.05246    0.87500    0.79167    0.08695    0.04330    0.05873    0.10269    0.12208    0.12500    0.42745    0.45393    0.15501    0.09136    0.70833    0.06638    0.00000    0.02694    0.05826
   0.05640    0.02539    0.06031    0.95833    0.87500    0.04395    0.06381    0.05939    0.15107    0.10144    0.20833    0.42937    0.44151    0.09599    0.10001    0.79167    0.07227    0.00000    0.00704    0.05299
   0.05699    0.01475    0.06694    0.60869    0.95833    0.05037    0.05756    0.05829    0.14667    0.10170    0.29167    0.42971    0.45703    0.10404    0.10239    0.87500    0.07407    0.00000    0.04394    0.07770
   0.05747    0.01296    0.06049    1.00000    0.04320    0.04941    0.04862    0.04167    0.11103    0.10938    0.37500    0.43944    0.43879    0.09545    0.11092    0.95833    0.07563    0.00000    0.05754    0.06746
   0.05673    0.02688    0.06055    0.32817    0.25905    0.05340    0.06707    0.12500    0.16573    0.10922    0.45833    0.43424    0.47930    0.09905    0.09126    0.36742    0.07253    0.00000    0.04068    0.15572
   0.05870    0.02071    0.05319    0.78397    0.25894    0.05790    0.05602    0.20833    0.14765    0.11348    0.54167    0.43343    0.44818    0.11954    0.08086    0.27520    0.07378    0.05273    0.04653    0.09040
   0.06113    0.02458    0.07008    0.61399    0.18970    0.05906    0.05576    0.29167    0.12856    0.10971    0.62500    0.42953    0.44642    0.09798    0.09125    0.41077    0.07678    0.00000    0.05495    0.21031
   0.06078    0.00917    0.07972    0.84552    0.18421    0.07231    0.05673    0.37500    0.12394    0.10622    0.70833    0.42698    0.43904    0.10371    0.08474    0.25173    0.07508    0.00000    0.07329    0.08368
   0.06291    0.04547    0.06087    0.65695    0.27285    0.05750    0.05868    0.45833    0.13768    0.10365    0.79167    0.42574    0.44888    0.11755    0.10204    0.50061    0.07554    0.00000    0.05434    0.09944
   0.06096    0.07339    0.06815    0.76278    0.17682    0.06062    0.05514    0.54167    0.13555    0.10407    0.87500    0.43392    0.45807    0.10616    0.10334    0.44794    0.07573    0.00000    0.06649    0.11358
   0.06381    0.06477    0.06178    0.62009    0.21633    0.06122    0.04167    0.62500    0.12280    0.10971    0.95833    0.43933    0.44395    0.10037    0.08735    0.43295    0.07502    0.00000    0.06716    0.09809
   0.05695    0.05057    0.05586    0.62264    0.15311    0.05827    0.12500    0.70833    0.11272    0.10554    0.23413    0.44288    0.44634    0.10613    0.08360    0.53219    0.07460    0.00000    0.08302    0.08645
   0.05187    0.05950    0.06834    0.60105    0.11149    0.06258    0.20833    0.79167    0.11862    0.10622    0.00000    0.44890    0.04167    0.10377    0.08892    0.40927    0.07761    0.00000    0.04323    0.08906
   0.05627    0.04625    0.06378    0.59827    0.07983    0.06056    0.29167    0.87500    0.10835    0.10143    0.03726    0.44423    0.12500    0.10674    0.08182    0.41801    0.04167    0.00000    0.07164    0.10001
   0.05760    0.05311    0.04167    0.60559    0.00000    0.06196    0.37500    0.95833    0.09962    0.10667    0.00000    0.44370    0.20833    0.10786    0.09474    0.33576    0.12500    0.00000    0.05745    0.08383
   0.04560    0.07665    0.12500    0.61477    0.01954    0.05760    0.45833    0.93183    0.08411    0.10454    0.00000    0.44364    0.29167    0.09517    0.08681    0.35971    0.20833    0.00000    0.06235    0.07258
   0.05849    0.06120    0.20833    0.49270    0.16174    0.06035    0.54167    0.48487    0.10448    0.11130    0.05153    0.44396    0.37500    0.07935    0.08601    0.37158    0.29167    0.00000    0.06027    0.07947
   0.04167    0.06976    0.29167    0.56200    0.09603    0.05761    0.62500    0.76587    0.08285    0.11174    0.03291    0.44174    0.45833    0.10135    0.09102    0.28235    0.37500    0.00000    0.05890    0.08667
   0.12500    0.06863    0.37500    0.57302    0.11366    0.05708    0.70833    0.72095    0.07255    0.10408    0.08252    0.43891    0.54167    0.09746    0.08832    0.19110    0.45833    0.00000    0.06444    0.08490
   0.20833    0.10650    0.45833    0.57425    0.07187    0.05779    0.79167    0.62882    0.08930    0.10763    0.06863    0.43561    0.62500    0.07919    0.08306    0.17335    0.54167    0.00000    0.06707    0.08319
   0.29167    0.07872    0.54167    0.56234    0.12460    0.05762    0.87500    0.19914    0.05959    0.10472    0.00000    0.44242    0.70833    0.10191    0.08673    0.09036    0.62500    0.00000    0.06431    0.08626
   0.37500    0.06079    0.62500    0.53661    0.11479    0.05565    0.95833    0.29487    0.04617    0.10180    0.02603    0.44394    0.79167    0.09256    0.04167    0.19805    0.70833    0.00000    0.06534    0.07537
   0.45833    0.08090    0.70833    0.55249    0.14874    0.06053    0.00000    0.60549    0.05258    0.10304    0.00000    0.44035    0.87500    0.09684    0.12500    0.57295    0.79167    0.00000    0.06969    0.08443
   0.54167    0.06780    0.79167    0.53340    0.13028    0.06028    0.28324    0.68246    0.12505    0.10297    0.01145    0.44411    0.95833    0.09460    0.20833    0.05228    0.87500    0.00000    0.07126    0.07951
   0.62500    0.06423    0.87500    0.52988    0.21536    0.04167    0.31779    0.09415    0.09702    0.10518    0.04604    0.04167    0.00924    0.09825    0.29167    0.19067    0.95833    0.00000    0.06651    0.07913
   0.70833    0.07261    0.95833    0.53259    0.14579    0.12500    0.29830    0.00000    0.00483    0.10073    0.00000    0.12500    0.05012    0.09825    0.37500    0.19243    0.89557    0.00000    0.06865    0.08032
   0.79167    0.06651    0.31369    0.50661    0.16872    0.20833    0.32106    0.11108    0.08548    0.10552    0.00000    0.20833    0.12749    0.09104    0.45833    0.16123    0.00000    0.04167    0.06823    0.08212
   0.87500    0.06911    0.42767    0.55737    0.13595    0.29167    0.25293    0.00000    0.07730    0.10060    0.00000    0.29167    0.05425    0.10233    0.54167    0.14323    0.34073    0.12500    0.07329    0.04167
   0.95833    0.07533    0.42964    0.56677    0.13625    0.37500    0.37064    0.13738    0.08264    0.10270    0.00000    0.37500    0.10637    0.09743    0.62500    0.00000    0.11569    0.20833    0.04167    0.12500
   0.00000    0.07765    0.43129    0.55154    0.14631    0.45833    0.28561    0.06697    0.07283    0.10284    0.00000    0.45833    0.00000    0.10205    0.70833    0.01403    0.19612    0.29167    0.12500    0.20833
   0.00000    0.06834    0.45006    0.53692    0.13689    0.54167    0.31033    0.07505    0.09303    0.10106    0.00000    0.54167    0.07494    0.10068    0.79167    0.12364    0.18037    0.37500    0.20833    0.29167
   0.28203    0.06935    0.55732    0.54741    0.14527    0.62500    0.32926    0.00000    0.09472    0.10183    0.00000    0.62500    0.07610    0.10226    0.87500    0.10206    0.04869    0.45833    0.29167    0.37500
   0.70316    0.06273    0.18565    0.54304    0.14147    0.70833    0.28684    0.05301    0.10659    0.10066    0.00000    0.70833    0.00000    0.09970    0.95833    0.00000    0.18936    0.54167    0.37500    0.45833
   0.08356    0.07470    0.30855    0.53969    0.13967    0.79167    0.30645    0.15136    0.09367    0.09943    0.01518    0.79167    0.00000    0.10008    0.00000    0.00000    0.07427    0.62500    0.45833    0.54167
   0.00000    0.06959    0.00000    0.54501    0.14608    0.87500    0.30190    0.13987    0.07378    0.09742    0.00000    0.87500    0.13332    0.10027    0.13095    0.00000    0.00000    0.70833    0.54167    0.62500
   0.12909    0.07438    0.31960    0.53235    0.18947    0.95833    0.27321    0.10564    0.07004    0.09509    0.00000    0.95833    0.11329    0.09946    0.18142    0.00000    0.00000    0.79167    0.62500    0.70833
   0.07856    0.06421    0.00000    0.54334    0.15763    0.00476    0.26755    0.14607    0.08057    0.09463    0.00000    0.00000    0.10054    0.09937    0.22560    0.00000    0.00000    0.87500    0.70833    0.79167
   0.14135    0.06664    0.00000    0.54696    0.15957    0.00000    0.00000    0.08139    0.08210    0.09279    0.00000    0.28948    0.10958    0.10636    0.02144    0.00000    0.00000    0.95833    0.79167    0.87500
   0.13180    0.06765    0.00000    0.54508    0.14652    0.13851    0.30228    0.08991    0.07017    0.09254    0.00000    0.34565    0.10531    0.10595    0.16169    0.00000    0.00000    0.00000    0.87500    0.95833
   0.00000    0.06343    0.00000    0.67103    0.11704    0.17648    0.22155    0.07313    0.06528    0.08970    0.00000    0.04139    0.11599    0.10336    0.00000    0.00000    0.01025    0.39368    0.95833    0.48346
   0.06606    0.07200    0.10420    0.49117    0.12248    0.14921    0.17862    0.07429    0.06193    0.04167    0.00000    0.26655    0.13866    0.10869    0.09190    0.00000    0.03678    0.52318    0.22796    0.00000
   0.00000    0.04167    0.19563    0.57120    0.10537    0.21181    0.20024    0.06701    0.04539    0.12500    0.00000    0.29309    0.10410    0.11141    0.13664    0.00000    0.00000    0.45248    0.68652    0.11195
   0.09574    0.12500    0.12927    0.53279    0.10319    0.18727    0.17149    0.03985    0.06116    0.20833    0.00000    0.25318    0.09171    0.10706    0.21328    0.00000    0.00000    0.40866    0.53571    0.10318
   0.08267    0.20833    0.16158    0.54232    0.10502    0.14174    0.05570    0.09487    0.05987    0.29167    0.00000    0.21639    0.09248    0.04167    0.27727    0.00352    0.00000    0.41141    0.87679    0.26701
   0.03945    0.29167    0.24772    0.55864    0.11832    0.11401    0.16146    0.04994    0.06564    0.37500    0.00000    0.26475    0.06995    0.12500    0.22192    0.00000    0.00076    0.50469    0.56496    0.20759
   0.00000    0.37500    0.15923    0.54389    0.11445    0.03839    0.09828    0.07749    0.06508    0.45833    0.00000    0.26425    0.10289    0.20833    0.18393    0.00000    0.00000    0.50501    0.77674    0.16615
   0.05355    0.45833    0.11745    0.54915    0.10481    0.16283    0.09976    0.10743    0.06570    0.54167    0.00293    0.24596    0.07254    0.29167    0.16432    0.00000    0.00000    0.44257    0.64795    0.13839
   0.05437    0.54167    0.15049    0.53923    0.10979    0.04591    0.09274    0.12846    0.07337    0.62500    0.00000    0.22917    0.06405    0.37500    0.17616    0.00000    0.00000    0.68032    0.70753    0.16072
   0.05362    0.62500    0.13326    0.57789    0.10701    0.05996    0.13808    0.08884    0.06270    0.70833    0.00000    0.20819    0.07099    0.45833    0.24246    0.00000    0.00000    0.63394    0.63532    0.17455
   0.06583    0.70833    0.17239    0.54901    0.13702    0.07327    0.06855    0.00000    0.05796    0.79167    0.00000    0.20784    0.07625    0.54167    0.07462    0.00000    0.00000    0.57656    0.65058    0.21839
   0.06938    0.79167    0.10708    0.54555    0.07650    0.00000    0.06066    0.00000    0.06819    0.87500    0.01177    0.20603    0.06935    0.62500    0.12485    0.00000    0.00685    0.50144    0.64793    0.17803
   0.04269    0.87500    0.11315    0.54354    0.13013    0.14086    0.00000    0.00000    0.04167    0.95833    0.03406    0.21104    0.08184    0.70833    0.15568    0.00000    0.00000    0.31355    0.63606    0.17737
   0.00000    0.95833    0.15185    0.54343    0.06427    0.00000    0.00000    0.00000    0.12500    0.81087    0.00000    0.19593    0.06690    0.79167    0.18518    0.00000    0.00000    0.50102    0.61078    0.16353
   0.06587    0.00000    0.11414    0.54579    0.11469    0.05253    0.00000    0.00000    0.20833    0.08688    0.00000    0.15512    0.07516    0.87500    0.20068    0.00000    0.00000    0.56083    0.62871    0.19744
   0.08026    0.00000    0.08524    0.54460    0.11218    0.03634    0.45785    0.00000    0.29167    0.46124    0.00000    0.00000    0.06151    0.95833    0.16316    0.00000    0.00000    0.48965    0.61300    0.17687
   0.08835    0.00000    0.13613    0.54774    0.10001    0.13036    0.04751    0.00000    0.37500    0.42273    0.00000    0.25108    0.06597    0.00000    0.14665    0.00000    0.00000    0.60621    0.59944    0.19184
   0.10551    0.00377    0.11686    0.54424    0.10693    0.18763    0.03651    0.00000    0.45833    0.56006    0.01527    0.14555    0.07003    0.01263    0.14140    0.00000    0.01271    0.48878    0.60574    0.10539
   0.06891    0.00000    0.10915    0.53945    0.10595    0.08119    0.00000    0.00000    0.54167    0.53539    0.01777    0.14769    0.06840    0.00000    0.17308    0.00000    0.00295    0.60934    0.57124    0.04168
   0.30898    0.00000    0.13144    0.54683    0.09437    0.34438    0.00000    0.00000    0.62500    0.33235    0.03285    0.11605    0.09517    0.00000    0.13076    0.00000    0.00000    0.51450    0.61182    0.09110
   0.09679    0.00000    0.10324    0.54592    0.09904    0.11173    0.00000    0.00000    0.70833    0.40186    0.03874    0.00000    0.06273    0.00000    0.13851    0.00000    0.00000    0.49672    0.60591    0.01784
   0.07716    0.00000    0.15325    0.54423    0.09099    0.09836    0.00000    0.28792    0.79167    0.45212    0.04568    0.03932    0.00962    0.00000    0.11746    0.00000    0.03607    0.52627    0.59956    0.12607
   0.12955    0.01584    0.12489    0.54233    0.09558    0.07517    0.00000    0.00000    0.87500    0.37709    0.04001    0.00000    0.00000    0.13381    0.14387    0.00000    0.00000    0.43349    0.60375    0.10969
   0.09281    0.00000    0.15825    0.54381    0.10616    0.07691    0.03536    0.00000    0.95833    0.39847    0.04905    0.00981    0.03399    0.08548    0.14533    0.00000    0.01868    0.50872    0.59462    0.28452
   0.07840    0.00000    0.15370    0.54259    0.10579    0.08790    0.08221    0.00000    0.74111    0.39147    0.03132    0.00000    0.00000    0.01543    0.07083    0.00000    0.14661    0.50756    0.58284    0.11172
   0.07576    0.00000    0.12718    0.54280    0.10253    0.11750    0.07573    0.00000    0.51677    0.38577    0.04683    0.06631    0.00000    0.15954    0.05458    0.00698    0.00576    0.51135    0.56804    0.11608
   0.08359    0.00000    0.14925    0.54297    0.10141    0.02374    0.05331    0.00000    0.35876    0.34362    0.03768    0.00000    0.01541    0.08217    0.06415    0.00000    0.01096    0.47685    0.56254    0.08741
   0.07273    0.00000    0.14180    0.54116    0.10430    0.28181    0.07581    0.00000    0.43378    0.34805    0.03878    0.13055    0.02232    0.06354    0.09247    0.00000    0.02660    0.50256    0.57696    0.07632
